actor_loss,algorithm,critic_loss,entropy,entropy_coef,episode,episode_collision_rate,episode_collisions,episode_return,episode_reward_collision,episode_reward_dist,episode_reward_energy,episode_reward_env,episode_reward_intent,episode_reward_safety,episode_reward_task,episode_reward_threat,episode_reward_time,episode_task_completion,eta,eval_collision_rate,eval_episode_collisions,eval_episode_return,eval_task_completion,potential_loss,return_mean
-0.005882032215595245,imappo,8.459844138997141e-06,0.8359982371330261,0.001,0.0,,,,,,,,,,,,,,0.5,,,,,0.032207392156124115,0.00010026559175457805
,imappo,,,,0.0,0.0,0.0,0.005013279616832733,0.0,0.0,0.0,0.0,0.005013279616832733,0.0,0.0,0.0,0.0,0.0,,,,,,,
-0.0027481575962156057,imappo,3.725817123267916e-06,0.8328111171722412,0.0009996998999666556,1.0,,,,,,,,,,,,,,0.49986662220740247,,,,,0.04239264130592346,0.0001112225218093954
,imappo,,,,1.0,0.0,0.0,0.0055611263087484986,0.0,0.0,0.0,0.0,0.0055611263087484986,0.0,0.0,0.0,0.0,0.0,,,,,,,
-0.0031940729822963476,imappo,2.6909116058959626e-05,0.8293678760528564,0.0009993997999333112,2.0,,,,,,,,,,,,,,0.49973324441480493,,,,,0.03922075778245926,0.00010657352686394006
,imappo,,,,2.0,0.0,0.0,0.005328676463250304,0.0,0.0,0.0,0.0,0.005328676463250304,0.0,0.0,0.0,0.0,0.0,,,,,,,
-0.003982478752732277,imappo,3.6994420042901766e-06,0.8261567950248718,0.0009990996998999666,3.0,,,,,,,,,,,,,,0.4995998666222074,,,,,0.035959161818027496,9.380708797834814e-05
,imappo,,,,3.0,0.0,0.0,0.0046903542715881485,0.0,0.0,0.0,0.0,0.0046903542715881485,0.0,0.0,0.0,0.0,0.0,,,,,,,
-0.0017063787672668695,imappo,6.719310931657674e-06,0.8207584619522095,0.0009987995998666222,4.0,,,,,,,,,,,,,,0.49946648882960987,,,,,0.03479846566915512,9.129445243161172e-05
,imappo,,,,4.0,0.0,0.0,0.004564722506984253,0.0,0.0,0.0,0.0,0.004564722506984253,0.0,0.0,0.0,0.0,0.0,,,,,,,
-0.0015860890271142125,imappo,2.0910470084345434e-06,0.814733624458313,0.0009984994998332778,5.0,,,,,,,,,,,,,,0.49933311103701233,,,,,0.03764749690890312,0.00010590012971078977
,imappo,,,,5.0,0.0,0.0,0.005295006303640548,0.0,0.0,0.0,0.0,0.005295006303640548,0.0,0.0,0.0,0.0,0.0,,,,,,,
-0.004794042557477951,imappo,2.4299699816765497e-06,0.8097728490829468,0.0009981993997999334,6.0,,,,,,,,,,,,,,0.4991997332444148,,,,,0.03633765131235123,9.207979746861383e-05
,imappo,,,,6.0,0.0,0.0,0.004603989622410154,0.0,0.0,0.0,0.0,0.004603989622410154,0.0,0.0,0.0,0.0,0.0,,,,,,,
-0.002449422376230359,imappo,1.1040500567105482e-06,0.8104696869850159,0.000997899299766589,7.0,,,,,,,,,,,,,,0.49906635545181727,,,,,0.03630632907152176,0.0001007348982966505
,imappo,,,,7.0,0.0,0.0,0.005036744743847521,0.0,0.0,0.0,0.0,0.005036744743847521,0.0,0.0,0.0,0.0,0.0,,,,,,,
-0.012275312095880508,imappo,5.879919058315863e-07,0.8111704587936401,0.0009975991997332445,8.0,,,,,,,,,,,,,,0.49893297765921973,,,,,0.030297953635454178,8.66077680257149e-05
,imappo,,,,8.0,0.0,0.0,0.004330387968366267,0.0,0.0,0.0,0.0,0.004330387968366267,0.0,0.0,0.0,0.0,0.0,,,,,,,
-0.014723729342222214,imappo,3.5765842198998143e-07,0.814376175403595,0.0009972990996999,9.0,,,,,,,,,,,,,,0.4987995998666222,,,,,0.028221912682056427,7.42186966817826e-05
,imappo,,,,9.0,0.0,0.0,0.0037109351324033923,0.0,0.0,0.0,0.0,0.0037109351324033923,0.0,0.0,0.0,0.0,0.0,,,,,,,
-0.006311987992376089,imappo,1.0106028724976568e-07,0.8131782412528992,0.0009969989996665555,10.0,,,,,,,,,,,,,,0.49866622207402467,,,,,0.030856698751449585,7.43778218748048e-05
,imappo,,,,10.0,0.0,0.0,0.003718890842719702,0.0,0.0,0.0,0.0,0.003718890842719702,0.0,0.0,0.0,0.0,0.0,,,,,,,
-0.011411173269152641,imappo,1.8443253679834015e-07,0.8059854507446289,0.000996698899633211,11.0,,,,,,,,,,,,,,0.49853284428142713,,,,,0.029556574299931526,6.5846492361743e-05
,imappo,,,,11.0,0.0,0.0,0.0032923247299549985,0.0,0.0,0.0,0.0,0.0032923247299549985,0.0,0.0,0.0,0.0,0.0,,,,,,,
-0.007479561958462,imappo,4.5211723431748396e-07,0.8022096753120422,0.0009963987995998667,12.0,,,,,,,,,,,,,,0.4983994664888296,,,,,0.034456945955753326,9.6365918579977e-05
,imappo,,,,12.0,0.0,0.0,0.004818295834411401,0.0,0.0,0.0,0.0,0.004818295834411401,0.0,0.0,0.0,0.0,0.0,,,,,,,
-0.004896477330476046,imappo,2.687334301754163e-07,0.795264482498169,0.0009960986995665223,13.0,,,,,,,,,,,,,,0.49826608869623207,,,,,0.032962240278720856,8.305301162181422e-05
,imappo,,,,13.0,0.0,0.0,0.004152650708419969,0.0,0.0,0.0,0.0,0.004152650708419969,0.0,0.0,0.0,0.0,0.0,,,,,,,
-0.004396446980535984,imappo,4.428534907674475e-07,0.7892154455184937,0.0009957985995331777,14.0,,,,,,,,,,,,,,0.49813271090363453,,,,,0.032577238976955414,6.558417953783646e-05
,imappo,,,,14.0,0.0,0.0,0.0032792092570161913,0.0,0.0,0.0,0.0,0.0032792092570161913,0.0,0.0,0.0,0.0,0.0,,,,,,,
-0.002701963996514678,imappo,3.160483288411342e-07,0.787764847278595,0.0009954984994998332,15.0,,,,,,,,,,,,,,0.497999333111037,,,,,0.03296639397740364,9.006215259432793e-05
,imappo,,,,15.0,0.0,0.0,0.0045031078152533155,0.0,0.0,0.0,0.0,0.0045031078152533155,0.0,0.0,0.0,0.0,0.0,,,,,,,
-0.003590590786188841,imappo,6.292481202763156e-07,0.7814168334007263,0.0009951983994664888,16.0,,,,,,,,,,,,,,0.49786595531843947,,,,,0.026847179979085922,6.328166637104005e-05
,imappo,,,,16.0,0.0,0.0,0.0031640830748074222,0.0,0.0,0.0,0.0,0.0031640830748074222,0.0,0.0,0.0,0.0,0.0,,,,,,,
-0.008061425760388374,imappo,1.7019236508986069e-07,0.7838858366012573,0.0009948982994331444,17.0,,,,,,,,,,,,,,0.49773257752584193,,,,,0.02762487530708313,5.738336767535657e-05
,imappo,,,,17.0,0.0,0.0,0.0028691684874502243,0.0,0.0,0.0,0.0,0.0028691684874502243,0.0,0.0,0.0,0.0,0.0,,,,,,,
-0.002296492923051119,imappo,5.925465629275095e-08,0.7855162620544434,0.0009945981993998,18.0,,,,,,,,,,,,,,0.4975991997332444,,,,,0.03205082565546036,8.425366104347631e-05
,imappo,,,,18.0,0.0,0.0,0.004212683157675201,0.0,0.0,0.0,0.0,0.004212683157675201,0.0,0.0,0.0,0.0,0.0,,,,,,,
-0.021927908062934875,imappo,7.955877379117737e-08,0.785417914390564,0.0009942980993664554,19.0,,,,,,,,,,,,,,0.49746582194064687,,,,,0.03455888479948044,7.824420754332095e-05
,imappo,,,,19.0,0.0,0.0,0.00391221034078626,0.0,0.0,0.0,0.0,0.00391221034078626,0.0,0.0,0.0,0.0,0.0,,,,,,,
-0.005329169798642397,imappo,5.13783469102691e-08,0.7872726917266846,0.000993997999333111,20.0,,,,,,,,,,,,,,0.49733244414804934,,,,,0.0291471928358078,6.560316978720948e-05
,imappo,,,,20.0,0.0,0.0,0.0032801588686197647,0.0,0.0,0.0,0.0,0.0032801588686197647,0.0,0.0,0.0,0.0,0.0,,,,,,,
-0.0055543105117976665,imappo,5.7145079779274965e-08,0.7808849215507507,0.0009936978992997666,21.0,,,,,,,,,,,,,,0.4971990663554518,,,,,0.030256323516368866,7.984654075698927e-05
,imappo,,,,21.0,0.0,0.0,0.003992327021478559,0.0,0.0,0.0,0.0,0.003992327021478559,0.0,0.0,0.0,0.0,0.0,,,,,,,
-0.010052749887108803,imappo,1.0527985239150439e-07,0.7780075669288635,0.0009933977992664222,22.0,,,,,,,,,,,,,,0.49706568856285427,,,,,0.035649798810482025,8.489265746902674e-05
,imappo,,,,22.0,0.0,0.0,0.004244633102644002,0.0,0.0,0.0,0.0,0.004244633102644002,0.0,0.0,0.0,0.0,0.0,,,,,,,
-0.007752035278826952,imappo,2.7774711952588405e-07,0.7742581963539124,0.0009930976992330778,23.0,,,,,,,,,,,,,,0.49693231077025674,,,,,0.02542766183614731,7.761904271319509e-05
,imappo,,,,23.0,0.0,0.0,0.0038809520774520934,0.0,0.0,0.0,0.0,0.0038809520774520934,0.0,0.0,0.0,0.0,0.0,,,,,,,
-0.00438202079385519,imappo,1.646502312269149e-07,0.7724496126174927,0.0009927975991997334,24.0,,,,,,,,,,,,,,0.4967989329776592,,,,,0.030605077743530273,7.161728717619553e-05
,imappo,,,,24.0,0.0,0.0,0.003580864668037975,0.0,0.0,0.0,0.0,0.003580864668037975,0.0,0.0,0.0,0.0,0.0,,,,,,,
-0.00981810037046671,imappo,2.9356447939221653e-08,0.7732962965965271,0.0009924974991663887,25.0,,,,,,,,,,,,,,0.49666555518506167,,,,,0.034790895879268646,6.650302384514362e-05
,imappo,,,,25.0,0.0,0.0,0.0033251512149945484,0.0,0.0,0.0,0.0,0.0033251512149945484,0.0,0.0,0.0,0.0,0.0,,,,,,,
-0.004316076636314392,imappo,0.004914782475680113,0.7675976157188416,0.0009921973991330443,26.0,,,,,,,,,,,,,,0.49653217739246414,,,,,0.03176074102520943,0.006729521788656712
,imappo,,,,26.0,0.0,0.0,0.3364760758158809,0.0,0.0,0.0,0.3333333432674408,0.0031427346330019645,0.0,0.0,0.0,0.0,0.0,,,,,,,
-0.008185243234038353,imappo,0.0005982349975965917,0.7561756372451782,0.0009918972990997,27.0,,,,,,,,,,,,,,0.4963987995998666,,,,,0.028698857873678207,8.188992796931416e-05
,imappo,,,,27.0,0.0,0.0,0.00409449636208592,0.0,0.0,0.0,0.0,0.00409449636208592,0.0,0.0,0.0,0.0,0.0,,,,,,,
-0.009387794882059097,imappo,6.2847188928571995e-06,0.7536721229553223,0.0009915971990663555,28.0,,,,,,,,,,,,,,0.49626542180726907,,,,,0.02781347557902336,7.039545016596094e-05
,imappo,,,,28.0,0.0,0.0,0.0035197726592741674,0.0,0.0,0.0,0.0,0.0035197726592741674,0.0,0.0,0.0,0.0,0.0,,,,,,,
0.0044233170337975025,imappo,4.983656253898516e-06,0.735757052898407,0.000991297099033011,29.0,,,,,,,,,,,,,,0.49613204401467154,,,,,0.02883748710155487,6.0028825828339905e-05
,imappo,,,,29.0,0.0,0.0,0.0030014413387107197,0.0,0.0,0.0,0.0,0.0030014413387107197,0.0,0.0,0.0,0.0,0.0,,,,,,,
-0.010510596446692944,imappo,2.903949962274055e-06,0.736514687538147,0.0009909969989996665,30.0,,,,,,,,,,,,,,0.495998666222074,,,,,0.031131185591220856,6.559234316227958e-05
,imappo,,,,30.0,0.0,0.0,0.0032796172145026503,0.0,0.0,0.0,0.0,0.0032796172145026503,0.0,0.0,0.0,0.0,0.0,,,,,,,
-0.0014286544173955917,imappo,0.004011188633739948,0.724657416343689,0.000990696898966322,31.0,,,,,,,,,,,,,,0.49586528842947647,,,,,0.025600822642445564,0.0067105949856340885
,imappo,,,,31.0,0.0,0.0,0.33552975209113356,0.0,0.0,0.0,0.3333333432674408,0.002196402013396437,0.0,0.0,0.0,0.0,0.0,,,,,,,
-0.01132827065885067,imappo,0.0014153303345665336,0.7089054584503174,0.0009903967989329777,32.0,,,,,,,,,,,,,,0.49573191063687894,,,,,0.032902851700782776,5.7572080550016835e-05
,imappo,,,,32.0,0.0,0.0,0.002878604109355365,0.0,0.0,0.0,0.0,0.002878604109355365,0.0,0.0,0.0,0.0,0.0,,,,,,,
0.00013411074178293347,imappo,2.3772437998559326e-05,0.6950592398643494,0.0009900966988996333,33.0,,,,,,,,,,,,,,0.4955985328442814,,,,,0.03581998869776726,7.702756556682289e-05
,imappo,,,,33.0,0.0,0.0,0.0038513784420501906,0.0,0.0,0.0,0.0,0.0038513784420501906,0.0,0.0,0.0,0.0,0.0,,,,,,,
-0.0014069380704313517,imappo,0.0027326110284775496,0.6801992058753967,0.0009897965988662888,34.0,,,,,,,,,,,,,,0.49546515505168387,,,,,0.029208332300186157,0.006739667151123285
,imappo,,,,34.0,0.0,0.0,0.33698336163070053,0.0,0.0,0.0,0.3333333432674408,0.003650008875411004,0.0,0.0,0.0,0.0,0.0,,,,,,,
-0.0029270187951624393,imappo,0.004956332966685295,0.6752490401268005,0.0009894964988329444,35.0,,,,,,,,,,,,,,0.49533177725908634,,,,,0.02616119012236595,0.006727953441441059
,imappo,,,,35.0,0.0,0.0,0.3363976809578162,0.0,0.0,0.0,0.3333333432674408,0.0030643521840829635,0.0,0.0,0.0,0.0,0.0,,,,,,,
-0.0041494001634418964,imappo,0.001688853488303721,0.6765153408050537,0.0009891963987995998,36.0,,,,,,,,,,,,,,0.4951983994664888,,,,,0.03688625991344452,4.903509761788882e-05
,imappo,,,,36.0,0.0,0.0,0.0024517550643849972,0.0,0.0,0.0,0.0,0.0024517550643849972,0.0,0.0,0.0,0.0,0.0,,,,,,,
-0.013376763090491295,imappo,0.000140046002343297,0.6896455883979797,0.0009888962987662554,37.0,,,,,,,,,,,,,,0.49506502167389127,,,,,0.0336899571120739,7.116910273907706e-05
,imappo,,,,37.0,0.0,0.0,0.003558455411621253,0.0,0.0,0.0,0.0,0.003558455411621253,0.0,0.0,0.0,0.0,0.0,,,,,,,
0.000655198295135051,imappo,0.0008573002996854484,0.6697271466255188,0.000988596198732911,38.0,,,,,,,,,,,,,,0.49493164388129374,,,,,0.030321471393108368,5.539378980756737e-05
,imappo,,,,38.0,0.0,0.0,0.002769689406704856,0.0,0.0,0.0,0.0,0.002769689406704856,0.0,0.0,0.0,0.0,0.0,,,,,,,
-0.005873647518455982,imappo,4.147965955780819e-05,0.6771847605705261,0.0009882960986995666,39.0,,,,,,,,,,,,,,0.49479826608869626,,,,,0.028185825794935226,7.287264452315867e-05
,imappo,,,,39.0,0.0,0.0,0.0036436323935049586,0.0,0.0,0.0,0.0,0.0036436323935049586,0.0,0.0,0.0,0.0,0.0,,,,,,,
-0.002851881319656968,imappo,7.53926724428311e-05,0.6590557098388672,0.0009879959986662222,40.0,,,,,,,,,,,,,,0.4946648882960987,,,,,0.03758685663342476,8.497192175127566e-05
,imappo,,,,40.0,0.0,0.0,0.004248596273100702,0.0,0.0,0.0,0.0,0.004248596273100702,0.0,0.0,0.0,0.0,0.0,,,,,,,
-0.005704838316887617,imappo,1.6153195247170515e-05,0.624726414680481,0.0009876958986328776,41.0,,,,,,,,,,,,,,0.4945315105035012,,,,,0.02970895729959011,6.553918501595035e-05
,imappo,,,,41.0,0.0,0.0,0.0032769591134638176,0.0,0.0,0.0,0.0,0.0032769591134638176,0.0,0.0,0.0,0.0,0.0,,,,,,,
-0.008905948139727116,imappo,1.905363933474291e-05,0.6373025178909302,0.0009873957985995331,42.0,,,,,,,,,,,,,,0.49439813271090366,,,,,0.03592725470662117,9.487958595855162e-05
,imappo,,,,42.0,0.0,0.0,0.004743979159684386,0.0,0.0,0.0,0.0,0.004743979159684386,0.0,0.0,0.0,0.0,0.0,,,,,,,
0.001407515024766326,imappo,8.640950545668602e-05,0.6167834401130676,0.0009870956985661887,43.0,,,,,,,,,,,,,,0.4942647549183061,,,,,0.030800562351942062,7.210909097921103e-05
,imappo,,,,43.0,0.0,0.0,0.003605454861826729,0.0,0.0,0.0,0.0,0.003605454861826729,0.0,0.0,0.0,0.0,0.0,,,,,,,
-0.010368313640356064,imappo,1.3009909707761835e-05,0.640154242515564,0.0009867955985328443,44.0,,,,,,,,,,,,,,0.4941313771257086,,,,,0.029779471457004547,7.524822285631672e-05
,imappo,,,,44.0,0.0,0.0,0.0037624110464093974,0.0,0.0,0.0,0.0,0.0037624110464093974,0.0,0.0,0.0,0.0,0.0,,,,,,,
-0.0038076092023402452,imappo,3.378961264388636e-05,0.6086409687995911,0.0009864954984995,45.0,,,,,,,,,,,,,,0.49399799933311106,,,,,0.032303549349308014,7.732499943813309e-05
,imappo,,,,45.0,0.0,0.0,0.0038662502593069803,0.0,0.0,0.0,0.0,0.0038662502593069803,0.0,0.0,0.0,0.0,0.0,,,,,,,
-0.007446877658367157,imappo,3.7983948004693957e-06,0.6249408721923828,0.0009861953984661555,46.0,,,,,,,,,,,,,,0.4938646215405135,,,,,0.033677902072668076,6.861964357085526e-05
,imappo,,,,46.0,0.0,0.0,0.0034309822112845723,0.0,0.0,0.0,0.0,0.0034309822112845723,0.0,0.0,0.0,0.0,0.0,,,,,,,
-0.0104866623878479,imappo,4.188776802038774e-05,0.5964880585670471,0.0009858952984328109,47.0,,,,,,,,,,,,,,0.493731243747916,,,,,0.02896391600370407,7.977199129527435e-05
,imappo,,,,47.0,0.0,0.0,0.0039885992991912644,0.0,0.0,0.0,0.0,0.0039885992991912644,0.0,0.0,0.0,0.0,0.0,,,,,,,
0.0029228092171251774,imappo,9.126498298428487e-06,0.5879915356636047,0.0009855951983994665,48.0,,,,,,,,,,,,,,0.49359786595531846,,,,,0.031414832919836044,9.056949056684971e-05
,imappo,,,,48.0,0.0,0.0,0.004528473953541834,0.0,0.0,0.0,0.0,0.004528473953541834,0.0,0.0,0.0,0.0,0.0,,,,,,,
-0.001985326176509261,imappo,0.00011432902101660147,0.5632601976394653,0.000985295098366122,49.0,,,,,,,,,,,,,,0.4934644881627209,,,,,0.03162433207035065,6.980675971135497e-05
,imappo,,,,49.0,0.0,0.0,0.0034903378782473737,0.0,0.0,0.0,0.0,0.0034903378782473737,0.0,0.0,0.0,0.0,0.0,,,,,,,
-0.011894731782376766,imappo,0.00010110600851476192,0.564496636390686,0.0009849949983327777,50.0,,,,,,,,,,,,,,0.4933311103701234,,,,,0.029389075934886932,8.594992686994374e-05
,imappo,,,,50.0,0.0,0.0,0.004297496383514954,0.0,0.0,0.0,0.0,0.004297496383514954,0.0,0.0,0.0,0.0,0.0,,,,,,,
-0.0018826578743755817,imappo,0.000175817112904042,0.5832006931304932,0.0009846948982994333,51.0,,,,,,,,,,,,,,0.49319773257752586,,,,,0.031503453850746155,5.097030589240603e-05
,imappo,,,,51.0,0.0,0.0,0.002548515336457058,0.0,0.0,0.0,0.0,0.002548515336457058,0.0,0.0,0.0,0.0,0.0,,,,,,,
0.0003858635318465531,imappo,9.949834930012003e-05,0.5678237080574036,0.0009843947982660886,52.0,,,,,,,,,,,,,,0.4930643547849283,,,,,0.0296359583735466,6.427233893191442e-05
,imappo,,,,52.0,0.0,0.0,0.0032136169993464136,0.0,0.0,0.0,0.0,0.0032136169993464136,0.0,0.0,0.0,0.0,0.0,,,,,,,
-0.008734937757253647,imappo,0.00010177333751926199,0.568098247051239,0.0009840946982327442,53.0,,,,,,,,,,,,,,0.4929309769923308,,,,,0.03301681578159332,7.889532571425661e-05
,imappo,,,,53.0,0.0,0.0,0.003944766020140378,0.0,0.0,0.0,0.0,0.003944766020140378,0.0,0.0,0.0,0.0,0.0,,,,,,,
-0.011518726125359535,imappo,6.726021820213646e-05,0.5612177848815918,0.0009837945981993998,54.0,,,,,,,,,,,,,,0.49279759919973326,,,,,0.033790796995162964,8.455789793515578e-05
,imappo,,,,54.0,0.0,0.0,0.004227894758514594,0.0,0.0,0.0,0.0,0.004227894758514594,0.0,0.0,0.0,0.0,0.0,,,,,,,
0.0026178874541074038,imappo,0.00012735676136799157,0.5496266484260559,0.0009834944981660554,55.0,,,,,,,,,,,,,,0.4926642214071357,,,,,0.031708553433418274,7.224846194731072e-05
,imappo,,,,55.0,0.0,0.0,0.0036124232301517623,0.0,0.0,0.0,0.0,0.0036124232301517623,0.0,0.0,0.0,0.0,0.0,,,,,,,
-0.0061454470269382,imappo,0.00010981858940795064,0.555300772190094,0.000983194398132711,56.0,,,,,,,,,,,,,,0.4925308436145382,,,,,0.032029666006565094,7.332582754315808e-05
,imappo,,,,56.0,0.0,0.0,0.0036662913280451903,0.0,0.0,0.0,0.0,0.0036662913280451903,0.0,0.0,0.0,0.0,0.0,,,,,,,
-0.006610743701457977,imappo,9.359046816825867e-05,0.5636606216430664,0.0009828942980993664,57.0,,,,,,,,,,,,,,0.49239746582194066,,,,,0.02877720072865486,8.348411211045459e-05
,imappo,,,,57.0,0.0,0.0,0.004174205289018573,0.0,0.0,0.0,0.0,0.004174205289018573,0.0,0.0,0.0,0.0,0.0,,,,,,,
-0.012781898491084576,imappo,8.370945579372346e-05,0.5461015105247498,0.000982594198066022,58.0,,,,,,,,,,,,,,0.4922640880293431,,,,,0.0332677885890007,8.850903395796195e-05
,imappo,,,,58.0,0.0,0.0,0.004425451897986932,0.0,0.0,0.0,0.0,0.004425451897986932,0.0,0.0,0.0,0.0,0.0,,,,,,,
0.0024972984101623297,imappo,0.00011972924403380603,0.47489607334136963,0.0009822940980326776,59.0,,,,,,,,,,,,,,0.4921307102367456,,,,,0.030211903154850006,7.817721052560955e-05
,imappo,,,,59.0,0.0,0.0,0.003908860599040054,0.0,0.0,0.0,0.0,0.003908860599040054,0.0,0.0,0.0,0.0,0.0,,,,,,,
-0.008414575830101967,imappo,8.796823385637254e-05,0.48492231965065,0.0009819939979993331,60.0,,,,,,,,,,,,,,0.49199733244414806,,,,,0.026938393712043762,5.778448030469008e-05
,imappo,,,,60.0,0.0,0.0,0.002889224164391635,0.0,0.0,0.0,0.0,0.002889224164391635,0.0,0.0,0.0,0.0,0.0,,,,,,,
0.006316763814538717,imappo,9.832404612097889e-05,0.4761452376842499,0.0009816938979659887,61.0,,,,,,,,,,,,,,0.49186395465155053,,,,,0.030709005892276764,7.516474579460919e-05
,imappo,,,,61.0,0.0,0.0,0.00375823716603918,0.0,0.0,0.0,0.0,0.00375823716603918,0.0,0.0,0.0,0.0,0.0,,,,,,,
-0.007808221038430929,imappo,0.00010153240873478353,0.4736264944076538,0.0009813937979326443,62.0,,,,,,,,,,,,,,0.491730576858953,,,,,0.03234798461198807,6.930554081918672e-05
,imappo,,,,62.0,0.0,0.0,0.003465277235591202,0.0,0.0,0.0,0.0,0.003465277235591202,0.0,0.0,0.0,0.0,0.0,,,,,,,
-0.00020130854682065547,imappo,8.534912194591016e-05,0.5426195859909058,0.0009810936978992997,63.0,,,,,,,,,,,,,,0.49159719906635546,,,,,0.035598598420619965,7.419454050250351e-05
,imappo,,,,63.0,0.0,0.0,0.0037097272179380525,0.0,0.0,0.0,0.0,0.0037097272179380525,0.0,0.0,0.0,0.0,0.0,,,,,,,
-0.003166190115734935,imappo,7.303000165848061e-05,0.5455372333526611,0.0009807935978659553,64.0,,,,,,,,,,,,,,0.49146382127375793,,,,,0.035168737173080444,8.825489203445613e-05
,imappo,,,,64.0,0.0,0.0,0.004412744656292489,0.0,0.0,0.0,0.0,0.004412744656292489,0.0,0.0,0.0,0.0,0.0,,,,,,,
-0.0034664336126297712,imappo,7.114149047993124e-05,0.5350507497787476,0.0009804934978326109,65.0,,,,,,,,,,,,,,0.4913304434811604,,,,,0.029505129903554916,8.154488750733435e-05
,imappo,,,,65.0,0.0,0.0,0.004077244146174053,0.0,0.0,0.0,0.0,0.004077244146174053,0.0,0.0,0.0,0.0,0.0,,,,,,,
-0.0011464986018836498,imappo,5.834102921653539e-05,0.5087156891822815,0.0009801933977992665,66.0,,,,,,,,,,,,,,0.49119706568856286,,,,,0.02623903378844261,5.6113294704118744e-05
,imappo,,,,66.0,0.0,0.0,0.002805664491461357,0.0,0.0,0.0,0.0,0.002805664491461357,0.0,0.0,0.0,0.0,0.0,,,,,,,
-0.0034639646764844656,imappo,4.0872117097023875e-05,0.5294932126998901,0.000979893297765922,67.0,,,,,,,,,,,,,,0.49106368789596533,,,,,0.030503051355481148,8.11864883871749e-05
,imappo,,,,67.0,0.0,0.0,0.004059324579429813,0.0,0.0,0.0,0.0,0.004059324579429813,0.0,0.0,0.0,0.0,0.0,,,,,,,
-0.004951483570039272,imappo,3.894011751981452e-05,0.5414463877677917,0.0009795931977325774,68.0,,,,,,,,,,,,,,0.4909303101033678,,,,,0.029578153043985367,7.36521469661966e-05
,imappo,,,,68.0,0.0,0.0,0.003682607588416431,0.0,0.0,0.0,0.0,0.003682607588416431,0.0,0.0,0.0,0.0,0.0,,,,,,,
0.004769524093717337,imappo,2.541762478358578e-05,0.5800575613975525,0.000979293097699233,69.0,,,,,,,,,,,,,,0.49079693231077026,,,,,0.02770799770951271,8.079277176875621e-05
,imappo,,,,69.0,0.0,0.0,0.0040396389085799456,0.0,0.0,0.0,0.0,0.0040396389085799456,0.0,0.0,0.0,0.0,0.0,,,,,,,
-0.0015507950447499752,imappo,1.945250369317364e-05,0.6205410957336426,0.0009789929976658886,70.0,,,,,,,,,,,,,,0.49066355451817273,,,,,0.03336155414581299,6.850982754258439e-05
,imappo,,,,70.0,0.0,0.0,0.00342549154356675,0.0,0.0,0.0,0.0,0.00342549154356675,0.0,0.0,0.0,0.0,0.0,,,,,,,
-0.005541662219911814,imappo,1.0610690878820606e-05,0.6370190978050232,0.0009786928976325442,71.0,,,,,,,,,,,,,,0.4905301767255752,,,,,0.03472742438316345,7.825256034266204e-05
,imappo,,,,71.0,0.0,0.0,0.003912628086254699,0.0,0.0,0.0,0.0,0.003912628086254699,0.0,0.0,0.0,0.0,0.0,,,,,,,
0.004159598611295223,imappo,8.663076187076513e-06,0.6063652634620667,0.0009783927975991998,72.0,,,,,,,,,,,,,,0.49039679893297766,,,,,0.030078578740358353,7.257089600898325e-05
,imappo,,,,72.0,0.0,0.0,0.0036285451424191706,0.0,0.0,0.0,0.0,0.0036285451424191706,0.0,0.0,0.0,0.0,0.0,,,,,,,
-0.002209325786679983,imappo,8.102322681224905e-06,0.6177845001220703,0.0009780926975658554,73.0,,,,,,,,,,,,,,0.49026342114038013,,,,,0.02895967662334442,7.201048720162362e-05
,imappo,,,,73.0,0.0,0.0,0.003600524356443202,0.0,0.0,0.0,0.0,0.003600524356443202,0.0,0.0,0.0,0.0,0.0,,,,,,,
-0.0029501167591661215,imappo,5.184881047171075e-06,0.6298226118087769,0.0009777925975325108,74.0,,,,,,,,,,,,,,0.4901300433477826,,,,,0.03245456516742706,7.777244900353253e-05
,imappo,,,,74.0,0.0,0.0,0.0038886225047463086,0.0,0.0,0.0,0.0,0.0038886225047463086,0.0,0.0,0.0,0.0,0.0,,,,,,,
-0.005540315993130207,imappo,5.5905406952661e-06,0.5798277258872986,0.0009774924974991664,75.0,,,,,,,,,,,,,,0.48999666555518506,,,,,0.0332443043589592,7.860622281441465e-05
,imappo,,,,75.0,0.0,0.0,0.0039303111407207325,0.0,0.0,0.0,0.0,0.0039303111407207325,0.0,0.0,0.0,0.0,0.0,,,,,,,
-0.003426804905757308,imappo,4.070002887601731e-06,0.5928754806518555,0.000977192397465822,76.0,,,,,,,,,,,,,,0.48986328776258753,,,,,0.029737159609794617,6.992003909545019e-05
,imappo,,,,76.0,0.0,0.0,0.0034960020802827785,0.0,0.0,0.0,0.0,0.0034960020802827785,0.0,0.0,0.0,0.0,0.0,,,,,,,
-0.0101435836404562,imappo,3.427552883294993e-06,0.5777870416641235,0.0009768922974324776,77.0,,,,,,,,,,,,,,0.48972990996999,,,,,0.029866434633731842,7.63370844651945e-05
,imappo,,,,77.0,0.0,0.0,0.003816854256001534,0.0,0.0,0.0,0.0,0.003816854256001534,0.0,0.0,0.0,0.0,0.0,,,,,,,
0.0019976606126874685,imappo,2.9309587716852548e-06,0.5892797708511353,0.0009765921973991331,78.0,,,,,,,,,,,,,,0.48959653217739246,,,,,0.03478282690048218,7.971611194079742e-05
,imappo,,,,78.0,0.0,0.0,0.003985805367847206,0.0,0.0,0.0,0.0,0.003985805367847206,0.0,0.0,0.0,0.0,0.0,,,,,,,
0.0005583766032941639,imappo,1.981519289984135e-06,0.5589107871055603,0.0009762920973657886,79.0,,,,,,,,,,,,,,0.48946315438479493,,,,,0.03260605037212372,7.99178596935235e-05
,imappo,,,,79.0,0.0,0.0,0.0039958931520232,0.0,0.0,0.0,0.0,0.0039958931520232,0.0,0.0,0.0,0.0,0.0,,,,,,,
-0.011165255680680275,imappo,1.155190489043889e-06,0.5305996537208557,0.0009759919973324441,80.0,,,,,,,,,,,,,,0.4893297765921974,,,,,0.03289944678544998,7.761369488434866e-05
,imappo,,,,80.0,0.0,0.0,0.003880684744217433,0.0,0.0,0.0,0.0,0.003880684744217433,0.0,0.0,0.0,0.0,0.0,,,,,,,
0.00313353119418025,imappo,8.561816571273084e-07,0.5246077179908752,0.0009756918972990997,81.0,,,,,,,,,,,,,,0.48919639879959986,,,,,0.028500791639089584,7.463460497092456e-05
,imappo,,,,81.0,0.0,0.0,0.0037317305177566595,0.0,0.0,0.0,0.0,0.0037317305177566595,0.0,0.0,0.0,0.0,0.0,,,,,,,
-0.007798331789672375,imappo,7.438429179273953e-07,0.5020637512207031,0.0009753917972657553,82.0,,,,,,,,,,,,,,0.48906302100700233,,,,,0.03264626860618591,7.617006485816091e-05
,imappo,,,,82.0,0.0,0.0,0.003808503388427198,0.0,0.0,0.0,0.0,0.003808503388427198,0.0,0.0,0.0,0.0,0.0,,,,,,,
-0.0006851260550320148,imappo,2.457170467096148e-07,0.5150058269500732,0.0009750916972324108,83.0,,,,,,,,,,,,,,0.4889296432144048,,,,,0.027409007772803307,7.153907063184306e-05
,imappo,,,,83.0,0.0,0.0,0.0035769535142264886,0.0,0.0,0.0,0.0,0.0035769535142264886,0.0,0.0,0.0,0.0,0.0,,,,,,,
-0.0077445413917303085,imappo,2.5568570549694414e-07,0.5475343465805054,0.0009747915971990664,84.0,,,,,,,,,,,,,,0.48879626542180726,,,,,0.034295663237571716,7.766269118292257e-05
,imappo,,,,84.0,0.0,0.0,0.003883134497300489,0.0,0.0,0.0,0.0,0.003883134497300489,0.0,0.0,0.0,0.0,0.0,,,,,,,
-0.006620728876441717,imappo,3.201290041943139e-07,0.5179025530815125,0.000974491497165722,85.0,,,,,,,,,,,,,,0.48866288762920973,,,,,0.030631691217422485,7.58945316192694e-05
,imappo,,,,85.0,0.0,0.0,0.003794726238993462,0.0,0.0,0.0,0.0,0.003794726238993462,0.0,0.0,0.0,0.0,0.0,,,,,,,
-0.006934633478522301,imappo,3.794689860114886e-07,0.5306384563446045,0.0009741913971323774,86.0,,,,,,,,,,,,,,0.4885295098366122,,,,,0.03167291358113289,7.435461157001555e-05
,imappo,,,,86.0,0.0,0.0,0.003717730778589612,0.0,0.0,0.0,0.0,0.003717730778589612,0.0,0.0,0.0,0.0,0.0,,,,,,,
0.0025391809176653624,imappo,6.4879145611485e-07,0.5128376483917236,0.000973891297099033,87.0,,,,,,,,,,,,,,0.48839613204401466,,,,,0.028964834287762642,7.137659849831834e-05
,imappo,,,,87.0,0.0,0.0,0.00356882994674379,0.0,0.0,0.0,0.0,0.00356882994674379,0.0,0.0,0.0,0.0,0.0,,,,,,,
-0.005116805899888277,imappo,3.912275019501976e-07,0.5563101768493652,0.0009735911970656886,88.0,,,,,,,,,,,,,,0.48826275425141713,,,,,0.02812257967889309,7.517491758335382e-05
,imappo,,,,88.0,0.0,0.0,0.0037587459446513094,0.0,0.0,0.0,0.0,0.0037587459446513094,0.0,0.0,0.0,0.0,0.0,,,,,,,
0.0021004327572882175,imappo,4.284410124455462e-07,0.5157796144485474,0.0009732910970323441,89.0,,,,,,,,,,,,,,0.4881293764588196,,,,,0.03070482239127159,6.989697430981323e-05
,imappo,,,,89.0,0.0,0.0,0.0034948488137160894,0.0,0.0,0.0,0.0,0.0034948488137160894,0.0,0.0,0.0,0.0,0.0,,,,,,,
-0.003634833497926593,imappo,1.8938267487556004e-07,0.5919615626335144,0.0009729909969989997,90.0,,,,,,,,,,,,,,0.48799599866622206,,,,,0.033548496663570404,7.414741412503645e-05
,imappo,,,,90.0,0.0,0.0,0.0037073708772368263,0.0,0.0,0.0,0.0,0.0037073708772368263,0.0,0.0,0.0,0.0,0.0,,,,,,,
0.0034457710571587086,imappo,6.923175988049479e-08,0.5445387959480286,0.0009726908969656552,91.0,,,,,,,,,,,,,,0.48786262087362453,,,,,0.03280731290578842,7.659311086172238e-05
,imappo,,,,91.0,0.0,0.0,0.00382965553944814,0.0,0.0,0.0,0.0,0.00382965553944814,0.0,0.0,0.0,0.0,0.0,,,,,,,
-0.0026399537455290556,imappo,1.8939687151942053e-07,0.520724356174469,0.0009723907969323108,92.0,,,,,,,,,,,,,,0.487729243081027,,,,,0.02782510593533516,7.218630344141275e-05
,imappo,,,,92.0,0.0,0.0,0.0036093152666580863,0.0,0.0,0.0,0.0,0.0036093152666580863,0.0,0.0,0.0,0.0,0.0,,,,,,,
-0.004596970044076443,imappo,9.281932022986439e-08,0.6021119356155396,0.0009720906968989664,93.0,,,,,,,,,,,,,,0.48759586528842946,,,,,0.028710531070828438,6.777431553928182e-05
,imappo,,,,93.0,0.0,0.0,0.0033887159552250523,0.0,0.0,0.0,0.0,0.0033887159552250523,0.0,0.0,0.0,0.0,0.0,,,,,,,
-0.009276636876165867,imappo,1.8761411979539844e-07,0.6228466033935547,0.0009717905968656219,94.0,,,,,,,,,,,,,,0.48746248749583193,,,,,0.02728940173983574,6.68793945806101e-05
,imappo,,,,94.0,0.0,0.0,0.0033439700346207246,0.0,0.0,0.0,0.0,0.0033439700346207246,0.0,0.0,0.0,0.0,0.0,,,,,,,
-0.005563627928495407,imappo,1.429127109986439e-07,0.61455237865448,0.0009714904968322775,95.0,,,,,,,,,,,,,,0.4873291097032344,,,,,0.030640440061688423,7.151505269575864e-05
,imappo,,,,95.0,0.0,0.0,0.003575752463802928,0.0,0.0,0.0,0.0,0.003575752463802928,0.0,0.0,0.0,0.0,0.0,,,,,,,
-0.009754141792654991,imappo,9.415409607527181e-08,0.6767229437828064,0.000971190396798933,96.0,,,,,,,,,,,,,,0.48719573191063686,,,,,0.03047219105064869,7.671545608900487e-05
,imappo,,,,96.0,0.0,0.0,0.003835772538877791,0.0,0.0,0.0,0.0,0.003835772538877791,0.0,0.0,0.0,0.0,0.0,,,,,,,
-0.0032575633376836777,imappo,8.152807140504592e-08,0.7060421109199524,0.0009708902967655885,97.0,,,,,,,,,,,,,,0.48706235411803933,,,,,0.03165607899427414,7.136484782677144e-05
,imappo,,,,97.0,0.0,0.0,0.00356824264054012,0.0,0.0,0.0,0.0,0.00356824264054012,0.0,0.0,0.0,0.0,0.0,,,,,,,
-0.00864245556294918,imappo,4.3492875079209625e-08,0.7096234560012817,0.0009705901967322441,98.0,,,,,,,,,,,,,,0.4869289763254418,,,,,0.029025502502918243,7.504408858949319e-05
,imappo,,,,98.0,0.0,0.0,0.0037522045531659387,0.0,0.0,0.0,0.0,0.0037522045531659387,0.0,0.0,0.0,0.0,0.0,,,,,,,
-0.007173855323344469,imappo,3.1558151647459454e-08,0.6994896531105042,0.0009702900966988997,99.0,,,,,,,,,,,,,,0.48679559853284426,,,,,0.03147464990615845,7.843416824471205e-05
,imappo,,,,99.0,0.0,0.0,0.003921708739653695,0.0,0.0,0.0,0.0,0.003921708739653695,0.0,0.0,0.0,0.0,0.0,,,,,,,
,imappo,,,,99.0,,,,,,,,,,,,,,,0.0,0.0,0.0,0.0,,
-0.009491575881838799,imappo,1.10503670214257e-07,0.702440619468689,0.0009699899966655552,100.0,,,,,,,,,,,,,,0.48666222074024673,,,,,0.028693366795778275,6.444901373470202e-05
,imappo,,,,100.0,0.0,0.0,0.0032224508158833487,0.0,0.0,0.0,0.0,0.0032224508158833487,0.0,0.0,0.0,0.0,0.0,,,,,,,
0.008369013667106628,imappo,2.626389239424043e-08,0.6317800879478455,0.0009696898966322108,101.0,,,,,,,,,,,,,,0.4865288429476492,,,,,0.028842326253652573,7.970974547788501e-05
,imappo,,,,101.0,0.0,0.0,0.003985487488535,0.0,0.0,0.0,0.0,0.003985487488535,0.0,0.0,0.0,0.0,0.0,,,,,,,
0.006203968543559313,imappo,1.4067877884826885e-07,0.643308162689209,0.0009693897965988663,102.0,,,,,,,,,,,,,,0.48639546515505167,,,,,0.033710893243551254,7.974769687280059e-05
,imappo,,,,102.0,0.0,0.0,0.0039873852001619525,0.0,0.0,0.0,0.0,0.0039873852001619525,0.0,0.0,0.0,0.0,0.0,,,,,,,
0.0023757172748446465,imappo,7.457418149670048e-08,0.610373318195343,0.0009690896965655219,103.0,,,,,,,,,,,,,,0.48626208736245413,,,,,0.026773106306791306,7.797856233082712e-05
,imappo,,,,103.0,0.0,0.0,0.0038989282038528472,0.0,0.0,0.0,0.0,0.0038989282038528472,0.0,0.0,0.0,0.0,0.0,,,,,,,
-0.0048661064356565475,imappo,4.9074266428306146e-08,0.6378017663955688,0.0009687895965321775,104.0,,,,,,,,,,,,,,0.4861287095698566,,,,,0.030181022360920906,7.353868568316102e-05
,imappo,,,,104.0,0.0,0.0,0.003676934036775492,0.0,0.0,0.0,0.0,0.003676934036775492,0.0,0.0,0.0,0.0,0.0,,,,,,,
-0.00600816123187542,imappo,5.0872667856083353e-08,0.6673712134361267,0.0009684894964988329,105.0,,,,,,,,,,,,,,0.48599533177725907,,,,,0.031309932470321655,7.84277290222235e-05
,imappo,,,,105.0,0.0,0.0,0.0039213859163282905,0.0,0.0,0.0,0.0,0.0039213859163282905,0.0,0.0,0.0,0.0,0.0,,,,,,,
0.0009017422562465072,imappo,3.2893666457312065e-08,0.7015273571014404,0.0009681893964654885,106.0,,,,,,,,,,,,,,0.48586195398466153,,,,,0.028865456581115723,7.204149005701765e-05
,imappo,,,,106.0,0.0,0.0,0.0036020742954860907,0.0,0.0,0.0,0.0,0.0036020742954860907,0.0,0.0,0.0,0.0,0.0,,,,,,,
-0.004096826072782278,imappo,7.184011963090597e-08,0.7219277620315552,0.0009678892964321441,107.0,,,,,,,,,,,,,,0.485728576192064,,,,,0.03074873425066471,7.718431152170524e-05
,imappo,,,,107.0,0.0,0.0,0.003859215314150788,0.0,0.0,0.0,0.0,0.003859215314150788,0.0,0.0,0.0,0.0,0.0,,,,,,,
-0.004395209718495607,imappo,8.345445934310192e-08,0.7321503162384033,0.0009675891963987996,108.0,,,,,,,,,,,,,,0.48559519839946647,,,,,0.03298580273985863,7.267224282259122e-05
,imappo,,,,108.0,0.0,0.0,0.003633612024714239,0.0,0.0,0.0,0.0,0.003633612024714239,0.0,0.0,0.0,0.0,0.0,,,,,,,
-0.0023466655984520912,imappo,9.563554925762219e-08,0.7388314008712769,0.0009672890963654552,109.0,,,,,,,,,,,,,,0.48546182060686893,,,,,0.028491977602243423,6.855093670310453e-05
,imappo,,,,109.0,0.0,0.0,0.0034275466550752753,0.0,0.0,0.0,0.0,0.0034275466550752753,0.0,0.0,0.0,0.0,0.0,,,,,,,
-0.007113918662071228,imappo,2.3189850040239435e-08,0.7558151483535767,0.0009669889963321107,110.0,,,,,,,,,,,,,,0.4853284428142714,,,,,0.032131291925907135,7.211554475361481e-05
,imappo,,,,110.0,0.0,0.0,0.0036057770339539275,0.0,0.0,0.0,0.0,0.0036057770339539275,0.0,0.0,0.0,0.0,0.0,,,,,,,
-0.010587398894131184,imappo,2.869317938802851e-08,0.7269747853279114,0.0009666888962987663,111.0,,,,,,,,,,,,,,0.48519506502167387,,,,,0.02614559233188629,6.811865750933066e-05
,imappo,,,,111.0,0.0,0.0,0.0034059330901072826,0.0,0.0,0.0,0.0,0.0034059330901072826,0.0,0.0,0.0,0.0,0.0,,,,,,,
-0.011364670470356941,imappo,2.283841205041881e-08,0.7392088174819946,0.0009663887962654219,112.0,,,,,,,,,,,,,,0.48506168722907633,,,,,0.03762375935912132,8.204743062378839e-05
,imappo,,,,112.0,0.0,0.0,0.00410237140749814,0.0,0.0,0.0,0.0,0.00410237140749814,0.0,0.0,0.0,0.0,0.0,,,,,,,
-0.0032369126565754414,imappo,2.589363390370636e-08,0.7256661057472229,0.0009660886962320773,113.0,,,,,,,,,,,,,,0.4849283094364788,,,,,0.03132016211748123,7.433261635014787e-05
,imappo,,,,113.0,0.0,0.0,0.0037166308793530334,0.0,0.0,0.0,0.0,0.0037166308793530334,0.0,0.0,0.0,0.0,0.0,,,,,,,
-0.004682311788201332,imappo,6.018493081683118e-08,0.7110376954078674,0.0009657885961987329,114.0,,,,,,,,,,,,,,0.4847949316438813,,,,,0.024895142763853073,7.108975842129439e-05
,imappo,,,,114.0,0.0,0.0,0.003554488081135787,0.0,0.0,0.0,0.0,0.003554488081135787,0.0,0.0,0.0,0.0,0.0,,,,,,,
-0.007700120098888874,imappo,2.4355131245101802e-08,0.7387690544128418,0.0009654884961653885,115.0,,,,,,,,,,,,,,0.48466155385128373,,,,,0.0340152233839035,7.560353697044775e-05
,imappo,,,,115.0,0.0,0.0,0.003780176721193129,0.0,0.0,0.0,0.0,0.003780176721193129,0.0,0.0,0.0,0.0,0.0,,,,,,,
-0.007053739856928587,imappo,5.588220020058543e-08,0.7530605792999268,0.000965188396132044,116.0,,,,,,,,,,,,,,0.48452817605868626,,,,,0.03235244378447533,7.18319060979411e-05
,imappo,,,,116.0,0.0,0.0,0.003591595268517267,0.0,0.0,0.0,0.0,0.003591595268517267,0.0,0.0,0.0,0.0,0.0,,,,,,,
-0.0048090447671711445,imappo,2.4470891091254998e-08,0.7525861859321594,0.0009648882960986996,117.0,,,,,,,,,,,,,,0.4843947982660887,,,,,0.031765975058078766,7.390108658000827e-05
,imappo,,,,117.0,0.0,0.0,0.00369505430899153,0.0,0.0,0.0,0.0,0.00369505430899153,0.0,0.0,0.0,0.0,0.0,,,,,,,
-0.007000083103775978,imappo,1.1408279654290254e-08,0.7619231343269348,0.0009645881960653551,118.0,,,,,,,,,,,,,,0.4842614204734912,,,,,0.028702687472105026,7.123577233869582e-05
,imappo,,,,118.0,0.0,0.0,0.003561788696970325,0.0,0.0,0.0,0.0,0.003561788696970325,0.0,0.0,0.0,0.0,0.0,,,,,,,
-0.009645977057516575,imappo,2.765533224646788e-08,0.7570418119430542,0.0009642880960320107,119.0,,,,,,,,,,,,,,0.48412804268089366,,,,,0.03205106407403946,9.137872257269919e-05
,imappo,,,,119.0,0.0,0.0,0.004568936437863158,0.0,0.0,0.0,0.0,0.004568936437863158,0.0,0.0,0.0,0.0,0.0,,,,,,,
-0.013127243146300316,imappo,5.4939942373266604e-08,0.772597074508667,0.0009639879959986663,120.0,,,,,,,,,,,,,,0.4839946648882961,,,,,0.033638931810855865,8.122163853840902e-05
,imappo,,,,120.0,0.0,0.0,0.00406108217430301,0.0,0.0,0.0,0.0,0.00406108217430301,0.0,0.0,0.0,0.0,0.0,,,,,,,
-0.010729655623435974,imappo,1.2177450514627708e-07,0.7665209174156189,0.0009636878959653218,121.0,,,,,,,,,,,,,,0.4838612870956986,,,,,0.02549554407596588,6.50369402137585e-05
,imappo,,,,121.0,0.0,0.0,0.003251847123465268,0.0,0.0,0.0,0.0,0.003251847123465268,0.0,0.0,0.0,0.0,0.0,,,,,,,
-0.0082486467435956,imappo,3.266392312184507e-08,0.7707654237747192,0.0009633877959319773,122.0,,,,,,,,,,,,,,0.48372790930310106,,,,,0.03199788182973862,8.097925456240773e-05
,imappo,,,,122.0,0.0,0.0,0.00404896244435804,0.0,0.0,0.0,0.0,0.00404896244435804,0.0,0.0,0.0,0.0,0.0,,,,,,,
-0.0015248747076839209,imappo,3.237426327018511e-08,0.787401556968689,0.0009630876958986329,123.0,,,,,,,,,,,,,,0.4835945315105035,,,,,0.033957332372665405,8.681763574713841e-05
,imappo,,,,123.0,0.0,0.0,0.0043408820711192675,0.0,0.0,0.0,0.0,0.0043408820711192675,0.0,0.0,0.0,0.0,0.0,,,,,,,
-0.009902833960950375,imappo,5.954305493105494e-08,0.7825393676757812,0.0009627875958652884,124.0,,,,,,,,,,,,,,0.483461153717906,,,,,0.029665909707546234,6.659467180725187e-05
,imappo,,,,124.0,0.0,0.0,0.003329733317514183,0.0,0.0,0.0,0.0,0.003329733317514183,0.0,0.0,0.0,0.0,0.0,,,,,,,
-0.001969290664419532,imappo,1.8274782576099824e-08,0.774932861328125,0.000962487495831944,125.0,,,,,,,,,,,,,,0.48332777592530846,,,,,0.029541462659835815,6.536112778121606e-05
,imappo,,,,125.0,0.0,0.0,0.0032680566218914464,0.0,0.0,0.0,0.0,0.0032680566218914464,0.0,0.0,0.0,0.0,0.0,,,,,,,
-0.003089499194175005,imappo,6.603008273486921e-08,0.7778411507606506,0.0009621873957985996,126.0,,,,,,,,,,,,,,0.4831943981327109,,,,,0.028657518327236176,7.773580000502989e-05
,imappo,,,,126.0,0.0,0.0,0.003886790047545219,0.0,0.0,0.0,0.0,0.003886790047545219,0.0,0.0,0.0,0.0,0.0,,,,,,,
-0.006232064217329025,imappo,2.8888358372114453e-08,0.777794599533081,0.0009618872957652551,127.0,,,,,,,,,,,,,,0.4830610203401134,,,,,0.027403205633163452,6.43457897240296e-05
,imappo,,,,127.0,0.0,0.0,0.003217289598978823,0.0,0.0,0.0,0.0,0.003217289598978823,0.0,0.0,0.0,0.0,0.0,,,,,,,
-0.0028020041063427925,imappo,1.8923984157481755e-08,0.7750551700592041,0.0009615871957319107,128.0,,,,,,,,,,,,,,0.48292764254751586,,,,,0.026578102260828018,7.525838736910373e-05
,imappo,,,,128.0,0.0,0.0,0.003762919506698381,0.0,0.0,0.0,0.0,0.003762919506698381,0.0,0.0,0.0,0.0,0.0,,,,,,,
-0.005141116678714752,imappo,3.0953430041336105e-08,0.7800465822219849,0.0009612870956985662,129.0,,,,,,,,,,,,,,0.4827942647549183,,,,,0.03138957917690277,7.01873650541529e-05
,imappo,,,,129.0,0.0,0.0,0.003509368350933073,0.0,0.0,0.0,0.0,0.003509368350933073,0.0,0.0,0.0,0.0,0.0,,,,,,,
-0.003812969196587801,imappo,4.107517170837127e-08,0.7747076749801636,0.0009609869956652218,130.0,,,,,,,,,,,,,,0.4826608869623208,,,,,0.0339571014046669,7.666084275115281e-05
,imappo,,,,130.0,0.0,0.0,0.0038330421466525877,0.0,0.0,0.0,0.0,0.0038330421466525877,0.0,0.0,0.0,0.0,0.0,,,,,,,
-0.0054799700155854225,imappo,3.595718567339645e-08,0.784561276435852,0.0009606868956318773,131.0,,,,,,,,,,,,,,0.48252750916972326,,,,,0.03084949404001236,7.144228584365919e-05
,imappo,,,,131.0,0.0,0.0,0.0035721142867259914,0.0,0.0,0.0,0.0,0.0035721142867259914,0.0,0.0,0.0,0.0,0.0,,,,,,,
-0.004387437831610441,imappo,7.626520215353594e-08,0.7756062746047974,0.0009603867955985328,132.0,,,,,,,,,,,,,,0.4823941313771257,,,,,0.030015766620635986,7.176380313467234e-05
,imappo,,,,132.0,0.0,0.0,0.003588190102163935,0.0,0.0,0.0,0.0,0.003588190102163935,0.0,0.0,0.0,0.0,0.0,,,,,,,
-0.006294222082942724,imappo,4.16379002388112e-08,0.7928094267845154,0.0009600866955651884,133.0,,,,,,,,,,,,,,0.4822607535845282,,,,,0.03270944580435753,8.212027751142159e-05
,imappo,,,,133.0,0.0,0.0,0.004106014039280126,0.0,0.0,0.0,0.0,0.004106014039280126,0.0,0.0,0.0,0.0,0.0,,,,,,,
-0.015535272657871246,imappo,6.84341046053305e-08,0.797764003276825,0.000959786595531844,134.0,,,,,,,,,,,,,,0.48212737579193066,,,,,0.027377016842365265,6.377495446940884e-05
,imappo,,,,134.0,0.0,0.0,0.003188747592503205,0.0,0.0,0.0,0.0,0.003188747592503205,0.0,0.0,0.0,0.0,0.0,,,,,,,
-0.004446990322321653,imappo,5.955579140959344e-08,0.8065816164016724,0.0009594864954984995,135.0,,,,,,,,,,,,,,0.4819939979993331,,,,,0.03249970078468323,7.986192940734327e-05
,imappo,,,,135.0,0.0,0.0,0.0039930963357619476,0.0,0.0,0.0,0.0,0.0039930963357619476,0.0,0.0,0.0,0.0,0.0,,,,,,,
-0.011463498696684837,imappo,0.004447084851562977,0.8207677006721497,0.0009591863954651551,136.0,,,,,,,,,,,,,,0.4818606202067356,,,,,0.028006818145513535,0.006731661502271891
,imappo,,,,136.0,0.0,0.0,0.3365830367656599,0.0,0.0,0.0,0.3333333432674408,0.00324969144867282,0.0,0.0,0.0,0.0,0.0,,,,,,,
-0.0024056483525782824,imappo,0.002684954321011901,0.8236030340194702,0.0009588862954318107,137.0,,,,,,,,,,,,,,0.48172724241413806,,,,,0.033109746873378754,0.006751239765435457
,imappo,,,,137.0,0.0,0.0,0.33756198523406056,0.0,0.0,0.0,0.3333333432674408,0.004228607452546385,0.0,0.0,0.0,0.0,0.0,,,,,,,
-0.005316567607223988,imappo,0.002788080368191004,0.8095436692237854,0.0009585861953984662,138.0,,,,,,,,,,,,,,0.4815938646215405,,,,,0.0353725403547287,0.006751888431608677
,imappo,,,,138.0,0.0,0.0,0.33759442598966416,0.0,0.0,0.0,0.3333333432674408,0.00426107608655002,0.0,0.0,0.0,0.0,0.0,,,,,,,
-0.005012866575270891,imappo,0.0008810032741166651,0.7999395728111267,0.0009582860953651218,139.0,,,,,,,,,,,,,,0.481460486828943,,,,,0.03279789537191391,8.371801959583536e-05
,imappo,,,,139.0,0.0,0.0,0.004185901074379217,0.0,0.0,0.0,0.0,0.004185901074379217,0.0,0.0,0.0,0.0,0.0,,,,,,,
-0.004807257559150457,imappo,0.00011813844321295619,0.7891153693199158,0.0009579859953317772,140.0,,,,,,,,,,,,,,0.48132710903634546,,,,,0.031077435240149498,8.126005559461191e-05
,imappo,,,,140.0,0.0,0.0,0.004063002863404108,0.0,0.0,0.0,0.0,0.004063002863404108,0.0,0.0,0.0,0.0,0.0,,,,,,,
-0.00251928623765707,imappo,0.0008497440721839666,0.7649711966514587,0.0009576858952984328,141.0,,,,,,,,,,,,,,0.4811937312437479,,,,,0.03237389400601387,0.00674421526491642
,imappo,,,,141.0,0.0,0.0,0.3372107503237203,0.0,0.0,0.0,0.3333333432674408,0.003877404742524959,0.0,0.0,0.0,0.0,0.0,,,,,,,
-0.0074079264886677265,imappo,0.0009974942076951265,0.760127067565918,0.0009573857952650884,142.0,,,,,,,,,,,,,,0.4810603534511504,,,,,0.034378498792648315,8.425603300565854e-05
,imappo,,,,142.0,0.0,0.0,0.00421280182490591,0.0,0.0,0.0,0.0,0.00421280182490591,0.0,0.0,0.0,0.0,0.0,,,,,,,
-0.009559040889143944,imappo,0.0001768832589732483,0.7614427804946899,0.0009570856952317439,143.0,,,,,,,,,,,,,,0.48092697565855286,,,,,0.03129337728023529,7.607192674186081e-05
,imappo,,,,143.0,0.0,0.0,0.003803596417128574,0.0,0.0,0.0,0.0,0.003803596417128574,0.0,0.0,0.0,0.0,0.0,,,,,,,
-0.009959313087165356,imappo,0.00026371332933194935,0.7488894462585449,0.0009567855951983995,144.0,,,,,,,,,,,,,,0.4807935978659553,,,,,0.028266483917832375,6.860135908937082e-05
,imappo,,,,144.0,0.0,0.0,0.0034300678707950283,0.0,0.0,0.0,0.0,0.0034300678707950283,0.0,0.0,0.0,0.0,0.0,,,,,,,
-0.010694672353565693,imappo,1.2705012522928882e-05,0.7713947892189026,0.000956485495165055,145.0,,,,,,,,,,,,,,0.4806602200733578,,,,,0.029610799625515938,6.71001325827092e-05
,imappo,,,,145.0,0.0,0.0,0.0033550066327734385,0.0,0.0,0.0,0.0,0.0033550066327734385,0.0,0.0,0.0,0.0,0.0,,,,,,,
-0.008200825192034245,imappo,2.7930873329751194e-05,0.766190230846405,0.0009561853951317106,146.0,,,,,,,,,,,,,,0.48052684228076026,,,,,0.029663562774658203,7.180262764450163e-05
,imappo,,,,146.0,0.0,0.0,0.0035901313640351873,0.0,0.0,0.0,0.0,0.0035901313640351873,0.0,0.0,0.0,0.0,0.0,,,,,,,
-0.006347561255097389,imappo,3.943302726838738e-05,0.7895658612251282,0.0009558852950983662,147.0,,,,,,,,,,,,,,0.4803934644881627,,,,,0.02803906798362732,6.483300239779055e-05
,imappo,,,,147.0,0.0,0.0,0.003241649996198248,0.0,0.0,0.0,0.0,0.003241649996198248,0.0,0.0,0.0,0.0,0.0,,,,,,,
-0.0007928030681796372,imappo,3.6284938687458634e-05,0.7936498522758484,0.0009555851950650217,148.0,,,,,,,,,,,,,,0.4802600866955652,,,,,0.026545517146587372,6.259630026761442e-05
,imappo,,,,148.0,0.0,0.0,0.003129814904241357,0.0,0.0,0.0,0.0,0.003129814904241357,0.0,0.0,0.0,0.0,0.0,,,,,,,
-0.004478804767131805,imappo,6.66713822283782e-05,0.7897632122039795,0.0009552850950316772,149.0,,,,,,,,,,,,,,0.48012670890296766,,,,,0.02709391340613365,6.357186794048175e-05
,imappo,,,,149.0,0.0,0.0,0.003178593578923028,0.0,0.0,0.0,0.0,0.003178593578923028,0.0,0.0,0.0,0.0,0.0,,,,,,,
-0.00682341493666172,imappo,8.793634333414957e-05,0.786777913570404,0.0009549849949983328,150.0,,,,,,,,,,,,,,0.4799933311103701,,,,,0.034717459231615067,9.58476957748644e-05
,imappo,,,,150.0,0.0,0.0,0.004792384832398966,0.0,0.0,0.0,0.0,0.004792384832398966,0.0,0.0,0.0,0.0,0.0,,,,,,,
-0.005646375939249992,imappo,8.303955110022798e-05,0.7823119759559631,0.0009546848949649883,151.0,,,,,,,,,,,,,,0.4798599533177726,,,,,0.032272689044475555,7.837932207621634e-05
,imappo,,,,151.0,0.0,0.0,0.003918966402125079,0.0,0.0,0.0,0.0,0.003918966402125079,0.0,0.0,0.0,0.0,0.0,,,,,,,
-0.005397137254476547,imappo,7.462078065145761e-05,0.772226095199585,0.0009543847949316439,152.0,,,,,,,,,,,,,,0.47972657552517506,,,,,0.03554747626185417,8.19302222225815e-05
,imappo,,,,152.0,0.0,0.0,0.004096511496754829,0.0,0.0,0.0,0.0,0.004096511496754829,0.0,0.0,0.0,0.0,0.0,,,,,,,
-0.007104492746293545,imappo,9.432173101231456e-05,0.7421311736106873,0.0009540846948982995,153.0,,,,,,,,,,,,,,0.4795931977325775,,,,,0.0301259346306324,7.591376197524369e-05
,imappo,,,,153.0,0.0,0.0,0.003795688146055909,0.0,0.0,0.0,0.0,0.003795688146055909,0.0,0.0,0.0,0.0,0.0,,,,,,,
-0.001990138553082943,imappo,5.912948472541757e-05,0.7394059300422668,0.000953784594864955,154.0,,,,,,,,,,,,,,0.47945981993998,,,,,0.03200459107756615,6.94619448040612e-05
,imappo,,,,154.0,0.0,0.0,0.003473097207461251,0.0,0.0,0.0,0.0,0.003473097207461251,0.0,0.0,0.0,0.0,0.0,,,,,,,
0.003546284046024084,imappo,4.88370205857791e-05,0.7470013499259949,0.0009534844948316106,155.0,,,,,,,,,,,,,,0.47932644214738246,,,,,0.03080659918487072,6.680379738099873e-05
,imappo,,,,155.0,0.0,0.0,0.0033401900218450464,0.0,0.0,0.0,0.0,0.0033401900218450464,0.0,0.0,0.0,0.0,0.0,,,,,,,
-0.0051880343817174435,imappo,9.384113945998251e-05,0.7274287939071655,0.0009531843947982661,156.0,,,,,,,,,,,,,,0.4791930643547849,,,,,0.030788544565439224,8.126503962557763e-05
,imappo,,,,156.0,0.0,0.0,0.004063251599291107,0.0,0.0,0.0,0.0,0.004063251599291107,0.0,0.0,0.0,0.0,0.0,,,,,,,
-0.009018128737807274,imappo,8.074240031419322e-05,0.7325976490974426,0.0009528842947649217,157.0,,,,,,,,,,,,,,0.4790596865621874,,,,,0.031510286033153534,8.449764573015273e-05
,imappo,,,,157.0,0.0,0.0,0.004224882686685305,0.0,0.0,0.0,0.0,0.004224882686685305,0.0,0.0,0.0,0.0,0.0,,,,,,,
-0.0062081594951450825,imappo,5.9349185903556645e-05,0.743560254573822,0.0009525841947315772,158.0,,,,,,,,,,,,,,0.47892630876958986,,,,,0.030716734007000923,6.846124597359449e-05
,imappo,,,,158.0,0.0,0.0,0.003423062509682495,0.0,0.0,0.0,0.0,0.003423062509682495,0.0,0.0,0.0,0.0,0.0,,,,,,,
-0.003863730002194643,imappo,5.176668491913006e-05,0.7395193576812744,0.0009522840946982327,159.0,,,,,,,,,,,,,,0.4787929309769923,,,,,0.03409606218338013,8.994749805424362e-05
,imappo,,,,159.0,0.0,0.0,0.004497374720813241,0.0,0.0,0.0,0.0,0.004497374720813241,0.0,0.0,0.0,0.0,0.0,,,,,,,
-0.0025326700415462255,imappo,5.332882210495882e-05,0.7467674016952515,0.0009519839946648883,160.0,,,,,,,,,,,,,,0.4786595531843948,,,,,0.027924660593271255,6.364707951433957e-05
,imappo,,,,160.0,0.0,0.0,0.0031823543504287954,0.0,0.0,0.0,0.0,0.0031823543504287954,0.0,0.0,0.0,0.0,0.0,,,,,,,
-0.0016551821026951075,imappo,4.493953019846231e-05,0.756738543510437,0.0009516838946315439,161.0,,,,,,,,,,,,,,0.47852617539179726,,,,,0.029837558045983315,7.054642628645524e-05
,imappo,,,,161.0,0.0,0.0,0.0035273216244604555,0.0,0.0,0.0,0.0,0.0035273216244604555,0.0,0.0,0.0,0.0,0.0,,,,,,,
-0.003733016550540924,imappo,4.019383777631447e-05,0.7588608264923096,0.0009513837945981994,162.0,,,,,,,,,,,,,,0.4783927975991997,,,,,0.033597830682992935,8.988294575829059e-05
,imappo,,,,162.0,0.0,0.0,0.0044941474006918725,0.0,0.0,0.0,0.0,0.0044941474006918725,0.0,0.0,0.0,0.0,0.0,,,,,,,
-0.008026699535548687,imappo,4.145686034462415e-05,0.7551426291465759,0.000951083694564855,163.0,,,,,,,,,,,,,,0.4782594198066022,,,,,0.027955491095781326,6.225204560905695e-05
,imappo,,,,163.0,0.0,0.0,0.003112602318651625,0.0,0.0,0.0,0.0,0.003112602318651625,0.0,0.0,0.0,0.0,0.0,,,,,,,
-0.007278198376297951,imappo,2.7951466108788736e-05,0.7480314373970032,0.0009507835945315106,164.0,,,,,,,,,,,,,,0.47812604201400466,,,,,0.032171424478292465,8.329670527018607e-05
,imappo,,,,164.0,0.0,0.0,0.004164835332630901,0.0,0.0,0.0,0.0,0.004164835332630901,0.0,0.0,0.0,0.0,0.0,,,,,,,
-0.0019113661255687475,imappo,4.026186798000708e-05,0.7427602410316467,0.0009504834944981661,165.0,,,,,,,,,,,,,,0.4779926642214071,,,,,0.030560743063688278,7.581798854516819e-05
,imappo,,,,165.0,0.0,0.0,0.003790899398154579,0.0,0.0,0.0,0.0,0.003790899398154579,0.0,0.0,0.0,0.0,0.0,,,,,,,
-0.00713132880628109,imappo,2.9259954317240044e-05,0.7463813424110413,0.0009501833944648217,166.0,,,,,,,,,,,,,,0.4778592864288096,,,,,0.028103753924369812,6.386606401065364e-05
,imappo,,,,166.0,0.0,0.0,0.003193303244188428,0.0,0.0,0.0,0.0,0.003193303244188428,0.0,0.0,0.0,0.0,0.0,,,,,,,
-0.004247068427503109,imappo,3.158877370879054e-05,0.7258296012878418,0.0009498832944314771,167.0,,,,,,,,,,,,,,0.47772590863621206,,,,,0.026644160971045494,6.18441408732906e-05
,imappo,,,,167.0,0.0,0.0,0.0030922069418011233,0.0,0.0,0.0,0.0,0.0030922069418011233,0.0,0.0,0.0,0.0,0.0,,,,,,,
-0.001664582290686667,imappo,1.7513630155008286e-05,0.737945020198822,0.0009495831943981327,168.0,,,,,,,,,,,,,,0.4775925308436145,,,,,0.03412674367427826,7.650313636986539e-05
,imappo,,,,168.0,0.0,0.0,0.0038251567457336932,0.0,0.0,0.0,0.0,0.0038251567457336932,0.0,0.0,0.0,0.0,0.0,,,,,,,
-0.002297335071489215,imappo,1.6615291315247305e-05,0.7194632887840271,0.0009492830943647883,169.0,,,,,,,,,,,,,,0.477459153051017,,,,,0.03159921243786812,7.478025509044528e-05
,imappo,,,,169.0,0.0,0.0,0.0037390128563856706,0.0,0.0,0.0,0.0,0.0037390128563856706,0.0,0.0,0.0,0.0,0.0,,,,,,,
-0.0031708641909062862,imappo,1.0948733688564971e-05,0.6808913946151733,0.0009489829943314438,170.0,,,,,,,,,,,,,,0.47732577525841946,,,,,0.03150133043527603,8.025229180930182e-05
,imappo,,,,170.0,0.0,0.0,0.004012614306702744,0.0,0.0,0.0,0.0,0.004012614306702744,0.0,0.0,0.0,0.0,0.0,,,,,,,
-0.0017080768011510372,imappo,7.882265890657436e-06,0.6947004795074463,0.0009486828942980994,171.0,,,,,,,,,,,,,,0.4771923974658219,,,,,0.03093784675002098,7.936448673717678e-05
,imappo,,,,171.0,0.0,0.0,0.003968224031268619,0.0,0.0,0.0,0.0,0.003968224031268619,0.0,0.0,0.0,0.0,0.0,,,,,,,
-0.005004768259823322,imappo,5.849353783560218e-06,0.7330403923988342,0.000948382794264755,172.0,,,,,,,,,,,,,,0.4770590196732244,,,,,0.03191427141427994,7.154150807764381e-05
,imappo,,,,172.0,0.0,0.0,0.003577075411158148,0.0,0.0,0.0,0.0,0.003577075411158148,0.0,0.0,0.0,0.0,0.0,,,,,,,
-0.0022119469940662384,imappo,2.227012373623438e-06,0.6846686601638794,0.0009480826942314105,173.0,,,,,,,,,,,,,,0.47692564188062686,,,,,0.02948147803544998,6.763541023246944e-05
,imappo,,,,173.0,0.0,0.0,0.0033817703479144257,0.0,0.0,0.0,0.0,0.0033817703479144257,0.0,0.0,0.0,0.0,0.0,,,,,,,
-0.006505203433334827,imappo,1.1682110425681458e-06,0.6714080572128296,0.0009477825941980661,174.0,,,,,,,,,,,,,,0.4767922640880293,,,,,0.03205552697181702,8.475667709717527e-05
,imappo,,,,174.0,0.0,0.0,0.004237833920342382,0.0,0.0,0.0,0.0,0.004237833920342382,0.0,0.0,0.0,0.0,0.0,,,,,,,
-0.006407994776964188,imappo,5.241306553216418e-07,0.6921513676643372,0.0009474824941647215,175.0,,,,,,,,,,,,,,0.4766588862954318,,,,,0.03306756913661957,8.469916065223515e-05
,imappo,,,,175.0,0.0,0.0,0.004234957847074838,0.0,0.0,0.0,0.0,0.004234957847074838,0.0,0.0,0.0,0.0,0.0,,,,,,,
-0.0063477144576609135,imappo,2.361315978305356e-07,0.722443163394928,0.0009471823941313771,176.0,,,,,,,,,,,,,,0.47652550850283426,,,,,0.029217012226581573,6.239231879590079e-05
,imappo,,,,176.0,0.0,0.0,0.0031196156051009893,0.0,0.0,0.0,0.0,0.0031196156051009893,0.0,0.0,0.0,0.0,0.0,,,,,,,
-0.00242556887678802,imappo,4.3504383029357996e-07,0.6203832626342773,0.0009468822940980327,177.0,,,,,,,,,,,,,,0.4763921307102367,,,,,0.029538005590438843,7.554089825134724e-05
,imappo,,,,177.0,0.0,0.0,0.003777045159949921,0.0,0.0,0.0,0.0,0.003777045159949921,0.0,0.0,0.0,0.0,0.0,,,,,,,
-0.007367120590060949,imappo,1.4338574771954882e-07,0.6801071166992188,0.0009465821940646882,178.0,,,,,,,,,,,,,,0.4762587529176392,,,,,0.03352753818035126,8.094839722616598e-05
,imappo,,,,178.0,0.0,0.0,0.004047419817652553,0.0,0.0,0.0,0.0,0.004047419817652553,0.0,0.0,0.0,0.0,0.0,,,,,,,
-0.004695458337664604,imappo,3.8378846056730254e-07,0.6716960072517395,0.0009462820940313438,179.0,,,,,,,,,,,,,,0.47612537512504166,,,,,0.03281058371067047,8.225497731473297e-05
,imappo,,,,179.0,0.0,0.0,0.004112749000341864,0.0,0.0,0.0,0.0,0.004112749000341864,0.0,0.0,0.0,0.0,0.0,,,,,,,
-0.0073317051865160465,imappo,2.105068972468871e-07,0.710703432559967,0.0009459819939979994,180.0,,,,,,,,,,,,,,0.47599199733244413,,,,,0.03173273056745529,7.019639451755211e-05
,imappo,,,,180.0,0.0,0.0,0.003509819867758779,0.0,0.0,0.0,0.0,0.003509819867758779,0.0,0.0,0.0,0.0,0.0,,,,,,,
0.00036684353835880756,imappo,1.6716569462005282e-07,0.7300987243652344,0.0009456818939646549,181.0,,,,,,,,,,,,,,0.4758586195398466,,,,,0.02847776748239994,6.37876073596999e-05
,imappo,,,,181.0,0.0,0.0,0.0031893801478872774,0.0,0.0,0.0,0.0,0.0031893801478872774,0.0,0.0,0.0,0.0,0.0,,,,,,,
-0.009187011048197746,imappo,2.7653803158500523e-07,0.7507579326629639,0.0009453817939313105,182.0,,,,,,,,,,,,,,0.47572524174724906,,,,,0.0311268363147974,7.432013080688193e-05
,imappo,,,,182.0,0.0,0.0,0.003716006613103673,0.0,0.0,0.0,0.0,0.003716006613103673,0.0,0.0,0.0,0.0,0.0,,,,,,,
-0.008425823412835598,imappo,0.005328692961484194,0.769081175327301,0.000945081693897966,183.0,,,,,,,,,,,,,,0.47559186395465153,,,,,0.03192795068025589,0.006745908409357071
,imappo,,,,183.0,0.0,0.0,0.33729539643536555,0.0,0.0,0.0,0.3333333432674408,0.003962054559451644,0.0,0.0,0.0,0.0,0.0,,,,,,,
-0.004781397990882397,imappo,0.0010032713180407882,0.783089816570282,0.0009447815938646215,184.0,,,,,,,,,,,,,,0.475458486162054,,,,,0.03270566463470459,7.890657434472814e-05
,imappo,,,,184.0,0.0,0.0,0.003945328880945453,0.0,0.0,0.0,0.0,0.003945328880945453,0.0,0.0,0.0,0.0,0.0,,,,,,,
-0.006316769868135452,imappo,5.9396083088358864e-05,0.7887900471687317,0.0009444814938312771,185.0,,,,,,,,,,,,,,0.47532510836945646,,,,,0.03088472969830036,7.644911238458008e-05
,imappo,,,,185.0,0.0,0.0,0.0038224557138164528,0.0,0.0,0.0,0.0,0.0038224557138164528,0.0,0.0,0.0,0.0,0.0,,,,,,,
-0.01201188936829567,imappo,4.980496214557206e-06,0.812947154045105,0.0009441813937979326,186.0,,,,,,,,,,,,,,0.47519173057685893,,,,,0.03005107119679451,7.51378174754791e-05
,imappo,,,,186.0,0.0,0.0,0.003756890753720654,0.0,0.0,0.0,0.0,0.003756890753720654,0.0,0.0,0.0,0.0,0.0,,,,,,,
-0.014462792314589024,imappo,5.935232820775127e-06,0.8247407674789429,0.0009438812937645882,187.0,,,,,,,,,,,,,,0.4750583527842614,,,,,0.03390748053789139,8.131993672577664e-05
,imappo,,,,187.0,0.0,0.0,0.004065996890858514,0.0,0.0,0.0,0.0,0.004065996890858514,0.0,0.0,0.0,0.0,0.0,,,,,,,
0.0035838382318615913,imappo,1.5486714346479857e-06,0.833954393863678,0.0009435811937312438,188.0,,,,,,,,,,,,,,0.47492497499166386,,,,,0.0283830463886261,7.154108607210219e-05
,imappo,,,,188.0,0.0,0.0,0.0035770546965068206,0.0,0.0,0.0,0.0,0.0035770546965068206,0.0,0.0,0.0,0.0,0.0,,,,,,,
-0.006365738343447447,imappo,0.004679882898926735,0.8322030901908875,0.0009432810936978993,189.0,,,,,,,,,,,,,,0.4747915971990664,,,,,0.030664198100566864,0.006752014625817537
,imappo,,,,189.0,0.0,0.0,0.3376007383776596,0.0,0.0,0.0,0.3333333432674408,0.004267395139322616,0.0,0.0,0.0,0.0,0.0,,,,,,,
-0.010522070340812206,imappo,0.0006970298127271235,0.8395977020263672,0.0009429809936645549,190.0,,,,,,,,,,,,,,0.4746582194064688,,,,,0.03319167345762253,7.851870032027364e-05
,imappo,,,,190.0,0.0,0.0,0.003925935016013682,0.0,0.0,0.0,0.0,0.003925935016013682,0.0,0.0,0.0,0.0,0.0,,,,,,,
-0.007874805480241776,imappo,0.0032890578731894493,0.8292877078056335,0.0009426808936312105,191.0,,,,,,,,,,,,,,0.4745248416138713,,,,,0.028455913066864014,0.006753175985068083
,imappo,,,,191.0,0.0,0.0,0.33765877105179243,0.0,0.0,0.0,0.3333333432674408,0.004325435991631821,0.0,0.0,0.0,0.0,0.0,,,,,,,
-0.005748093593865633,imappo,0.0014920219546183944,0.8251912593841553,0.000942380793597866,192.0,,,,,,,,,,,,,,0.47439146382127373,,,,,0.026860389858484268,0.006757427006959915
,imappo,,,,192.0,0.0,0.0,0.3378713372439961,0.0,0.0,0.0,0.3333333432674408,0.004537963708571624,0.0,0.0,0.0,0.0,0.0,,,,,,,
-0.004489521961659193,imappo,0.0016187976580113173,0.8254804015159607,0.0009420806935645215,193.0,,,,,,,,,,,,,,0.47425808602867625,,,,,0.031103257089853287,7.58710884838365e-05
,imappo,,,,193.0,0.0,0.0,0.0037935543441562913,0.0,0.0,0.0,0.0,0.0037935543441562913,0.0,0.0,0.0,0.0,0.0,,,,,,,
-0.005278133787214756,imappo,0.0001539489021524787,0.8182541131973267,0.000941780593531177,194.0,,,,,,,,,,,,,,0.47412470823607866,,,,,0.03017384558916092,6.635870522586629e-05
,imappo,,,,194.0,0.0,0.0,0.0033179351412400138,0.0,0.0,0.0,0.0,0.0033179351412400138,0.0,0.0,0.0,0.0,0.0,,,,,,,
-0.00795971229672432,imappo,1.0607403055473696e-05,0.8067383766174316,0.0009414804934978326,195.0,,,,,,,,,,,,,,0.4739913304434812,,,,,0.03419072926044464,7.81835988163948e-05
,imappo,,,,195.0,0.0,0.0,0.003909180079062935,0.0,0.0,0.0,0.0,0.003909180079062935,0.0,0.0,0.0,0.0,0.0,,,,,,,
-0.0027739861980080605,imappo,2.811586637108121e-05,0.8049501180648804,0.0009411803934644882,196.0,,,,,,,,,,,,,,0.47385795265088365,,,,,0.030449366196990013,7.360200106631964e-05
,imappo,,,,196.0,0.0,0.0,0.0036801003334403504,0.0,0.0,0.0,0.0,0.0036801003334403504,0.0,0.0,0.0,0.0,0.0,,,,,,,
-0.008426030166447163,imappo,5.106985554448329e-05,0.8083892464637756,0.0009408802934311437,197.0,,,,,,,,,,,,,,0.4737245748582861,,,,,0.03057677112519741,7.244206790346652e-05
,imappo,,,,197.0,0.0,0.0,0.003622103376983432,0.0,0.0,0.0,0.0,0.003622103376983432,0.0,0.0,0.0,0.0,0.0,,,,,,,
-0.0037276323419064283,imappo,3.7980535125825554e-05,0.8200578689575195,0.0009405801933977993,198.0,,,,,,,,,,,,,,0.4735911970656886,,,,,0.03202439099550247,7.27671867934987e-05
,imappo,,,,198.0,0.0,0.0,0.0036383593796927016,0.0,0.0,0.0,0.0,0.0036383593796927016,0.0,0.0,0.0,0.0,0.0,,,,,,,
-0.00990387424826622,imappo,7.151668251026422e-05,0.8242844939231873,0.0009402800933644549,199.0,,,,,,,,,,,,,,0.47345781927309105,,,,,0.030303075909614563,7.1589311119169e-05
,imappo,,,,199.0,0.0,0.0,0.0035794657760561677,0.0,0.0,0.0,0.0,0.0035794657760561677,0.0,0.0,0.0,0.0,0.0,,,,,,,
,imappo,,,,199.0,,,,,,,,,,,,,,,0.0,0.0,0.0,0.0,,
-0.005057507660239935,imappo,4.785104829352349e-05,0.817730188369751,0.0009399799933311104,200.0,,,,,,,,,,,,,,0.4733244414804935,,,,,0.030362265184521675,6.726956780767068e-05
,imappo,,,,200.0,0.0,0.0,0.0033634786123002414,0.0,0.0,0.0,0.0,0.0033634786123002414,0.0,0.0,0.0,0.0,0.0,,,,,,,
-0.010921197012066841,imappo,5.510571281774901e-05,0.8001059293746948,0.000939679893297766,201.0,,,,,,,,,,,,,,0.473191063687896,,,,,0.030482836067676544,6.963789201108739e-05
,imappo,,,,201.0,0.0,0.0,0.0034818942804122344,0.0,0.0,0.0,0.0,0.0034818942804122344,0.0,0.0,0.0,0.0,0.0,,,,,,,
-0.006224815268069506,imappo,1.797755976440385e-05,0.8081519603729248,0.0009393797932644216,202.0,,,,,,,,,,,,,,0.47305768589529845,,,,,0.02799936570227146,6.044312976882793e-05
,imappo,,,,202.0,0.0,0.0,0.0030221565102692693,0.0,0.0,0.0,0.0,0.0030221565102692693,0.0,0.0,0.0,0.0,0.0,,,,,,,
-0.002726104576140642,imappo,4.348496440798044e-05,0.7990359663963318,0.000939079693231077,203.0,,,,,,,,,,,,,,0.4729243081027009,,,,,0.03303302824497223,7.979249494383112e-05
,imappo,,,,203.0,0.0,0.0,0.003989624841779005,0.0,0.0,0.0,0.0,0.003989624841779005,0.0,0.0,0.0,0.0,0.0,,,,,,,
-0.00548459542915225,imappo,1.4839353752904572e-05,0.8042899370193481,0.0009387795931977326,204.0,,,,,,,,,,,,,,0.4727909303101034,,,,,0.03331580013036728,8.088327740551904e-05
,imappo,,,,204.0,0.0,0.0,0.0040441639539494645,0.0,0.0,0.0,0.0,0.0040441639539494645,0.0,0.0,0.0,0.0,0.0,,,,,,,
-0.004698131699115038,imappo,1.6556170521653257e-05,0.8063932061195374,0.0009384794931643881,205.0,,,,,,,,,,,,,,0.47265755251750585,,,,,0.02552635595202446,5.787771806353703e-05
,imappo,,,,205.0,0.0,0.0,0.0028938858449691907,0.0,0.0,0.0,0.0,0.0028938858449691907,0.0,0.0,0.0,0.0,0.0,,,,,,,
-0.0019328505732119083,imappo,1.2872170373157132e-05,0.8137742280960083,0.0009381793931310437,206.0,,,,,,,,,,,,,,0.4725241747249083,,,,,0.031769759953022,7.756936247460544e-05
,imappo,,,,206.0,0.0,0.0,0.003878468298353255,0.0,0.0,0.0,0.0,0.003878468298353255,0.0,0.0,0.0,0.0,0.0,,,,,,,
0.00016604515258222818,imappo,9.27866767597152e-06,0.816417396068573,0.0009378792930976993,207.0,,,,,,,,,,,,,,0.4723907969323108,,,,,0.03177300840616226,8.53426827234216e-05
,imappo,,,,207.0,0.0,0.0,0.004267134310794063,0.0,0.0,0.0,0.0,0.004267134310794063,0.0,0.0,0.0,0.0,0.0,,,,,,,
-0.008887290954589844,imappo,8.05374475021381e-06,0.8163100481033325,0.0009375791930643548,208.0,,,,,,,,,,,,,,0.47225741913971325,,,,,0.029567232355475426,7.183339766925201e-05
,imappo,,,,208.0,0.0,0.0,0.0035916699707740918,0.0,0.0,0.0,0.0,0.0035916699707740918,0.0,0.0,0.0,0.0,0.0,,,,,,,
-0.003864229889586568,imappo,6.826468961662613e-06,0.8109637498855591,0.0009372790930310104,209.0,,,,,,,,,,,,,,0.4721240413471157,,,,,0.03182107210159302,8.70896692504175e-05
,imappo,,,,209.0,0.0,0.0,0.004354483164206613,0.0,0.0,0.0,0.0,0.004354483164206613,0.0,0.0,0.0,0.0,0.0,,,,,,,
-0.010344675742089748,imappo,6.358018708851887e-06,0.8064451217651367,0.000936978992997666,210.0,,,,,,,,,,,,,,0.4719906635545182,,,,,0.03218439593911171,8.24002199806273e-05
,imappo,,,,210.0,0.0,0.0,0.004120010828046361,0.0,0.0,0.0,0.0,0.004120010828046361,0.0,0.0,0.0,0.0,0.0,,,,,,,
-0.002702757716178894,imappo,4.2625661080819555e-06,0.7893761992454529,0.0009366788929643214,211.0,,,,,,,,,,,,,,0.47185728576192065,,,,,0.030808836221694946,7.250087946886197e-05
,imappo,,,,211.0,0.0,0.0,0.003625044166255975,0.0,0.0,0.0,0.0,0.003625044166255975,0.0,0.0,0.0,0.0,0.0,,,,,,,
-0.0019410774111747742,imappo,4.273750619177008e-06,0.7834794521331787,0.000936378792930977,212.0,,,,,,,,,,,,,,0.4717239079693231,,,,,0.03112589567899704,7.369714876404032e-05
,imappo,,,,212.0,0.0,0.0,0.0036848576019110624,0.0,0.0,0.0,0.0,0.0036848576019110624,0.0,0.0,0.0,0.0,0.0,,,,,,,
-0.0019565133843570948,imappo,3.3478179375379113e-06,0.7808635830879211,0.0009360786928976326,213.0,,,,,,,,,,,,,,0.4715905301767256,,,,,0.029655519872903824,7.097265915945172e-05
,imappo,,,,213.0,0.0,0.0,0.003548632921592798,0.0,0.0,0.0,0.0,0.003548632921592798,0.0,0.0,0.0,0.0,0.0,,,,,,,
-0.006083018612116575,imappo,2.683891580090858e-06,0.7855920195579529,0.0009357785928642881,214.0,,,,,,,,,,,,,,0.47145715238412805,,,,,0.028352349996566772,6.817558460170403e-05
,imappo,,,,214.0,0.0,0.0,0.0034087790627381764,0.0,0.0,0.0,0.0,0.0034087790627381764,0.0,0.0,0.0,0.0,0.0,,,,,,,
-0.0014819435309618711,imappo,3.010376531165093e-06,0.7923192381858826,0.0009354784928309437,215.0,,,,,,,,,,,,,,0.4713237745915305,,,,,0.02554001472890377,5.237496952759102e-05
,imappo,,,,215.0,0.0,0.0,0.0026187484472757205,0.0,0.0,0.0,0.0,0.0026187484472757205,0.0,0.0,0.0,0.0,0.0,,,,,,,
-0.005842945072799921,imappo,9.593849199518445e-07,0.784805417060852,0.0009351783927975992,216.0,,,,,,,,,,,,,,0.471190396798933,,,,,0.02735525742173195,6.40129583189264e-05
,imappo,,,,216.0,0.0,0.0,0.003200647926860256,0.0,0.0,0.0,0.0,0.003200647926860256,0.0,0.0,0.0,0.0,0.0,,,,,,,
-0.005258179735392332,imappo,0.0026704659685492516,0.7898110151290894,0.0009348782927642548,217.0,,,,,,,,,,,,,,0.47105701900633545,,,,,0.029501501470804214,0.00672957906499505
,imappo,,,,217.0,0.0,0.0,0.33647891188957146,0.0,0.0,0.0,0.3333333432674408,0.003145566992316162,0.0,0.0,0.0,0.0,0.0,,,,,,,
-0.007852527312934399,imappo,0.0011217838618904352,0.7807724475860596,0.0009345781927309104,218.0,,,,,,,,,,,,,,0.4709236412137379,,,,,0.036167412996292114,8.823367534205317e-05
,imappo,,,,218.0,0.0,0.0,0.004411683879880002,0.0,0.0,0.0,0.0,0.004411683879880002,0.0,0.0,0.0,0.0,0.0,,,,,,,
-0.00027043468435294926,imappo,3.8392441638279706e-05,0.7617848515510559,0.0009342780926975659,219.0,,,,,,,,,,,,,,0.4707902634211404,,,,,0.02736441232264042,7.113828178262338e-05
,imappo,,,,219.0,0.0,0.0,0.003556914522050647,0.0,0.0,0.0,0.0,0.003556914522050647,0.0,0.0,0.0,0.0,0.0,,,,,,,
-0.003551222151145339,imappo,8.616287232143804e-06,0.7557311654090881,0.0009339779926642214,220.0,,,,,,,,,,,,,,0.47065688562854285,,,,,0.02504783496260643,5.7291454140795395e-05
,imappo,,,,220.0,0.0,0.0,0.0028645725615206175,0.0,0.0,0.0,0.0,0.0028645725615206175,0.0,0.0,0.0,0.0,0.0,,,,,,,
-0.008955515921115875,imappo,0.001951380050741136,0.7502756714820862,0.0009336778926308769,221.0,,,,,,,,,,,,,,0.4705235078359453,,,,,0.032964907586574554,0.006781105417758226
,imappo,,,,221.0,0.0,0.0,0.33905521591441357,0.0,0.0,0.0,0.3333333432674408,0.005721882891521091,0.0,0.0,0.0,0.0,0.0,,,,,,,
-0.0019282379653304815,imappo,0.0007443559006787837,0.7783567905426025,0.0009333777925975325,222.0,,,,,,,,,,,,,,0.4703901300433478,,,,,0.031222261488437653,6.717393989674747e-05
,imappo,,,,222.0,0.0,0.0,0.003358697038493119,0.0,0.0,0.0,0.0,0.003358697038493119,0.0,0.0,0.0,0.0,0.0,,,,,,,
-0.003747296519577503,imappo,4.059383718413301e-05,0.7664005756378174,0.0009330776925641881,223.0,,,,,,,,,,,,,,0.47025675225075025,,,,,0.03359615057706833,8.114321099128574e-05
,imappo,,,,223.0,0.0,0.0,0.004057160411321092,0.0,0.0,0.0,0.0,0.004057160411321092,0.0,0.0,0.0,0.0,0.0,,,,,,,
-0.005302888341248035,imappo,0.001053194748237729,0.7639098763465881,0.0009327775925308436,224.0,,,,,,,,,,,,,,0.4701233744581527,,,,,0.034937597811222076,0.0067604780197143555
,imappo,,,,224.0,0.0,0.0,0.3380239013968094,0.0,0.0,0.0,0.3333333432674408,0.004690554258559132,0.0,0.0,0.0,0.0,0.0,,,,,,,
-0.007131023798137903,imappo,0.000784240139182657,0.7614618539810181,0.0009324774924974992,225.0,,,,,,,,,,,,,,0.4699899966655552,,,,,0.032538361847400665,0.006729981396347284
,imappo,,,,225.0,0.0,0.0,0.3364990379595838,0.0,0.0,0.0,0.3333333432674408,0.0031656905011914205,0.0,0.0,0.0,0.0,0.0,,,,,,,
-0.007213089615106583,imappo,0.0007619051611982286,0.7658268213272095,0.0009321773924641548,226.0,,,,,,,,,,,,,,0.46985661887295765,,,,,0.0315631665289402,8.077752136159688e-05
,imappo,,,,226.0,0.0,0.0,0.004038875831611222,0.0,0.0,0.0,0.0,0.004038875831611222,0.0,0.0,0.0,0.0,0.0,,,,,,,
-0.005965731106698513,imappo,5.203862747293897e-05,0.7834525108337402,0.0009318772924308103,227.0,,,,,,,,,,,,,,0.4697232410803601,,,,,0.029849868267774582,6.247351120691746e-05
,imappo,,,,227.0,0.0,0.0,0.003123675765891676,0.0,0.0,0.0,0.0,0.003123675765891676,0.0,0.0,0.0,0.0,0.0,,,,,,,
-0.009286832995712757,imappo,3.061975075979717e-05,0.7588855028152466,0.0009315771923974659,228.0,,,,,,,,,,,,,,0.4695898632877626,,,,,0.032924845814704895,7.663432188564911e-05
,imappo,,,,228.0,0.0,0.0,0.003831716257991502,0.0,0.0,0.0,0.0,0.003831716257991502,0.0,0.0,0.0,0.0,0.0,,,,,,,
-0.0074880076572299,imappo,0.00011319040640955791,0.7486298680305481,0.0009312770923641214,229.0,,,,,,,,,,,,,,0.46945648549516505,,,,,0.031881459057331085,0.006741746794432402
,imappo,,,,229.0,0.0,0.0,0.33708733696039417,0.0,0.0,0.0,0.3333333432674408,0.003753957597837143,0.0,0.0,0.0,0.0,0.0,,,,,,,
-0.004291681572794914,imappo,3.8438000046880916e-05,0.7460740804672241,0.0009309769923307769,230.0,,,,,,,,,,,,,,0.4693231077025675,,,,,0.02984573319554329,7.117106724763289e-05
,imappo,,,,230.0,0.0,0.0,0.003558553491529892,0.0,0.0,0.0,0.0,0.003558553491529892,0.0,0.0,0.0,0.0,0.0,,,,,,,
-0.014916329644620419,imappo,0.00017211785598192364,0.7346996068954468,0.0009306768922974325,231.0,,,,,,,,,,,,,,0.46918972990997,,,,,0.03184600919485092,0.00674140639603138
,imappo,,,,231.0,0.0,0.0,0.33707034698090865,0.0,0.0,0.0,0.3333333432674408,0.0037369973106251564,0.0,0.0,0.0,0.0,0.0,,,,,,,
-0.0031831865198910236,imappo,5.8188099501421675e-05,0.7276464104652405,0.000930376792264088,232.0,,,,,,,,,,,,,,0.46905635211737245,,,,,0.030931808054447174,0.006747167557477951
,imappo,,,,232.0,0.0,0.0,0.3373583974498615,0.0,0.0,0.0,0.3333333432674408,0.004025054513476789,0.0,0.0,0.0,0.0,0.0,,,,,,,
-0.007340871263295412,imappo,4.7947625716915354e-05,0.740427553653717,0.0009300766922307436,233.0,,,,,,,,,,,,,,0.4689229743247749,,,,,0.029973894357681274,0.006731220055371523
,imappo,,,,233.0,0.0,0.0,0.336561034549959,0.0,0.0,0.0,0.3333333432674408,0.0032276888814521953,0.0,0.0,0.0,0.0,0.0,,,,,,,
-0.006484481506049633,imappo,2.4664450393174775e-05,0.7452526092529297,0.0009297765921973992,234.0,,,,,,,,,,,,,,0.4687895965321774,,,,,0.03419087827205658,0.006745879538357258
,imappo,,,,234.0,0.0,0.0,0.337293990120088,0.0,0.0,0.0,0.3333333432674408,0.003960637495765695,0.0,0.0,0.0,0.0,0.0,,,,,,,
0.002141202799975872,imappo,1.3791937817586586e-05,0.7677122354507446,0.0009294764921640547,235.0,,,,,,,,,,,,,,0.46865621873957986,,,,,0.029571838676929474,6.0450602177297696e-05
,imappo,,,,235.0,0.0,0.0,0.0030225301889004186,0.0,0.0,0.0,0.0,0.0030225301889004186,0.0,0.0,0.0,0.0,0.0,,,,,,,
-0.00833621434867382,imappo,6.951766408747062e-05,0.7480934262275696,0.0009291763921307103,236.0,,,,,,,,,,,,,,0.4685228409469823,,,,,0.03350310027599335,0.006749665830284357
,imappo,,,,236.0,0.0,0.0,0.3374832486915693,0.0,0.0,0.0,0.3333333432674408,0.004149929172854172,0.0,0.0,0.0,0.0,0.0,,,,,,,
-0.001815960742533207,imappo,1.4546239981427789e-05,0.7520207166671753,0.0009288762920973659,237.0,,,,,,,,,,,,,,0.4683894631543848,,,,,0.031158167868852615,0.006761890836060047
,imappo,,,,237.0,0.0,0.0,0.3380945125281869,0.0,0.0,0.0,0.3333333432674408,0.004761199237691471,0.0,0.0,0.0,0.0,0.0,,,,,,,
-0.00916413962841034,imappo,2.554088132455945e-05,0.761887788772583,0.0009285761920640213,238.0,,,,,,,,,,,,,,0.46825608536178726,,,,,0.027650224044919014,0.006719349417835474
,imappo,,,,238.0,0.0,0.0,0.33596750442484336,0.0,0.0,0.0,0.3333333432674408,0.00263417841597402,0.0,0.0,0.0,0.0,0.0,,,,,,,
-0.0003168709226883948,imappo,2.603291068226099e-05,0.7562023997306824,0.0009282760920306769,239.0,,,,,,,,,,,,,,0.4681227075691897,,,,,0.031642764806747437,0.006741892546415329
,imappo,,,,239.0,0.0,0.0,0.337094662758318,0.0,0.0,0.0,0.3333333432674408,0.0037613482600136194,0.0,0.0,0.0,0.0,0.0,,,,,,,
-0.01342575903981924,imappo,6.104326530476101e-06,0.7555234432220459,0.0009279759919973325,240.0,,,,,,,,,,,,,,0.4679893297765922,,,,,0.032195769250392914,0.006745116785168648
,imappo,,,,240.0,0.0,0.0,0.3372558332848712,0.0,0.0,0.0,0.3333333432674408,0.003922472846170422,0.0,0.0,0.0,0.0,0.0,,,,,,,
-0.0061540245078504086,imappo,2.08698747883318e-05,0.7641404271125793,0.000927675891963988,241.0,,,,,,,,,,,,,,0.46785595198399466,,,,,0.034476421773433685,0.006741208955645561
,imappo,,,,241.0,0.0,0.0,0.3370604779374844,0.0,0.0,0.0,0.3333333432674408,0.00372711639283807,0.0,0.0,0.0,0.0,0.0,,,,,,,
-0.019647570326924324,imappo,3.613711669459008e-05,0.7606451511383057,0.0009273757919306436,242.0,,,,,,,,,,,,,,0.4677225741913971,,,,,0.02912175841629505,0.006763676181435585
,imappo,,,,242.0,0.0,0.0,0.33818384158439585,0.0,0.0,0.0,0.3333333432674408,0.004850462926697219,0.0,0.0,0.0,0.0,0.0,,,,,,,
-0.002861547749489546,imappo,1.5457944755326025e-05,0.7587354183197021,0.0009270756918972991,243.0,,,,,,,,,,,,,,0.4675891963987996,,,,,0.032714009284973145,8.00561610958539e-05
,imappo,,,,243.0,0.0,0.0,0.0040028082657954656,0.0,0.0,0.0,0.0,0.0040028082657954656,0.0,0.0,0.0,0.0,0.0,,,,,,,
-0.006122068502008915,imappo,7.251957867993042e-05,0.7520273923873901,0.0009267755918639547,244.0,,,,,,,,,,,,,,0.46745581860620206,,,,,0.030804511159658432,0.006728915963321924
,imappo,,,,244.0,0.0,0.0,0.336445814511535,0.0,0.0,0.0,0.3333333432674408,0.003112488706392469,0.0,0.0,0.0,0.0,0.0,,,,,,,
-0.001124481437727809,imappo,2.3583001166116446e-05,0.7767917513847351,0.0009264754918306103,245.0,,,,,,,,,,,,,,0.4673224408136045,,,,,0.03019801527261734,0.006742247845977545
,imappo,,,,245.0,0.0,0.0,0.33711237791067106,0.0,0.0,0.0,0.3333333432674408,0.0037790707174281124,0.0,0.0,0.0,0.0,0.0,,,,,,,
-0.00578284403309226,imappo,1.013821929518599e-05,0.7974663972854614,0.0009261753917972657,246.0,,,,,,,,,,,,,,0.467189063021007,,,,,0.028245899826288223,0.006764573510736227
,imappo,,,,246.0,0.0,0.0,0.3382287306612852,0.0,0.0,0.0,0.3333333432674408,0.004895401712929015,0.0,0.0,0.0,0.0,0.0,,,,,,,
-0.008105660788714886,imappo,8.034257916733623e-06,0.8180693984031677,0.0009258752917639213,247.0,,,,,,,,,,,,,,0.46705568522840946,,,,,0.029811611399054527,0.006736770737916231
,imappo,,,,247.0,0.0,0.0,0.3368385907742777,0.0,0.0,0.0,0.3333333432674408,0.003505282882542815,0.0,0.0,0.0,0.0,0.0,,,,,,,
-0.0026725707575678825,imappo,1.1258269296376966e-05,0.8270552754402161,0.0009255751917305769,248.0,,,,,,,,,,,,,,0.4669223074358119,,,,,0.029398702085018158,0.006728351581841707
,imappo,,,,248.0,0.0,0.0,0.33641757976511144,0.0,0.0,0.0,0.3333333432674408,0.003084239888266893,0.0,0.0,0.0,0.0,0.0,,,,,,,
-0.011771545745432377,imappo,1.7541844499646686e-05,0.8532314300537109,0.0009252750916972324,249.0,,,,,,,,,,,,,,0.4667889296432144,,,,,0.02909143641591072,0.006728361826390028
,imappo,,,,249.0,0.0,0.0,0.3364181173274119,0.0,0.0,0.0,0.3333333432674408,0.0030847921334498096,0.0,0.0,0.0,0.0,0.0,,,,,,,
-0.010554374195635319,imappo,2.5552231818437576e-05,0.8376337289810181,0.000924974991663888,250.0,,,,,,,,,,,,,,0.46665555185061686,,,,,0.02770119160413742,0.0067265271209180355
,imappo,,,,250.0,0.0,0.0,0.3363263751089107,0.0,0.0,0.0,0.3333333432674408,0.002993061250890605,0.0,0.0,0.0,0.0,0.0,,,,,,,
-0.0112571706995368,imappo,1.999092273763381e-05,0.8566835522651672,0.0009246748916305435,251.0,,,,,,,,,,,,,,0.4665221740580193,,,,,0.029745427891612053,0.0067387791350483894
,imappo,,,,251.0,0.0,0.0,0.3369389612780651,0.0,0.0,0.0,0.3333333432674408,0.003605609672376886,0.0,0.0,0.0,0.0,0.0,,,,,,,
-0.005979049019515514,imappo,3.0628889362560585e-05,0.8390642404556274,0.0009243747915971991,252.0,,,,,,,,,,,,,,0.4663887962654218,,,,,0.02527293562889099,0.006724937353283167
,imappo,,,,252.0,0.0,0.0,0.33624686792245484,0.0,0.0,0.0,0.3333333432674408,0.002913521722803125,0.0,0.0,0.0,0.0,0.0,,,,,,,
-0.01431849505752325,imappo,1.5388402971439064e-05,0.8688024878501892,0.0009240746915638547,253.0,,,,,,,,,,,,,,0.46625541847282426,,,,,0.02864242158830166,0.006735698785632849
,imappo,,,,253.0,0.0,0.0,0.3367849898604618,0.0,0.0,0.0,0.3333333432674408,0.003451663909800118,0.0,0.0,0.0,0.0,0.0,,,,,,,
-0.0001169831957668066,imappo,3.924446900782641e-06,0.8649022579193115,0.0009237745915305102,254.0,,,,,,,,,,,,,,0.4661220406802267,,,,,0.028011081740260124,0.006736981216818094
,imappo,,,,254.0,0.0,0.0,0.3368490766370087,0.0,0.0,0.0,0.3333333432674408,0.003515725846227724,0.0,0.0,0.0,0.0,0.0,,,,,,,
0.00274142948910594,imappo,1.2110011084587313e-05,0.856887936592102,0.0009234744914971657,255.0,,,,,,,,,,,,,,0.4659886628876292,,,,,0.026335276663303375,0.006737523712217808
,imappo,,,,255.0,0.0,0.0,0.33687622240540804,0.0,0.0,0.0,0.3333333432674408,0.0035428705232334323,0.0,0.0,0.0,0.0,0.0,,,,,,,
-0.0069036358036100864,imappo,4.513347812462598e-05,0.8653051853179932,0.0009231743914638213,256.0,,,,,,,,,,,,,,0.46585528509503166,,,,,0.03191271424293518,0.0067230635322630405
,imappo,,,,256.0,0.0,0.0,0.33615316904251813,0.0,0.0,0.0,0.3333333432674408,0.0028198338659422006,0.0,0.0,0.0,0.0,0.0,,,,,,,
0.002700693206861615,imappo,7.907202234491706e-05,0.856189489364624,0.0009228742914304768,257.0,,,,,,,,,,,,,,0.4657219073024341,,,,,0.031863708049058914,7.091372390277684e-05
,imappo,,,,257.0,0.0,0.0,0.0035456863479339518,0.0,0.0,0.0,0.0,0.0035456863479339518,0.0,0.0,0.0,0.0,0.0,,,,,,,
-0.005265125073492527,imappo,7.531756273237988e-05,0.8163142800331116,0.0009225741913971324,258.0,,,,,,,,,,,,,,0.4655885295098366,,,,,0.024134065955877304,0.006714481860399246
,imappo,,,,258.0,0.0,0.0,0.33572413908586896,0.0,0.0,0.0,0.3333333432674408,0.002390806164839887,0.0,0.0,0.0,0.0,0.0,,,,,,,
-0.006515818648040295,imappo,1.8954895494971424e-05,0.8212080597877502,0.0009222740913637879,259.0,,,,,,,,,,,,,,0.46545515171723906,,,,,0.030525904148817062,7.053271838231012e-05
,imappo,,,,259.0,0.0,0.0,0.003526635773596354,0.0,0.0,0.0,0.0,0.003526635773596354,0.0,0.0,0.0,0.0,0.0,,,,,,,
-0.0030757554341107607,imappo,7.693802763242275e-05,0.8257971405982971,0.0009219739913304435,260.0,,,,,,,,,,,,,,0.4653217739246415,,,,,0.035619642585515976,8.704308129381388e-05
,imappo,,,,260.0,0.0,0.0,0.004352154064690694,0.0,0.0,0.0,0.0,0.004352154064690694,0.0,0.0,0.0,0.0,0.0,,,,,,,
-0.00790097750723362,imappo,7.191577606135979e-05,0.8007956147193909,0.0009216738912970991,261.0,,,,,,,,,,,,,,0.465188396132044,,,,,0.0323205292224884,7.726981129962951e-05
,imappo,,,,261.0,0.0,0.0,0.0038634909433312714,0.0,0.0,0.0,0.0,0.0038634909433312714,0.0,0.0,0.0,0.0,0.0,,,,,,,
-0.004025700502097607,imappo,7.779496809234843e-05,0.8030020594596863,0.0009213737912637546,262.0,,,,,,,,,,,,,,0.46505501833944646,,,,,0.030817408114671707,7.569647277705371e-05
,imappo,,,,262.0,0.0,0.0,0.0037848234933335334,0.0,0.0,0.0,0.0,0.0037848234933335334,0.0,0.0,0.0,0.0,0.0,,,,,,,
-0.002303850604221225,imappo,4.4631935452343896e-05,0.795238733291626,0.0009210736912304102,263.0,,,,,,,,,,,,,,0.4649216405468489,,,,,0.028573572635650635,6.664192187599838e-05
,imappo,,,,263.0,0.0,0.0,0.0033320957991236355,0.0,0.0,0.0,0.0,0.0033320957991236355,0.0,0.0,0.0,0.0,0.0,,,,,,,
-0.0038912787567824125,imappo,4.497047848417424e-05,0.8025347590446472,0.0009207735911970658,264.0,,,,,,,,,,,,,,0.46478826275425145,,,,,0.02730967476963997,6.538765592267737e-05
,imappo,,,,264.0,0.0,0.0,0.0032693829598429147,0.0,0.0,0.0,0.0,0.0032693829598429147,0.0,0.0,0.0,0.0,0.0,,,,,,,
-0.010861068032681942,imappo,2.075000520562753e-05,0.8195512890815735,0.0009204734911637212,265.0,,,,,,,,,,,,,,0.46465488496165386,,,,,0.03231550380587578,7.259735139086843e-05
,imappo,,,,265.0,0.0,0.0,0.003629867140261922,0.0,0.0,0.0,0.0,0.003629867140261922,0.0,0.0,0.0,0.0,0.0,,,,,,,
-0.0005936126108281314,imappo,0.0006673916359432042,0.8390472531318665,0.0009201733911303768,266.0,,,,,,,,,,,,,,0.4645215071690564,,,,,0.028596876189112663,0.006725138984620571
,imappo,,,,266.0,0.0,0.0,0.3362569376367901,0.0,0.0,0.0,0.3333333432674408,0.002923588082921924,0.0,0.0,0.0,0.0,0.0,,,,,,,
-0.0012697833590209484,imappo,0.0006683495594188571,0.8285437226295471,0.0009198732910970324,267.0,,,,,,,,,,,,,,0.4643881293764588,,,,,0.03143340349197388,7.154792547225952e-05
,imappo,,,,267.0,0.0,0.0,0.0035773961535596754,0.0,0.0,0.0,0.0,0.0035773961535596754,0.0,0.0,0.0,0.0,0.0,,,,,,,
-0.007545371539890766,imappo,0.00017103800200857222,0.8393347859382629,0.0009195731910636879,268.0,,,,,,,,,,,,,,0.4642547515838613,,,,,0.030956145375967026,0.006752904504537582
,imappo,,,,268.0,0.0,0.0,0.3376452276679629,0.0,0.0,0.0,0.3333333432674408,0.00431187651338405,0.0,0.0,0.0,0.0,0.0,,,,,,,
-0.008696733973920345,imappo,7.427455420838669e-05,0.8405195474624634,0.0009192730910303435,269.0,,,,,,,,,,,,,,0.4641213737912637,,,,,0.029339849948883057,0.00675284443423152
,imappo,,,,269.0,0.0,0.0,0.33764222460013116,0.0,0.0,0.0,0.3333333432674408,0.0043088648017146625,0.0,0.0,0.0,0.0,0.0,,,,,,,
-0.00746204424649477,imappo,5.273505666991696e-05,0.8448329567909241,0.000918972990996999,270.0,,,,,,,,,,,,,,0.46398799599866625,,,,,0.03542935475707054,0.006747863255441189
,imappo,,,,270.0,0.0,0.0,0.33739316212086123,0.0,0.0,0.0,0.3333333432674408,0.004059837712702574,0.0,0.0,0.0,0.0,0.0,,,,,,,
-0.0012309788726270199,imappo,6.093645060900599e-05,0.860901415348053,0.0009186728909636546,271.0,,,,,,,,,,,,,,0.4638546182060687,,,,,0.033568400889635086,0.006745708640664816
,imappo,,,,271.0,0.0,0.0,0.3372854489789461,0.0,0.0,0.0,0.3333333432674408,0.003952123726776335,0.0,0.0,0.0,0.0,0.0,,,,,,,
-0.003141063963994384,imappo,0.00013535509060602635,0.875136137008667,0.0009183727909303102,272.0,,,,,,,,,,,,,,0.4637212404134712,,,,,0.03171570599079132,0.006735979113727808
,imappo,,,,272.0,0.0,0.0,0.33679901381765376,0.0,0.0,0.0,0.3333333432674408,0.0034656673778954428,0.0,0.0,0.0,0.0,0.0,,,,,,,
-0.011773865669965744,imappo,1.7503225535620004e-05,0.841659426689148,0.0009180726908969656,273.0,,,,,,,,,,,,,,0.46358786262087365,,,,,0.03457140177488327,7.312083471333608e-05
,imappo,,,,273.0,0.0,0.0,0.0036560419903253205,0.0,0.0,0.0,0.0,0.0036560419903253205,0.0,0.0,0.0,0.0,0.0,,,,,,,
-0.008699549362063408,imappo,3.978716267738491e-05,0.844749927520752,0.0009177725908636212,274.0,,,,,,,,,,,,,,0.4634544848282761,,,,,0.028556564822793007,0.00672144303098321
,imappo,,,,274.0,0.0,0.0,0.3360721687840851,0.0,0.0,0.0,0.3333333432674408,0.0027388074249756755,0.0,0.0,0.0,0.0,0.0,,,,,,,
-0.00354528590105474,imappo,5.33867823833134e-05,0.8701288104057312,0.0009174724908302768,275.0,,,,,,,,,,,,,,0.4633211070356786,,,,,0.028787147253751755,6.486966594820842e-05
,imappo,,,,275.0,0.0,0.0,0.003243483093683608,0.0,0.0,0.0,0.0,0.003243483093683608,0.0,0.0,0.0,0.0,0.0,,,,,,,
0.0016396446153521538,imappo,1.7169017155538313e-05,0.8681904077529907,0.0009171723907969323,276.0,,,,,,,,,,,,,,0.46318772924308105,,,,,0.02784115821123123,6.291523459367454e-05
,imappo,,,,276.0,0.0,0.0,0.0031457616059924476,0.0,0.0,0.0,0.0,0.0031457616059924476,0.0,0.0,0.0,0.0,0.0,,,,,,,
-0.006804061122238636,imappo,1.4312824532680679e-05,0.8575876951217651,0.0009168722907635879,277.0,,,,,,,,,,,,,,0.4630543514504835,,,,,0.029506981372833252,6.370549090206623e-05
,imappo,,,,277.0,0.0,0.0,0.0031852746215008665,0.0,0.0,0.0,0.0,0.0031852746215008665,0.0,0.0,0.0,0.0,0.0,,,,,,,
-0.004899255465716124,imappo,1.1298550816718489e-05,0.8731595873832703,0.0009165721907302435,278.0,,,,,,,,,,,,,,0.462920973657886,,,,,0.03250034898519516,7.193679630290717e-05
,imappo,,,,278.0,0.0,0.0,0.003596839826059295,0.0,0.0,0.0,0.0,0.003596839826059295,0.0,0.0,0.0,0.0,0.0,,,,,,,
-0.0024824170395731926,imappo,1.929254904098343e-05,0.8641612529754639,0.000916272090696899,279.0,,,,,,,,,,,,,,0.46278759586528845,,,,,0.03302663564682007,7.304412429220974e-05
,imappo,,,,279.0,0.0,0.0,0.0036522065820463467,0.0,0.0,0.0,0.0,0.0036522065820463467,0.0,0.0,0.0,0.0,0.0,,,,,,,
-0.004114655777812004,imappo,2.213122024841141e-05,0.8531985282897949,0.0009159719906635546,280.0,,,,,,,,,,,,,,0.4626542180726909,,,,,0.030105572193861008,7.044310041237622e-05
,imappo,,,,280.0,0.0,0.0,0.00352215520797472,0.0,0.0,0.0,0.0,0.00352215520797472,0.0,0.0,0.0,0.0,0.0,,,,,,,
-0.0025172512978315353,imappo,2.8242859116289765e-05,0.8583847284317017,0.00091567189063021,281.0,,,,,,,,,,,,,,0.4625208402800934,,,,,0.03203573450446129,7.848357927286997e-05
,imappo,,,,281.0,0.0,0.0,0.003924178585293703,0.0,0.0,0.0,0.0,0.003924178585293703,0.0,0.0,0.0,0.0,0.0,,,,,,,
-0.00449781958013773,imappo,2.836123348970432e-05,0.8545401096343994,0.0009153717905968656,282.0,,,,,,,,,,,,,,0.46238746248749585,,,,,0.029548989608883858,7.073188317008317e-05
,imappo,,,,282.0,0.0,0.0,0.0035365940821066033,0.0,0.0,0.0,0.0,0.0035365940821066033,0.0,0.0,0.0,0.0,0.0,,,,,,,
-0.007197131402790546,imappo,4.6493038098560646e-05,0.8774778246879578,0.0009150716905635212,283.0,,,,,,,,,,,,,,0.4622540846948983,,,,,0.030116040259599686,7.151902536861598e-05
,imappo,,,,283.0,0.0,0.0,0.003575951177481329,0.0,0.0,0.0,0.0,0.003575951177481329,0.0,0.0,0.0,0.0,0.0,,,,,,,
-0.0029096133075654507,imappo,3.290618769824505e-05,0.8758383393287659,0.0009147715905301767,284.0,,,,,,,,,,,,,,0.4621207069023008,,,,,0.03049449250102043,7.453318539774045e-05
,imappo,,,,284.0,0.0,0.0,0.003726659320818726,0.0,0.0,0.0,0.0,0.003726659320818726,0.0,0.0,0.0,0.0,0.0,,,,,,,
-0.004086315631866455,imappo,1.430866996088298e-05,0.8691827654838562,0.0009144714904968323,285.0,,,,,,,,,,,,,,0.46198732910970325,,,,,0.03103204071521759,6.958751328056678e-05
,imappo,,,,285.0,0.0,0.0,0.0034793754857673775,0.0,0.0,0.0,0.0,0.0034793754857673775,0.0,0.0,0.0,0.0,0.0,,,,,,,
-0.0053072478622198105,imappo,1.1920195902348496e-05,0.8791072368621826,0.0009141713904634879,286.0,,,,,,,,,,,,,,0.4618539513171057,,,,,0.030698135495185852,7.050653948681429e-05
,imappo,,,,286.0,0.0,0.0,0.0035253271780675277,0.0,0.0,0.0,0.0,0.0035253271780675277,0.0,0.0,0.0,0.0,0.0,,,,,,,
-0.0016177046345546842,imappo,1.2133365089539438e-05,0.8915219306945801,0.0009138712904301434,287.0,,,,,,,,,,,,,,0.4617205735245082,,,,,0.033525243401527405,8.921358676161617e-05
,imappo,,,,287.0,0.0,0.0,0.004460679232579423,0.0,0.0,0.0,0.0,0.004460679232579423,0.0,0.0,0.0,0.0,0.0,,,,,,,
-0.0026647537015378475,imappo,9.5884015536285e-06,0.8775243163108826,0.000913571190396799,288.0,,,,,,,,,,,,,,0.46158719573191065,,,,,0.03168836608529091,8.853806502884254e-05
,imappo,,,,288.0,0.0,0.0,0.00442690314957872,0.0,0.0,0.0,0.0,0.00442690314957872,0.0,0.0,0.0,0.0,0.0,,,,,,,
-0.002378502395004034,imappo,5.198166945774574e-06,0.8547101020812988,0.0009132710903634545,289.0,,,,,,,,,,,,,,0.4614538179393131,,,,,0.02730146422982216,6.441643927246332e-05
,imappo,,,,289.0,0.0,0.0,0.003220822207367746,0.0,0.0,0.0,0.0,0.003220822207367746,0.0,0.0,0.0,0.0,0.0,,,,,,,
-0.0028391610831022263,imappo,7.151124464144232e-06,0.853991687297821,0.0009129709903301101,290.0,,,,,,,,,,,,,,0.4613204401467156,,,,,0.027925729751586914,8.207599603338167e-05
,imappo,,,,290.0,0.0,0.0,0.0041037994633370545,0.0,0.0,0.0,0.0,0.0041037994633370545,0.0,0.0,0.0,0.0,0.0,,,,,,,
-0.0122644929215312,imappo,2.5513422770018224e-06,0.849744439125061,0.0009126708902967656,291.0,,,,,,,,,,,,,,0.46118706235411805,,,,,0.026279672980308533,6.179513729875907e-05
,imappo,,,,291.0,0.0,0.0,0.00308975693769753,0.0,0.0,0.0,0.0,0.00308975693769753,0.0,0.0,0.0,0.0,0.0,,,,,,,
-0.0022255186922848225,imappo,5.1354331844777334e-06,0.8302441835403442,0.0009123707902634211,292.0,,,,,,,,,,,,,,0.4610536845615205,,,,,0.029913462698459625,7.054685556795448e-05
,imappo,,,,292.0,0.0,0.0,0.0035273429566586856,0.0,0.0,0.0,0.0,0.0035273429566586856,0.0,0.0,0.0,0.0,0.0,,,,,,,
-0.007851696573197842,imappo,2.11164956454013e-06,0.8364877104759216,0.0009120706902300767,293.0,,,,,,,,,,,,,,0.460920306768923,,,,,0.03188227862119675,6.696344644296914e-05
,imappo,,,,293.0,0.0,0.0,0.0033481720565760043,0.0,0.0,0.0,0.0,0.0033481720565760043,0.0,0.0,0.0,0.0,0.0,,,,,,,
-0.005905795842409134,imappo,3.4102879453712376e-06,0.8387326002120972,0.0009117705901967323,294.0,,,,,,,,,,,,,,0.46078692897632545,,,,,0.0312543660402298,7.00331584084779e-05
,imappo,,,,294.0,0.0,0.0,0.003501658091408899,0.0,0.0,0.0,0.0,0.003501658091408899,0.0,0.0,0.0,0.0,0.0,,,,,,,
-0.00547882542014122,imappo,1.7577821154191042e-06,0.8495080471038818,0.0009114704901633878,295.0,,,,,,,,,,,,,,0.4606535511837279,,,,,0.03294714540243149,7.294373790500686e-05
,imappo,,,,295.0,0.0,0.0,0.003647187120805029,0.0,0.0,0.0,0.0,0.003647187120805029,0.0,0.0,0.0,0.0,0.0,,,,,,,
-0.007250940892845392,imappo,1.0155954441870563e-06,0.8255565166473389,0.0009111703901300434,296.0,,,,,,,,,,,,,,0.4605201733911304,,,,,0.029333584010601044,6.308404408628121e-05
,imappo,,,,296.0,0.0,0.0,0.003154201876895968,0.0,0.0,0.0,0.0,0.003154201876895968,0.0,0.0,0.0,0.0,0.0,,,,,,,
-0.0026270179077982903,imappo,3.086406195507152e-06,0.8513597846031189,0.0009108702900966989,297.0,,,,,,,,,,,,,,0.46038679559853285,,,,,0.032808706164360046,6.973189010750502e-05
,imappo,,,,297.0,0.0,0.0,0.003486594487185357,0.0,0.0,0.0,0.0,0.003486594487185357,0.0,0.0,0.0,0.0,0.0,,,,,,,
-0.006302919238805771,imappo,1.7207479459102615e-06,0.8370822668075562,0.0009105701900633545,298.0,,,,,,,,,,,,,,0.4602534178059353,,,,,0.027478933334350586,6.406967440852895e-05
,imappo,,,,298.0,0.0,0.0,0.0032034837640821934,0.0,0.0,0.0,0.0,0.0032034837640821934,0.0,0.0,0.0,0.0,0.0,,,,,,,
-0.007603093516081572,imappo,2.502251390978927e-06,0.8472139239311218,0.0009102700900300101,299.0,,,,,,,,,,,,,,0.4601200400133378,,,,,0.029455415904521942,6.508645310532302e-05
,imappo,,,,299.0,0.0,0.0,0.003254322899010731,0.0,0.0,0.0,0.0,0.003254322899010731,0.0,0.0,0.0,0.0,0.0,,,,,,,
,imappo,,,,299.0,,,,,,,,,,,,,,,0.0,0.0,0.0,0.0,,
-0.005889344494789839,imappo,2.267485115226009e-06,0.8196712136268616,0.0009099699899966655,300.0,,,,,,,,,,,,,,0.45998666222074025,,,,,0.029570668935775757,7.013900903984904e-05
,imappo,,,,300.0,0.0,0.0,0.0035069503865088336,0.0,0.0,0.0,0.0,0.0035069503865088336,0.0,0.0,0.0,0.0,0.0,,,,,,,
-0.0014935191720724106,imappo,2.150851742044324e-06,0.8329280614852905,0.0009096698899633211,301.0,,,,,,,,,,,,,,0.4598532844281427,,,,,0.034646593034267426,7.194184581749141e-05
,imappo,,,,301.0,0.0,0.0,0.0035970921271655243,0.0,0.0,0.0,0.0,0.0035970921271655243,0.0,0.0,0.0,0.0,0.0,,,,,,,
-0.0017249137163162231,imappo,1.3242207614894141e-06,0.8309286236763,0.0009093697899299767,302.0,,,,,,,,,,,,,,0.4597199066355452,,,,,0.025347817689180374,5.751807111664675e-05
,imappo,,,,302.0,0.0,0.0,0.0028759037049894687,0.0,0.0,0.0,0.0,0.0028759037049894687,0.0,0.0,0.0,0.0,0.0,,,,,,,
-0.004615217447280884,imappo,2.0332336134742945e-06,0.8450117707252502,0.0009090696898966322,303.0,,,,,,,,,,,,,,0.45958652884294765,,,,,0.02983834594488144,7.08742591086775e-05
,imappo,,,,303.0,0.0,0.0,0.003543712846294511,0.0,0.0,0.0,0.0,0.003543712846294511,0.0,0.0,0.0,0.0,0.0,,,,,,,
0.003447814378887415,imappo,6.138354819995584e-07,0.8351064920425415,0.0009087695898632878,304.0,,,,,,,,,,,,,,0.4594531510503501,,,,,0.02744992822408676,6.92632092977874e-05
,imappo,,,,304.0,0.0,0.0,0.0034631603812158573,0.0,0.0,0.0,0.0,0.0034631603812158573,0.0,0.0,0.0,0.0,0.0,,,,,,,
-0.004054808523505926,imappo,1.0979416629197658e-06,0.8359930515289307,0.0009084694898299434,305.0,,,,,,,,,,,,,,0.4593197732577526,,,,,0.03214713931083679,7.160039967857301e-05
,imappo,,,,305.0,0.0,0.0,0.003580019674700452,0.0,0.0,0.0,0.0,0.003580019674700452,0.0,0.0,0.0,0.0,0.0,,,,,,,
-0.005650619976222515,imappo,4.676444120832457e-07,0.8270646929740906,0.0009081693897965989,306.0,,,,,,,,,,,,,,0.45918639546515505,,,,,0.028316454961895943,7.013216963969171e-05
,imappo,,,,306.0,0.0,0.0,0.003506608452880755,0.0,0.0,0.0,0.0,0.003506608452880755,0.0,0.0,0.0,0.0,0.0,,,,,,,
0.002357490360736847,imappo,6.6048056623913e-07,0.803945779800415,0.0009078692897632545,307.0,,,,,,,,,,,,,,0.4590530176725575,,,,,0.0275387242436409,6.177387695061043e-05
,imappo,,,,307.0,0.0,0.0,0.003088694211328402,0.0,0.0,0.0,0.0,0.003088694211328402,0.0,0.0,0.0,0.0,0.0,,,,,,,
-0.0011230469681322575,imappo,7.483509989469894e-07,0.8038293719291687,0.00090756918972991,308.0,,,,,,,,,,,,,,0.45891963987996,,,,,0.03465691953897476,7.511370495194569e-05
,imappo,,,,308.0,0.0,0.0,0.0037556850675173337,0.0,0.0,0.0,0.0,0.0037556850675173337,0.0,0.0,0.0,0.0,0.0,,,,,,,
-0.005881148856133223,imappo,6.265192382670648e-07,0.8033417463302612,0.0009072690896965655,309.0,,,,,,,,,,,,,,0.45878626208736245,,,,,0.030604440718889236,7.029294647509232e-05
,imappo,,,,309.0,0.0,0.0,0.0035146473310305737,0.0,0.0,0.0,0.0,0.0035146473310305737,0.0,0.0,0.0,0.0,0.0,,,,,,,
-0.003490122966468334,imappo,4.5416302896228444e-07,0.8137271404266357,0.0009069689896632211,310.0,,,,,,,,,,,,,,0.4586528842947649,,,,,0.0324704647064209,6.876036059111357e-05
,imappo,,,,310.0,0.0,0.0,0.0034380181423330214,0.0,0.0,0.0,0.0,0.0034380181423330214,0.0,0.0,0.0,0.0,0.0,,,,,,,
-0.011075186543166637,imappo,6.684261393274937e-07,0.8440293073654175,0.0009066688896298766,311.0,,,,,,,,,,,,,,0.4585195065021674,,,,,0.02621731534600258,5.849014996783808e-05
,imappo,,,,311.0,0.0,0.0,0.0029245073601487093,0.0,0.0,0.0,0.0,0.0029245073601487093,0.0,0.0,0.0,0.0,0.0,,,,,,,
-0.01276280265301466,imappo,3.3044466363207903e-07,0.8537929058074951,0.0009063687895965322,312.0,,,,,,,,,,,,,,0.45838612870956985,,,,,0.03478379547595978,7.692931831115857e-05
,imappo,,,,312.0,0.0,0.0,0.003846465868264204,0.0,0.0,0.0,0.0,0.003846465868264204,0.0,0.0,0.0,0.0,0.0,,,,,,,
0.00012872868683189154,imappo,5.623145398203633e-07,0.8618395924568176,0.0009060686895631877,313.0,,,,,,,,,,,,,,0.4582527509169723,,,,,0.029580723494291306,6.227795529412106e-05
,imappo,,,,313.0,0.0,0.0,0.0031138976100919535,0.0,0.0,0.0,0.0,0.0031138976100919535,0.0,0.0,0.0,0.0,0.0,,,,,,,
-0.005503919441252947,imappo,3.4762905443130876e-07,0.9139972925186157,0.0009057685895298433,314.0,,,,,,,,,,,,,,0.4581193731243748,,,,,0.03321346640586853,8.294697181554511e-05
,imappo,,,,314.0,0.0,0.0,0.004147348357946612,0.0,0.0,0.0,0.0,0.004147348357946612,0.0,0.0,0.0,0.0,0.0,,,,,,,
-0.0038793389685451984,imappo,4.211958071209665e-07,0.8964797854423523,0.0009054684894964989,315.0,,,,,,,,,,,,,,0.45798599533177725,,,,,0.02884107083082199,6.932155520189553e-05
,imappo,,,,315.0,0.0,0.0,0.0034660780620470177,0.0,0.0,0.0,0.0,0.0034660780620470177,0.0,0.0,0.0,0.0,0.0,,,,,,,
-0.007373124361038208,imappo,3.6493867128228885e-07,0.9346561431884766,0.0009051683894631545,316.0,,,,,,,,,,,,,,0.4578526175391797,,,,,0.03650858625769615,8.141515718307346e-05
,imappo,,,,316.0,0.0,0.0,0.004070758135640062,0.0,0.0,0.0,0.0,0.004070758135640062,0.0,0.0,0.0,0.0,0.0,,,,,,,
0.0015307471621781588,imappo,2.533867018428282e-07,0.9346211552619934,0.00090486828942981,317.0,,,,,,,,,,,,,,0.4577192397465822,,,,,0.030399132519960403,6.683032552246004e-05
,imappo,,,,317.0,0.0,0.0,0.0033415161015000194,0.0,0.0,0.0,0.0,0.0033415161015000194,0.0,0.0,0.0,0.0,0.0,,,,,,,
0.00013533286983147264,imappo,2.9421391900541494e-07,0.9448675513267517,0.0009045681893964655,318.0,,,,,,,,,,,,,,0.45758586195398465,,,,,0.029343783855438232,6.53471433906816e-05
,imappo,,,,318.0,0.0,0.0,0.0032673571877239738,0.0,0.0,0.0,0.0,0.0032673571877239738,0.0,0.0,0.0,0.0,0.0,,,,,,,
-0.008774517104029655,imappo,2.2683121869704337e-07,0.9737612009048462,0.000904268089363121,319.0,,,,,,,,,,,,,,0.4574524841613871,,,,,0.027133319526910782,6.882872548885643e-05
,imappo,,,,319.0,0.0,0.0,0.0034414363726682495,0.0,0.0,0.0,0.0,0.0034414363726682495,0.0,0.0,0.0,0.0,0.0,,,,,,,
-0.0035870918072760105,imappo,3.0175777965268935e-07,0.9341935515403748,0.0009039679893297766,320.0,,,,,,,,,,,,,,0.4573191063687896,,,,,0.0279543437063694,5.298036921885796e-05
,imappo,,,,320.0,0.0,0.0,0.002649018608735787,0.0,0.0,0.0,0.0,0.002649018608735787,0.0,0.0,0.0,0.0,0.0,,,,,,,
-0.013111501932144165,imappo,2.407429633421998e-07,0.958770215511322,0.0009036678892964322,321.0,,,,,,,,,,,,,,0.45718572857619205,,,,,0.03188568726181984,7.626221486134455e-05
,imappo,,,,321.0,0.0,0.0,0.003813110746705206,0.0,0.0,0.0,0.0,0.003813110746705206,0.0,0.0,0.0,0.0,0.0,,,,,,,
0.00363889429718256,imappo,3.828076273748593e-07,0.9488412737846375,0.0009033677892630877,322.0,,,,,,,,,,,,,,0.4570523507835945,,,,,0.030838292092084885,6.59265206195414e-05
,imappo,,,,322.0,0.0,0.0,0.003296325812698342,0.0,0.0,0.0,0.0,0.003296325812698342,0.0,0.0,0.0,0.0,0.0,,,,,,,
-0.005128438118845224,imappo,2.1193045540712774e-07,0.9305070042610168,0.0009030676892297433,323.0,,,,,,,,,,,,,,0.456918972990997,,,,,0.034212321043014526,5.22522532264702e-05
,imappo,,,,323.0,0.0,0.0,0.002612612680422899,0.0,0.0,0.0,0.0,0.002612612680422899,0.0,0.0,0.0,0.0,0.0,,,,,,,
-0.0052693672478199005,imappo,2.5681157467261073e-07,0.9258171319961548,0.0009027675891963988,324.0,,,,,,,,,,,,,,0.45678559519839945,,,,,0.02824825793504715,6.159861368359998e-05
,imappo,,,,324.0,0.0,0.0,0.0030799307896813843,0.0,0.0,0.0,0.0,0.0030799307896813843,0.0,0.0,0.0,0.0,0.0,,,,,,,
-0.0001512130838818848,imappo,1.300475247489885e-07,0.9424808621406555,0.0009024674891630544,325.0,,,,,,,,,,,,,,0.4566522174058019,,,,,0.03131801262497902,5.802453597425483e-05
,imappo,,,,325.0,0.0,0.0,0.0029012269278609892,0.0,0.0,0.0,0.0,0.0029012269278609892,0.0,0.0,0.0,0.0,0.0,,,,,,,
-0.003625529119744897,imappo,2.65868948190473e-07,0.9499061107635498,0.00090216738912971,326.0,,,,,,,,,,,,,,0.4565188396132044,,,,,0.029046613723039627,5.818357749376446e-05
,imappo,,,,326.0,0.0,0.0,0.0029091790875099832,0.0,0.0,0.0,0.0,0.0029091790875099832,0.0,0.0,0.0,0.0,0.0,,,,,,,
-0.0035491602029651403,imappo,1.4404581349936052e-07,0.9418348073959351,0.0009018672890963654,327.0,,,,,,,,,,,,,,0.45638546182060685,,,,,0.034958407282829285,7.813589763827622e-05
,imappo,,,,327.0,0.0,0.0,0.003906794725480722,0.0,0.0,0.0,0.0,0.003906794725480722,0.0,0.0,0.0,0.0,0.0,,,,,,,
-0.007467900402843952,imappo,2.7486439080348646e-07,0.8925932049751282,0.000901567189063021,328.0,,,,,,,,,,,,,,0.4562520840280093,,,,,0.034965287894010544,7.433107384713367e-05
,imappo,,,,328.0,0.0,0.0,0.003716553565027425,0.0,0.0,0.0,0.0,0.003716553565027425,0.0,0.0,0.0,0.0,0.0,,,,,,,
-0.0015944051556289196,imappo,1.984780766406402e-07,0.9068278074264526,0.0009012670890296766,329.0,,,,,,,,,,,,,,0.4561187062354118,,,,,0.029566651210188866,6.999169272603467e-05
,imappo,,,,329.0,0.0,0.0,0.0034995846945093945,0.0,0.0,0.0,0.0,0.0034995846945093945,0.0,0.0,0.0,0.0,0.0,,,,,,,
-0.00955981109291315,imappo,2.645255108291167e-07,0.9318516254425049,0.0009009669889963321,330.0,,,,,,,,,,,,,,0.45598532844281425,,,,,0.030290471389889717,6.904223118908703e-05
,imappo,,,,330.0,0.0,0.0,0.0034521115230745636,0.0,0.0,0.0,0.0,0.0034521115230745636,0.0,0.0,0.0,0.0,0.0,,,,,,,
-0.0011080006370320916,imappo,3.9181412603284116e-07,0.9367516040802002,0.0009006668889629877,331.0,,,,,,,,,,,,,,0.4558519506502167,,,,,0.026307392865419388,6.347931775962934e-05
,imappo,,,,331.0,0.0,0.0,0.003173965753376251,0.0,0.0,0.0,0.0,0.003173965753376251,0.0,0.0,0.0,0.0,0.0,,,,,,,
0.0012833860237151384,imappo,2.2712549707648577e-07,0.9103426337242126,0.0009003667889296433,332.0,,,,,,,,,,,,,,0.4557185728576192,,,,,0.031709250062704086,6.546993972733617e-05
,imappo,,,,332.0,0.0,0.0,0.0032734972155594733,0.0,0.0,0.0,0.0,0.0032734972155594733,0.0,0.0,0.0,0.0,0.0,,,,,,,
-0.011814653873443604,imappo,2.1942878447589464e-07,0.9097084403038025,0.0009000666888962988,333.0,,,,,,,,,,,,,,0.45558519506502165,,,,,0.028934340924024582,6.525931530632079e-05
,imappo,,,,333.0,0.0,0.0,0.0032629655906930566,0.0,0.0,0.0,0.0,0.0032629655906930566,0.0,0.0,0.0,0.0,0.0,,,,,,,
-0.010301392525434494,imappo,2.23245265829064e-07,0.9026313424110413,0.0008997665888629544,334.0,,,,,,,,,,,,,,0.4554518172724241,,,,,0.036960504949092865,7.578892837045714e-05
,imappo,,,,334.0,0.0,0.0,0.003789446462178603,0.0,0.0,0.0,0.0,0.003789446462178603,0.0,0.0,0.0,0.0,0.0,,,,,,,
-0.008055892772972584,imappo,4.3286647155582614e-07,0.8773278594017029,0.0008994664888296098,335.0,,,,,,,,,,,,,,0.4553184394798266,,,,,0.032353270798921585,7.329436630243436e-05
,imappo,,,,335.0,0.0,0.0,0.003664718289655866,0.0,0.0,0.0,0.0,0.003664718289655866,0.0,0.0,0.0,0.0,0.0,,,,,,,
-0.002710818313062191,imappo,2.9416887059596775e-07,0.8919028639793396,0.0008991663887962654,336.0,,,,,,,,,,,,,,0.45518506168722905,,,,,0.03373720496892929,6.526459765154868e-05
,imappo,,,,336.0,0.0,0.0,0.003263229657022748,0.0,0.0,0.0,0.0,0.003263229657022748,0.0,0.0,0.0,0.0,0.0,,,,,,,
-0.009629703126847744,imappo,9.406555818713969e-07,0.8713455200195312,0.000898866288762921,337.0,,,,,,,,,,,,,,0.4550516838946315,,,,,0.028697602450847626,6.386787572409958e-05
,imappo,,,,337.0,0.0,0.0,0.003193393786204979,0.0,0.0,0.0,0.0,0.003193393786204979,0.0,0.0,0.0,0.0,0.0,,,,,,,
-0.005824513267725706,imappo,3.7490372051252052e-06,0.8451359272003174,0.0008985661887295765,338.0,,,,,,,,,,,,,,0.454918306102034,,,,,0.02804899960756302,6.03503649472259e-05
,imappo,,,,338.0,0.0,0.0,0.003017518174601719,0.0,0.0,0.0,0.0,0.003017518174601719,0.0,0.0,0.0,0.0,0.0,,,,,,,
-0.008644006215035915,imappo,1.8733870774667594e-06,0.7935068607330322,0.0008982660886962321,339.0,,,,,,,,,,,,,,0.4547849283094365,,,,,0.03317911922931671,5.884383790544234e-05
,imappo,,,,339.0,0.0,0.0,0.0029421918297884986,0.0,0.0,0.0,0.0,0.0029421918297884986,0.0,0.0,0.0,0.0,0.0,,,,,,,
-0.011524776928126812,imappo,4.420904815560789e-07,0.748083233833313,0.0008979659886628877,340.0,,,,,,,,,,,,,,0.4546515505168389,,,,,0.03372752666473389,7.355071284109727e-05
,imappo,,,,340.0,0.0,0.0,0.0036775360858882777,0.0,0.0,0.0,0.0,0.0036775360858882777,0.0,0.0,0.0,0.0,0.0,,,,,,,
-0.004655763506889343,imappo,9.731069212648435e-07,0.7491098642349243,0.0008976658886295432,341.0,,,,,,,,,,,,,,0.45451817272424144,,,,,0.02723918855190277,6.396136450348422e-05
,imappo,,,,341.0,0.0,0.0,0.0031980679341359064,0.0,0.0,0.0,0.0,0.0031980679341359064,0.0,0.0,0.0,0.0,0.0,,,,,,,
0.002126747975125909,imappo,1.077485308087489e-06,0.7613839507102966,0.0008973657885961988,342.0,,,,,,,,,,,,,,0.45438479493164385,,,,,0.03495275601744652,7.67606616136618e-05
,imappo,,,,342.0,0.0,0.0,0.003838033077045111,0.0,0.0,0.0,0.0,0.003838033077045111,0.0,0.0,0.0,0.0,0.0,,,,,,,
-0.007802752312272787,imappo,5.775165732302412e-07,0.7364746332168579,0.0008970656885628544,343.0,,,,,,,,,,,,,,0.4542514171390464,,,,,0.03117610514163971,6.697927165077999e-05
,imappo,,,,343.0,0.0,0.0,0.003348963593452936,0.0,0.0,0.0,0.0,0.003348963593452936,0.0,0.0,0.0,0.0,0.0,,,,,,,
-0.006447759456932545,imappo,2.2260543630636676e-07,0.758274257183075,0.0008967655885295098,344.0,,,,,,,,,,,,,,0.4541180393464488,,,,,0.03160790726542473,6.501367897726595e-05
,imappo,,,,344.0,0.0,0.0,0.0032506839743291494,0.0,0.0,0.0,0.0,0.0032506839743291494,0.0,0.0,0.0,0.0,0.0,,,,,,,
-0.006539906375110149,imappo,3.694157442168944e-07,0.7136765122413635,0.0008964654884961654,345.0,,,,,,,,,,,,,,0.4539846615538513,,,,,0.02961902692914009,6.520647730212659e-05
,imappo,,,,345.0,0.0,0.0,0.0032603237705188803,0.0,0.0,0.0,0.0,0.0032603237705188803,0.0,0.0,0.0,0.0,0.0,,,,,,,
-0.005520402919501066,imappo,1.1649675002445292e-07,0.693923830986023,0.0008961653884628209,346.0,,,,,,,,,,,,,,0.4538512837612537,,,,,0.031830109655857086,6.538929301314056e-05
,imappo,,,,346.0,0.0,0.0,0.0032694646943127736,0.0,0.0,0.0,0.0,0.0032694646943127736,0.0,0.0,0.0,0.0,0.0,,,,,,,
-0.004009178839623928,imappo,1.7608512337119464e-07,0.6702204942703247,0.0008958652884294765,347.0,,,,,,,,,,,,,,0.45371790596865624,,,,,0.03015017881989479,6.818975089117885e-05
,imappo,,,,347.0,0.0,0.0,0.0034094874154106947,0.0,0.0,0.0,0.0,0.0034094874154106947,0.0,0.0,0.0,0.0,0.0,,,,,,,
-0.008293300867080688,imappo,1.13134717594221e-07,0.5988375544548035,0.0008955651883961321,348.0,,,,,,,,,,,,,,0.45358452817605865,,,,,0.029665548354387283,7.066180114634335e-05
,imappo,,,,348.0,0.0,0.0,0.003533089784468757,0.0,0.0,0.0,0.0,0.003533089784468757,0.0,0.0,0.0,0.0,0.0,,,,,,,
-0.0004896453465335071,imappo,2.2759719797704747e-07,0.6039785742759705,0.0008952650883627876,349.0,,,,,,,,,,,,,,0.4534511503834612,,,,,0.029641814529895782,6.421305442927405e-05
,imappo,,,,349.0,0.0,0.0,0.0032106529106386006,0.0,0.0,0.0,0.0,0.0032106529106386006,0.0,0.0,0.0,0.0,0.0,,,,,,,
-0.0032787572126835585,imappo,6.476895464402332e-07,0.6369580626487732,0.0008949649883294432,350.0,,,,,,,,,,,,,,0.4533177725908636,,,,,0.03286980837583542,7.092874147929251e-05
,imappo,,,,350.0,0.0,0.0,0.00354643727405346,0.0,0.0,0.0,0.0,0.00354643727405346,0.0,0.0,0.0,0.0,0.0,,,,,,,
-0.0048692356795072556,imappo,4.644923592422856e-07,0.6832901835441589,0.0008946648882960987,351.0,,,,,,,,,,,,,,0.4531843947982661,,,,,0.029046718031167984,6.229965947568417e-05
,imappo,,,,351.0,0.0,0.0,0.0031149830101639964,0.0,0.0,0.0,0.0,0.0031149830101639964,0.0,0.0,0.0,0.0,0.0,,,,,,,
-0.006159649230539799,imappo,5.77307162075158e-07,0.6587572693824768,0.0008943647882627543,352.0,,,,,,,,,,,,,,0.4530510170056685,,,,,0.02734704688191414,5.9912079450441524e-05
,imappo,,,,352.0,0.0,0.0,0.002995603823364945,0.0,0.0,0.0,0.0,0.002995603823364945,0.0,0.0,0.0,0.0,0.0,,,,,,,
0.0011474289931356907,imappo,1.472478601272087e-07,0.5926523804664612,0.0008940646882294098,353.0,,,,,,,,,,,,,,0.45291763921307104,,,,,0.02751457318663597,6.87482679495588e-05
,imappo,,,,353.0,0.0,0.0,0.0034374130991636775,0.0,0.0,0.0,0.0,0.0034374130991636775,0.0,0.0,0.0,0.0,0.0,,,,,,,
-0.003268695902079344,imappo,2.5069593334592355e-07,0.6868045330047607,0.0008937645881960654,354.0,,,,,,,,,,,,,,0.4527842614204735,,,,,0.030593283474445343,6.581602792721242e-05
,imappo,,,,354.0,0.0,0.0,0.003290801261755405,0.0,0.0,0.0,0.0,0.003290801261755405,0.0,0.0,0.0,0.0,0.0,,,,,,,
-0.005387593526393175,imappo,1.202864154947747e-07,0.6177459359169006,0.0008934644881627209,355.0,,,,,,,,,,,,,,0.452650883627876,,,,,0.029035016894340515,6.13009906373918e-05
,imappo,,,,355.0,0.0,0.0,0.00306504962463805,0.0,0.0,0.0,0.0,0.00306504962463805,0.0,0.0,0.0,0.0,0.0,,,,,,,
-0.006293232552707195,imappo,1.3548641675242834e-07,0.5587944984436035,0.0008931643881293765,356.0,,,,,,,,,,,,,,0.45251750583527844,,,,,0.03293778747320175,6.257268250919878e-05
,imappo,,,,356.0,0.0,0.0,0.003128633994492702,0.0,0.0,0.0,0.0,0.003128633994492702,0.0,0.0,0.0,0.0,0.0,,,,,,,
-0.010514997877180576,imappo,2.631666120578302e-07,0.519768476486206,0.000892864288096032,357.0,,,,,,,,,,,,,,0.4523841280426809,,,,,0.028047487139701843,6.273260078160092e-05
,imappo,,,,357.0,0.0,0.0,0.0031366301445814315,0.0,0.0,0.0,0.0,0.0031366301445814315,0.0,0.0,0.0,0.0,0.0,,,,,,,
-0.009167183190584183,imappo,8.802161488574711e-08,0.4957199990749359,0.0008925641880626876,358.0,,,,,,,,,,,,,,0.4522507502500834,,,,,0.026772748678922653,6.27687550149858e-05
,imappo,,,,358.0,0.0,0.0,0.003138437714369502,0.0,0.0,0.0,0.0,0.003138437714369502,0.0,0.0,0.0,0.0,0.0,,,,,,,
-0.003895697882398963,imappo,7.61372405122529e-08,0.5050861835479736,0.0008922640880293432,359.0,,,,,,,,,,,,,,0.45211737245748584,,,,,0.02821243740618229,6.117792509030551e-05
,imappo,,,,359.0,0.0,0.0,0.003058896472794004,0.0,0.0,0.0,0.0,0.003058896472794004,0.0,0.0,0.0,0.0,0.0,,,,,,,
-0.00029108335729688406,imappo,1.5996710089893895e-07,0.5930586457252502,0.0008919639879959987,360.0,,,,,,,,,,,,,,0.4519839946648883,,,,,0.03011511079967022,6.236391345737502e-05
,imappo,,,,360.0,0.0,0.0,0.0031181959275272675,0.0,0.0,0.0,0.0,0.0031181959275272675,0.0,0.0,0.0,0.0,0.0,,,,,,,
-0.005563928280025721,imappo,7.616355901518546e-08,0.39996838569641113,0.0008916638879626543,361.0,,,,,,,,,,,,,,0.4518506168722908,,,,,0.023744164034724236,6.276341446209699e-05
,imappo,,,,361.0,0.0,0.0,0.0031381707412947435,0.0,0.0,0.0,0.0,0.0031381707412947435,0.0,0.0,0.0,0.0,0.0,,,,,,,
0.00017496029613539577,imappo,1.0797053562328074e-07,0.4752829074859619,0.0008913637879293097,362.0,,,,,,,,,,,,,,0.45171723907969324,,,,,0.025731120258569717,5.513223368325271e-05
,imappo,,,,362.0,0.0,0.0,0.0027566117532842327,0.0,0.0,0.0,0.0,0.0027566117532842327,0.0,0.0,0.0,0.0,0.0,,,,,,,
0.00013672103523276746,imappo,6.071053348932764e-08,0.3936355710029602,0.0008910636878959653,363.0,,,,,,,,,,,,,,0.4515838612870957,,,,,0.03618568554520607,6.93072215653956e-05
,imappo,,,,363.0,0.0,0.0,0.003465360881818924,0.0,0.0,0.0,0.0,0.003465360881818924,0.0,0.0,0.0,0.0,0.0,,,,,,,
-0.006125728599727154,imappo,4.4854964187379665e-08,0.3855513036251068,0.0008907635878626209,364.0,,,,,,,,,,,,,,0.4514504834944982,,,,,0.032003626227378845,8.332270226674154e-05
,imappo,,,,364.0,0.0,0.0,0.004166135036939522,0.0,0.0,0.0,0.0,0.004166135036939522,0.0,0.0,0.0,0.0,0.0,,,,,,,
-0.0009776292135939002,imappo,1.3705138712793996e-07,0.5005131959915161,0.0008904634878292764,365.0,,,,,,,,,,,,,,0.45131710570190064,,,,,0.03187333792448044,5.7639277656562626e-05
,imappo,,,,365.0,0.0,0.0,0.002881964188418351,0.0,0.0,0.0,0.0,0.002881964188418351,0.0,0.0,0.0,0.0,0.0,,,,,,,
0.0012558139860630035,imappo,2.501713538549666e-07,0.37015265226364136,0.000890163387795932,366.0,,,,,,,,,,,,,,0.4511837279093031,,,,,0.028901055455207825,8.650146628497168e-05
,imappo,,,,366.0,0.0,0.0,0.0043250732705928385,0.0,0.0,0.0,0.0,0.0043250732705928385,0.0,0.0,0.0,0.0,0.0,,,,,,,
-0.007700476795434952,imappo,1.8359783382493333e-07,0.4344940781593323,0.0008898632877625876,367.0,,,,,,,,,,,,,,0.4510503501167056,,,,,0.033588241785764694,7.053979788906872e-05
,imappo,,,,367.0,0.0,0.0,0.0035269897525722627,0.0,0.0,0.0,0.0,0.0035269897525722627,0.0,0.0,0.0,0.0,0.0,,,,,,,
-0.0021049892529845238,imappo,1.493632169058401e-07,0.43654659390449524,0.0008895631877292431,368.0,,,,,,,,,,,,,,0.45091697232410805,,,,,0.03577956557273865,5.807995694340207e-05
,imappo,,,,368.0,0.0,0.0,0.0029039979708613828,0.0,0.0,0.0,0.0,0.0029039979708613828,0.0,0.0,0.0,0.0,0.0,,,,,,,
0.008456817828118801,imappo,1.5625782623374107e-07,0.3635067641735077,0.0008892630876958987,369.0,,,,,,,,,,,,,,0.4507835945315105,,,,,0.027602210640907288,6.16492543485947e-05
,imappo,,,,369.0,0.0,0.0,0.00308246248823707,0.0,0.0,0.0,0.0,0.00308246248823707,0.0,0.0,0.0,0.0,0.0,,,,,,,
-0.005522426683455706,imappo,8.827698394497929e-08,0.4388415515422821,0.0008889629876625543,370.0,,,,,,,,,,,,,,0.450650216738913,,,,,0.031722284853458405,7.161134999478236e-05
,imappo,,,,370.0,0.0,0.0,0.003580567590688588,0.0,0.0,0.0,0.0,0.003580567590688588,0.0,0.0,0.0,0.0,0.0,,,,,,,
0.0018509796354919672,imappo,1.1236639352318889e-07,0.3735027015209198,0.0008886628876292097,371.0,,,,,,,,,,,,,,0.45051683894631545,,,,,0.030205581337213516,6.907445640536025e-05
,imappo,,,,371.0,0.0,0.0,0.003453722678386839,0.0,0.0,0.0,0.0,0.003453722678386839,0.0,0.0,0.0,0.0,0.0,,,,,,,
-0.008673097938299179,imappo,8.192966305387017e-08,0.3920619785785675,0.0008883627875958653,372.0,,,,,,,,,,,,,,0.4503834611537179,,,,,0.033519402146339417,7.399921014439315e-05
,imappo,,,,372.0,0.0,0.0,0.003699960849189665,0.0,0.0,0.0,0.0,0.003699960849189665,0.0,0.0,0.0,0.0,0.0,,,,,,,
-0.0007128256838768721,imappo,6.453581136156572e-08,0.3220278322696686,0.0008880626875625208,373.0,,,,,,,,,,,,,,0.4502500833611204,,,,,0.031110035255551338,6.679795478703454e-05
,imappo,,,,373.0,0.0,0.0,0.003339897361001931,0.0,0.0,0.0,0.0,0.003339897361001931,0.0,0.0,0.0,0.0,0.0,,,,,,,
-0.004190806765109301,imappo,9.556767821550238e-08,0.2807350754737854,0.0008877625875291764,374.0,,,,,,,,,,,,,,0.45011670556852285,,,,,0.032521240413188934,8.163515303749591e-05
,imappo,,,,374.0,0.0,0.0,0.004081757600943092,0.0,0.0,0.0,0.0,0.004081757600943092,0.0,0.0,0.0,0.0,0.0,,,,,,,
-0.003098919056355953,imappo,1.0780800607790297e-07,0.3584488034248352,0.000887462487495832,375.0,,,,,,,,,,,,,,0.4499833277759253,,,,,0.027560152113437653,5.5646469263592735e-05
,imappo,,,,375.0,0.0,0.0,0.002782323306746548,0.0,0.0,0.0,0.0,0.002782323306746548,0.0,0.0,0.0,0.0,0.0,,,,,,,
-3.0146678909659386e-05,imappo,1.3846597823885531e-07,0.2700985074043274,0.0008871623874624875,376.0,,,,,,,,,,,,,,0.4498499499833278,,,,,0.02738935872912407,6.322508124867454e-05
,imappo,,,,376.0,0.0,0.0,0.0031612541133654304,0.0,0.0,0.0,0.0,0.0031612541133654304,0.0,0.0,0.0,0.0,0.0,,,,,,,
-0.002543818671256304,imappo,1.259061690461749e-07,0.2807059586048126,0.0008868622874291431,377.0,,,,,,,,,,,,,,0.44971657219073025,,,,,0.030153559520840645,6.645439862040803e-05
,imappo,,,,377.0,0.0,0.0,0.003322719803691143,0.0,0.0,0.0,0.0,0.003322719803691143,0.0,0.0,0.0,0.0,0.0,,,,,,,
-0.002336708130314946,imappo,5.593947349780137e-08,0.37501683831214905,0.0008865621873957987,378.0,,,,,,,,,,,,,,0.4495831943981327,,,,,0.029108088463544846,6.928517541382462e-05
,imappo,,,,378.0,0.0,0.0,0.0034642584578250535,0.0,0.0,0.0,0.0,0.0034642584578250535,0.0,0.0,0.0,0.0,0.0,,,,,,,
0.002656684722751379,imappo,8.429613274074654e-08,0.29942476749420166,0.0008862620873624542,379.0,,,,,,,,,,,,,,0.4494498166055352,,,,,0.03101157769560814,7.277212716871873e-05
,imappo,,,,379.0,0.0,0.0,0.0036386063511599787,0.0,0.0,0.0,0.0,0.0036386063511599787,0.0,0.0,0.0,0.0,0.0,,,,,,,
-0.0009632169967517257,imappo,9.433100700562136e-08,0.17740565538406372,0.0008859619873291097,380.0,,,,,,,,,,,,,,0.44931643881293765,,,,,0.03027905523777008,6.848600605735555e-05
,imappo,,,,380.0,0.0,0.0,0.0034243002482980955,0.0,0.0,0.0,0.0,0.0034243002482980955,0.0,0.0,0.0,0.0,0.0,,,,,,,
-0.009985375218093395,imappo,1.1614000072768249e-07,0.32953116297721863,0.0008856618872957653,381.0,,,,,,,,,,,,,,0.4491830610203401,,,,,0.031886063516139984,6.980641046538949e-05
,imappo,,,,381.0,0.0,0.0,0.0034903204686997924,0.0,0.0,0.0,0.0,0.0034903204686997924,0.0,0.0,0.0,0.0,0.0,,,,,,,
-0.007325556129217148,imappo,1.8603701334996003e-07,0.16664081811904907,0.0008853617872624208,382.0,,,,,,,,,,,,,,0.4490496832277426,,,,,0.028930366039276123,6.821025453973562e-05
,imappo,,,,382.0,0.0,0.0,0.003410513039852958,0.0,0.0,0.0,0.0,0.003410513039852958,0.0,0.0,0.0,0.0,0.0,,,,,,,
-0.003069793339818716,imappo,5.6027850803275214e-08,0.42260438203811646,0.0008850616872290764,383.0,,,,,,,,,,,,,,0.44891630543514505,,,,,0.0289359912276268,6.05959867243655e-05
,imappo,,,,383.0,0.0,0.0,0.0030297990851977374,0.0,0.0,0.0,0.0,0.0030297990851977374,0.0,0.0,0.0,0.0,0.0,,,,,,,
-0.0036252164281904697,imappo,2.7767468324668698e-08,0.3015049695968628,0.0008847615871957319,384.0,,,,,,,,,,,,,,0.4487829276425475,,,,,0.0302767064422369,6.630476855207235e-05
,imappo,,,,384.0,0.0,0.0,0.0033152384821732994,0.0,0.0,0.0,0.0,0.0033152384821732994,0.0,0.0,0.0,0.0,0.0,,,,,,,
-0.002036685822531581,imappo,5.189548701878266e-08,0.18067575991153717,0.0008844614871623875,385.0,,,,,,,,,,,,,,0.44864954984995,,,,,0.03138289600610733,7.470913260476664e-05
,imappo,,,,385.0,0.0,0.0,0.003735456870344933,0.0,0.0,0.0,0.0,0.003735456870344933,0.0,0.0,0.0,0.0,0.0,,,,,,,
0.0007680953713133931,imappo,8.448024146900934e-08,0.24546010792255402,0.0008841613871290431,386.0,,,,,,,,,,,,,,0.44851617205735245,,,,,0.03394179791212082,7.636352529516444e-05
,imappo,,,,386.0,0.0,0.0,0.0038181762138265185,0.0,0.0,0.0,0.0,0.0038181762138265185,0.0,0.0,0.0,0.0,0.0,,,,,,,
-0.0032024532556533813,imappo,2.08686273595049e-07,0.26991820335388184,0.0008838612870956986,387.0,,,,,,,,,,,,,,0.4483827942647549,,,,,0.03473230078816414,7.640606781933457e-05
,imappo,,,,387.0,0.0,0.0,0.0038203030890144873,0.0,0.0,0.0,0.0,0.0038203030890144873,0.0,0.0,0.0,0.0,0.0,,,,,,,
-0.0027204083744436502,imappo,6.110740855547192e-07,0.28596436977386475,0.0008835611870623542,388.0,,,,,,,,,,,,,,0.4482494164721574,,,,,0.03005930781364441,6.942401523701847e-05
,imappo,,,,388.0,0.0,0.0,0.003471200256171869,0.0,0.0,0.0,0.0,0.003471200256171869,0.0,0.0,0.0,0.0,0.0,,,,,,,
0.004003395326435566,imappo,6.260967211346724e-07,0.3328728973865509,0.0008832610870290097,389.0,,,,,,,,,,,,,,0.44811603867955985,,,,,0.03111286275088787,6.619735358981416e-05
,imappo,,,,389.0,0.0,0.0,0.003309867621283047,0.0,0.0,0.0,0.0,0.003309867621283047,0.0,0.0,0.0,0.0,0.0,,,,,,,
-0.002186097204685211,imappo,3.408483451039501e-07,0.1276848167181015,0.0008829609869956652,390.0,,,,,,,,,,,,,,0.4479826608869623,,,,,0.029290907084941864,7.450729026459157e-05
,imappo,,,,390.0,0.0,0.0,0.003725364189449465,0.0,0.0,0.0,0.0,0.003725364189449465,0.0,0.0,0.0,0.0,0.0,,,,,,,
0.0017891050083562732,imappo,1.1035419902327703e-06,0.1570790559053421,0.0008826608869623208,391.0,,,,,,,,,,,,,,0.4478492830943648,,,,,0.03205467760562897,7.497439946746454e-05
,imappo,,,,391.0,0.0,0.0,0.003748719856957905,0.0,0.0,0.0,0.0,0.003748719856957905,0.0,0.0,0.0,0.0,0.0,,,,,,,
-0.00391534436494112,imappo,1.8073028513754252e-06,0.2517358362674713,0.0008823607869289764,392.0,,,,,,,,,,,,,,0.44771590530176725,,,,,0.03180980682373047,7.0194699219428e-05
,imappo,,,,392.0,0.0,0.0,0.003509735000989167,0.0,0.0,0.0,0.0,0.003509735000989167,0.0,0.0,0.0,0.0,0.0,,,,,,,
-0.008460857905447483,imappo,1.981921514015994e-06,0.25394749641418457,0.0008820606868956319,393.0,,,,,,,,,,,,,,0.4475825275091697,,,,,0.030595380812883377,6.982351624174044e-05
,imappo,,,,393.0,0.0,0.0,0.003491175579256378,0.0,0.0,0.0,0.0,0.003491175579256378,0.0,0.0,0.0,0.0,0.0,,,,,,,
-0.005198679398745298,imappo,1.8111505823981133e-06,0.24537381529808044,0.0008817605868622875,394.0,,,,,,,,,,,,,,0.4474491497165722,,,,,0.02903643250465393,6.927139475010335e-05
,imappo,,,,394.0,0.0,0.0,0.0034635694828466512,0.0,0.0,0.0,0.0,0.0034635694828466512,0.0,0.0,0.0,0.0,0.0,,,,,,,
0.005135673563927412,imappo,1.8598136648506625e-06,0.26007598638534546,0.000881460486828943,395.0,,,,,,,,,,,,,,0.44731577192397465,,,,,0.03038608655333519,7.006467058090493e-05
,imappo,,,,395.0,0.0,0.0,0.0035032335072173737,0.0,0.0,0.0,0.0,0.0035032335072173737,0.0,0.0,0.0,0.0,0.0,,,,,,,
-0.0072084893472492695,imappo,8.921525136429409e-07,0.2695041000843048,0.0008811603867955986,396.0,,,,,,,,,,,,,,0.4471823941313771,,,,,0.026302222162485123,6.715681229252368e-05
,imappo,,,,396.0,0.0,0.0,0.0033578407492314,0.0,0.0,0.0,0.0,0.0033578407492314,0.0,0.0,0.0,0.0,0.0,,,,,,,
-0.005152204539626837,imappo,6.108354000389227e-07,0.2648170590400696,0.0008808602867622542,397.0,,,,,,,,,,,,,,0.4470490163387796,,,,,0.02834729105234146,5.480641993926838e-05
,imappo,,,,397.0,0.0,0.0,0.002740321235251031,0.0,0.0,0.0,0.0,0.002740321235251031,0.0,0.0,0.0,0.0,0.0,,,,,,,
-0.005522725638002157,imappo,3.5948971799371066e-07,0.03279699757695198,0.0008805601867289096,398.0,,,,,,,,,,,,,,0.44691563854618205,,,,,0.03378298878669739,7.695407111896202e-05
,imappo,,,,398.0,0.0,0.0,0.0038477033413073514,0.0,0.0,0.0,0.0,0.0038477033413073514,0.0,0.0,0.0,0.0,0.0,,,,,,,
-0.006843334063887596,imappo,7.18021112788847e-07,0.07930582016706467,0.0008802600866955652,399.0,,,,,,,,,,,,,,0.4467822607535845,,,,,0.0274098701775074,7.340277807088569e-05
,imappo,,,,399.0,0.0,0.0,0.0036701385579362977,0.0,0.0,0.0,0.0,0.0036701385579362977,0.0,0.0,0.0,0.0,0.0,,,,,,,
,imappo,,,,399.0,,,,,,,,,,,,,,,0.0,0.0,0.0,0.0,,
-0.0024190759286284447,imappo,7.3406516776231e-07,0.17042778432369232,0.0008799599866622207,400.0,,,,,,,,,,,,,,0.446648882960987,,,,,0.028905276209115982,6.447202758863568e-05
,imappo,,,,400.0,0.0,0.0,0.0032236012084467802,0.0,0.0,0.0,0.0,0.0032236012084467802,0.0,0.0,0.0,0.0,0.0,,,,,,,
0.0026271881069988012,imappo,3.1431139291271393e-07,-0.022340377792716026,0.0008796598866288763,401.0,,,,,,,,,,,,,,0.44651550516838945,,,,,0.027773216366767883,6.335198122542351e-05
,imappo,,,,401.0,0.0,0.0,0.0031675990649091545,0.0,0.0,0.0,0.0,0.0031675990649091545,0.0,0.0,0.0,0.0,0.0,,,,,,,
0.0031092886347323656,imappo,4.2024944946206233e-07,0.05340633541345596,0.0008793597865955319,402.0,,,,,,,,,,,,,,0.4463821273757919,,,,,0.030555598437786102,6.978859892114997e-05
,imappo,,,,402.0,0.0,0.0,0.003489430328045273,0.0,0.0,0.0,0.0,0.003489430328045273,0.0,0.0,0.0,0.0,0.0,,,,,,,
-0.0031960690394043922,imappo,2.9036021942374646e-07,0.20954376459121704,0.0008790596865621874,403.0,,,,,,,,,,,,,,0.4462487495831944,,,,,0.027727317065000534,5.452663026517257e-05
,imappo,,,,403.0,0.0,0.0,0.0027263314805168193,0.0,0.0,0.0,0.0,0.0027263314805168193,0.0,0.0,0.0,0.0,0.0,,,,,,,
-0.0020615665707737207,imappo,1.3561779610427038e-07,0.17196527123451233,0.000878759586528843,404.0,,,,,,,,,,,,,,0.44611537179059685,,,,,0.029427561908960342,6.725505227223039e-05
,imappo,,,,404.0,0.0,0.0,0.00336275248992024,0.0,0.0,0.0,0.0,0.00336275248992024,0.0,0.0,0.0,0.0,0.0,,,,,,,
-0.0041882251389324665,imappo,4.790877028426621e-08,0.03942694514989853,0.0008784594864954986,405.0,,,,,,,,,,,,,,0.4459819939979993,,,,,0.028366021811962128,7.065054523991421e-05
,imappo,,,,405.0,0.0,0.0,0.0035325273202033713,0.0,0.0,0.0,0.0,0.0035325273202033713,0.0,0.0,0.0,0.0,0.0,,,,,,,
-0.0029115069191902876,imappo,7.750548292051462e-08,-0.10227199643850327,0.000878159386462154,406.0,,,,,,,,,,,,,,0.4458486162054018,,,,,0.028507206588983536,7.615794311277568e-05
,imappo,,,,406.0,0.0,0.0,0.0038078971156210173,0.0,0.0,0.0,0.0,0.0038078971156210173,0.0,0.0,0.0,0.0,0.0,,,,,,,
-0.0024872373323887587,imappo,6.309151245886824e-08,0.1332893967628479,0.0008778592864288096,407.0,,,,,,,,,,,,,,0.44571523841280425,,,,,0.035340435802936554,7.472633296856657e-05
,imappo,,,,407.0,0.0,0.0,0.003736316466529388,0.0,0.0,0.0,0.0,0.003736316466529388,0.0,0.0,0.0,0.0,0.0,,,,,,,
-0.008258269168436527,imappo,6.554824949489557e-08,0.09733458608388901,0.0008775591863954652,408.0,,,,,,,,,,,,,,0.4455818606202067,,,,,0.03065449558198452,6.519907037727535e-05
,imappo,,,,408.0,0.0,0.0,0.003259953547967598,0.0,0.0,0.0,0.0,0.003259953547967598,0.0,0.0,0.0,0.0,0.0,,,,,,,
-0.0035868731793016195,imappo,6.929562346158491e-08,0.2073611170053482,0.0008772590863621207,409.0,,,,,,,,,,,,,,0.4454484828276092,,,,,0.03282427042722702,7.239656406454742e-05
,imappo,,,,409.0,0.0,0.0,0.003619828050432261,0.0,0.0,0.0,0.0,0.003619828050432261,0.0,0.0,0.0,0.0,0.0,,,,,,,
-0.004374121315777302,imappo,2.3788198078023015e-08,0.07466283440589905,0.0008769589863287763,410.0,,,,,,,,,,,,,,0.44531510503501165,,,,,0.03539014607667923,7.974384061526507e-05
,imappo,,,,410.0,0.0,0.0,0.0039871919943834655,0.0,0.0,0.0,0.0,0.0039871919943834655,0.0,0.0,0.0,0.0,0.0,,,,,,,
-0.001724447007291019,imappo,2.94843154335922e-08,-0.1584487110376358,0.0008766588862954318,411.0,,,,,,,,,,,,,,0.4451817272424141,,,,,0.027799921110272408,7.2491355240345e-05
,imappo,,,,411.0,0.0,0.0,0.003624567667429801,0.0,0.0,0.0,0.0,0.003624567667429801,0.0,0.0,0.0,0.0,0.0,,,,,,,
-0.002854611724615097,imappo,4.922832275155997e-08,0.20132943987846375,0.0008763587862620874,412.0,,,,,,,,,,,,,,0.4450483494498166,,,,,0.03317541629076004,6.137754098745063e-05
,imappo,,,,412.0,0.0,0.0,0.003068877078476362,0.0,0.0,0.0,0.0,0.003068877078476362,0.0,0.0,0.0,0.0,0.0,,,,,,,
-0.006300527602434158,imappo,4.228096628366984e-08,0.33088117837905884,0.000876058686228743,413.0,,,,,,,,,,,,,,0.44491497165721905,,,,,0.03157786279916763,5.64536931051407e-05
,imappo,,,,413.0,0.0,0.0,0.002822684691636823,0.0,0.0,0.0,0.0,0.002822684691636823,0.0,0.0,0.0,0.0,0.0,,,,,,,
-0.0047065019607543945,imappo,9.823666857755597e-08,-0.06123773753643036,0.0008757585861953985,414.0,,,,,,,,,,,,,,0.4447815938646215,,,,,0.026954181492328644,6.958104495424777e-05
,imappo,,,,414.0,0.0,0.0,0.0034790520585374907,0.0,0.0,0.0,0.0,0.0034790520585374907,0.0,0.0,0.0,0.0,0.0,,,,,,,
-0.003988813143223524,imappo,8.135781115470309e-08,-0.043033696711063385,0.000875458486162054,415.0,,,,,,,,,,,,,,0.444648216072024,,,,,0.03342553973197937,7.552545139333233e-05
,imappo,,,,415.0,0.0,0.0,0.003776272431423422,0.0,0.0,0.0,0.0,0.003776272431423422,0.0,0.0,0.0,0.0,0.0,,,,,,,
0.005463543813675642,imappo,4.1487034252440935e-08,-0.04109067842364311,0.0008751583861287095,416.0,,,,,,,,,,,,,,0.44451483827942645,,,,,0.031882286071777344,6.855554966023192e-05
,imappo,,,,416.0,0.0,0.0,0.003427777635806706,0.0,0.0,0.0,0.0,0.003427777635806706,0.0,0.0,0.0,0.0,0.0,,,,,,,
-0.007041154894977808,imappo,4.063003800069964e-08,0.04668046906590462,0.0008748582860953651,417.0,,,,,,,,,,,,,,0.4443814604868289,,,,,0.03072183020412922,6.389472400769591e-05
,imappo,,,,417.0,0.0,0.0,0.003194736040313728,0.0,0.0,0.0,0.0,0.003194736040313728,0.0,0.0,0.0,0.0,0.0,,,,,,,
-0.0005667847581207752,imappo,3.0541027484787264e-08,0.03268511965870857,0.0008745581860620207,418.0,,,,,,,,,,,,,,0.4442480826942314,,,,,0.029582727700471878,6.40837024548091e-05
,imappo,,,,418.0,0.0,0.0,0.0032041852464317344,0.0,0.0,0.0,0.0,0.0032041852464317344,0.0,0.0,0.0,0.0,0.0,,,,,,,
0.00660295644775033,imappo,4.2218697871021504e-08,-0.03440052270889282,0.0008742580860286763,419.0,,,,,,,,,,,,,,0.44411470490163385,,,,,0.0291697159409523,6.070788003853522e-05
,imappo,,,,419.0,0.0,0.0,0.003035394060134422,0.0,0.0,0.0,0.0,0.003035394060134422,0.0,0.0,0.0,0.0,0.0,,,,,,,
0.006954314187169075,imappo,5.758647247944282e-08,-0.019732443615794182,0.0008739579859953318,420.0,,,,,,,,,,,,,,0.44398132710903637,,,,,0.027758918702602386,6.424112507374957e-05
,imappo,,,,420.0,0.0,0.0,0.003212055940821301,0.0,0.0,0.0,0.0,0.003212055940821301,0.0,0.0,0.0,0.0,0.0,,,,,,,
-0.0038905141409486532,imappo,1.0546819595447232e-07,-0.06258099526166916,0.0008736578859619874,421.0,,,,,,,,,,,,,,0.4438479493164388,,,,,0.029761195182800293,6.123150524217635e-05
,imappo,,,,421.0,0.0,0.0,0.003061575105675729,0.0,0.0,0.0,0.0,0.003061575105675729,0.0,0.0,0.0,0.0,0.0,,,,,,,
-0.005908536724746227,imappo,6.431356780467468e-08,-0.08560019731521606,0.0008733577859286429,422.0,,,,,,,,,,,,,,0.4437145715238413,,,,,0.034880563616752625,8.279057510662824e-05
,imappo,,,,422.0,0.0,0.0,0.004139529082749505,0.0,0.0,0.0,0.0,0.004139529082749505,0.0,0.0,0.0,0.0,0.0,,,,,,,
-0.001855675596743822,imappo,2.431189827234448e-08,-0.10964509099721909,0.0008730576858952985,423.0,,,,,,,,,,,,,,0.4435811937312437,,,,,0.033888764679431915,8.221173629863188e-05
,imappo,,,,423.0,0.0,0.0,0.004110586989554577,0.0,0.0,0.0,0.0,0.004110586989554577,0.0,0.0,0.0,0.0,0.0,,,,,,,
0.0014501299010589719,imappo,6.927451323690548e-08,-0.16533821821212769,0.000872757585861954,424.0,,,,,,,,,,,,,,0.44344781593864624,,,,,0.029854774475097656,7.053816079860553e-05
,imappo,,,,424.0,0.0,0.0,0.003526907959894743,0.0,0.0,0.0,0.0,0.003526907959894743,0.0,0.0,0.0,0.0,0.0,,,,,,,
-0.004818521905690432,imappo,5.3806164856951e-08,0.16721715033054352,0.0008724574858286095,425.0,,,,,,,,,,,,,,0.44331443814604865,,,,,0.033267926424741745,6.977761950111017e-05
,imappo,,,,425.0,0.0,0.0,0.0034888812006101944,0.0,0.0,0.0,0.0,0.0034888812006101944,0.0,0.0,0.0,0.0,0.0,,,,,,,
-0.0020307577215135098,imappo,7.464298334980413e-08,-0.3330601751804352,0.0008721573857952651,426.0,,,,,,,,,,,,,,0.4431810603534512,,,,,0.031217198818922043,7.404895586660132e-05
,imappo,,,,426.0,0.0,0.0,0.0037024476332589984,0.0,0.0,0.0,0.0,0.0037024476332589984,0.0,0.0,0.0,0.0,0.0,,,,,,,
-0.003517124569043517,imappo,3.712785101583904e-08,-0.1320258527994156,0.0008718572857619206,427.0,,,,,,,,,,,,,,0.4430476825608536,,,,,0.028756406158208847,5.7535406085662544e-05
,imappo,,,,427.0,0.0,0.0,0.002876770140574081,0.0,0.0,0.0,0.0,0.002876770140574081,0.0,0.0,0.0,0.0,0.0,,,,,,,
-0.0002885794674511999,imappo,8.841323761998865e-08,-0.124091736972332,0.0008715571857285762,428.0,,,,,,,,,,,,,,0.4429143047682561,,,,,0.027825985103845596,5.6716453400440514e-05
,imappo,,,,428.0,0.0,0.0,0.0028358227718854323,0.0,0.0,0.0,0.0,0.0028358227718854323,0.0,0.0,0.0,0.0,0.0,,,,,,,
-0.009771783836185932,imappo,5.2798323935121516e-08,-0.05090448260307312,0.0008712570856952318,429.0,,,,,,,,,,,,,,0.4427809269756585,,,,,0.03158654272556305,6.282997492235154e-05
,imappo,,,,429.0,0.0,0.0,0.0031414984914590605,0.0,0.0,0.0,0.0,0.0031414984914590605,0.0,0.0,0.0,0.0,0.0,,,,,,,
-0.0009191095014102757,imappo,3.5582505830689115e-08,-0.21366439759731293,0.0008709569856618873,430.0,,,,,,,,,,,,,,0.44264754918306104,,,,,0.030493248254060745,6.966004002606496e-05
,imappo,,,,430.0,0.0,0.0,0.0034830020886147395,0.0,0.0,0.0,0.0,0.0034830020886147395,0.0,0.0,0.0,0.0,0.0,,,,,,,
-0.007936159148812294,imappo,1.6260493396202946e-08,-0.13604454696178436,0.0008706568856285429,431.0,,,,,,,,,,,,,,0.44251417139046345,,,,,0.027397260069847107,6.281057721935213e-05
,imappo,,,,431.0,0.0,0.0,0.003140529013762716,0.0,0.0,0.0,0.0,0.003140529013762716,0.0,0.0,0.0,0.0,0.0,,,,,,,
-0.007790194824337959,imappo,1.5686913101831124e-08,-0.604809582233429,0.0008703567855951983,432.0,,,,,,,,,,,,,,0.442380793597866,,,,,0.02954825758934021,6.271660822676495e-05
,imappo,,,,432.0,0.0,0.0,0.003135830640530912,0.0,0.0,0.0,0.0,0.003135830640530912,0.0,0.0,0.0,0.0,0.0,,,,,,,
-0.003442533081397414,imappo,4.303277023609553e-08,-0.12731514871120453,0.0008700566855618539,433.0,,,,,,,,,,,,,,0.4422474158052684,,,,,0.026580171659588814,6.135713192634284e-05
,imappo,,,,433.0,0.0,0.0,0.003067856752750231,0.0,0.0,0.0,0.0,0.003067856752750231,0.0,0.0,0.0,0.0,0.0,,,,,,,
0.004543721210211515,imappo,5.2260048732932773e-08,-0.21057645976543427,0.0008697565855285095,434.0,,,,,,,,,,,,,,0.4421140380126709,,,,,0.032793931663036346,7.999431545613334e-05
,imappo,,,,434.0,0.0,0.0,0.003999715700047091,0.0,0.0,0.0,0.0,0.003999715700047091,0.0,0.0,0.0,0.0,0.0,,,,,,,
-0.00600123917683959,imappo,3.543291171581586e-08,-0.041837576776742935,0.0008694564854951651,435.0,,,,,,,,,,,,,,0.4419806602200734,,,,,0.030026163905858994,6.050891533959657e-05
,imappo,,,,435.0,0.0,0.0,0.0030254457851697225,0.0,0.0,0.0,0.0,0.0030254457851697225,0.0,0.0,0.0,0.0,0.0,,,,,,,
-0.006694985553622246,imappo,1.0906370562224765e-07,-0.21702252328395844,0.0008691563854618206,436.0,,,,,,,,,,,,,,0.44184728242747584,,,,,0.030031107366085052,6.546330405399203e-05
,imappo,,,,436.0,0.0,0.0,0.003273165068094386,0.0,0.0,0.0,0.0,0.003273165068094386,0.0,0.0,0.0,0.0,0.0,,,,,,,
-0.008764089085161686,imappo,1.3363194284465862e-07,-0.37712419033050537,0.0008688562854284762,437.0,,,,,,,,,,,,,,0.4417139046348783,,,,,0.034523166716098785,7.569331501144916e-05
,imappo,,,,437.0,0.0,0.0,0.0037846656268811785,0.0,0.0,0.0,0.0,0.0037846656268811785,0.0,0.0,0.0,0.0,0.0,,,,,,,
-0.0012337195221334696,imappo,1.081140439396222e-07,-0.3557825982570648,0.0008685561853951317,438.0,,,,,,,,,,,,,,0.4415805268422808,,,,,0.0312047079205513,7.085729157552123e-05
,imappo,,,,438.0,0.0,0.0,0.003542864531482337,0.0,0.0,0.0,0.0,0.003542864531482337,0.0,0.0,0.0,0.0,0.0,,,,,,,
-0.0011481025721877813,imappo,6.807415786624915e-08,-0.2688947319984436,0.0008682560853617873,439.0,,,,,,,,,,,,,,0.44144714904968324,,,,,0.029764264822006226,6.505526835098863e-05
,imappo,,,,439.0,0.0,0.0,0.0032527634866710287,0.0,0.0,0.0,0.0,0.0032527634866710287,0.0,0.0,0.0,0.0,0.0,,,,,,,
-0.011323897168040276,imappo,3.972612461211611e-08,-0.22065089643001556,0.0008679559853284429,440.0,,,,,,,,,,,,,,0.4413137712570857,,,,,0.028987843543291092,6.405037856893614e-05
,imappo,,,,440.0,0.0,0.0,0.0032025189575506374,0.0,0.0,0.0,0.0,0.0032025189575506374,0.0,0.0,0.0,0.0,0.0,,,,,,,
-0.0019449207466095686,imappo,3.7665767393946226e-08,-0.15516863763332367,0.0008676558852950984,441.0,,,,,,,,,,,,,,0.4411803934644882,,,,,0.03137412667274475,6.93943293299526e-05
,imappo,,,,441.0,0.0,0.0,0.0034697160808718763,0.0,0.0,0.0,0.0,0.0034697160808718763,0.0,0.0,0.0,0.0,0.0,,,,,,,
-0.011798524297773838,imappo,3.0426871688860047e-08,-0.16916653513908386,0.0008673557852617539,442.0,,,,,,,,,,,,,,0.44104701567189064,,,,,0.030041713267564774,6.509559898404405e-05
,imappo,,,,442.0,0.0,0.0,0.00325478004742763,0.0,0.0,0.0,0.0,0.00325478004742763,0.0,0.0,0.0,0.0,0.0,,,,,,,
-0.0025665946304798126,imappo,2.34784369723684e-08,-0.2183745801448822,0.0008670556852284094,443.0,,,,,,,,,,,,,,0.4409136378792931,,,,,0.027707617729902267,6.16847537457943e-05
,imappo,,,,443.0,0.0,0.0,0.0030842377454973757,0.0,0.0,0.0,0.0,0.0030842377454973757,0.0,0.0,0.0,0.0,0.0,,,,,,,
-0.007667501922696829,imappo,6.319493195405812e-08,0.06431607156991959,0.000866755585195065,444.0,,,,,,,,,,,,,,0.4407802600866956,,,,,0.02784787490963936,5.74659752601292e-05
,imappo,,,,444.0,0.0,0.0,0.00287329870116082,0.0,0.0,0.0,0.0,0.00287329870116082,0.0,0.0,0.0,0.0,0.0,,,,,,,
0.0015019025886431336,imappo,4.0355470076747224e-08,-0.4479149878025055,0.0008664554851617206,445.0,,,,,,,,,,,,,,0.44064688229409804,,,,,0.030770745128393173,6.939655577298254e-05
,imappo,,,,445.0,0.0,0.0,0.003469827974186046,0.0,0.0,0.0,0.0,0.003469827974186046,0.0,0.0,0.0,0.0,0.0,,,,,,,
-0.0041086687706410885,imappo,2.806083188033881e-08,-0.16109758615493774,0.0008661553851283762,446.0,,,,,,,,,,,,,,0.4405135045015005,,,,,0.027551710605621338,5.78479484829586e-05
,imappo,,,,446.0,0.0,0.0,0.0028923972968186717,0.0,0.0,0.0,0.0,0.0028923972968186717,0.0,0.0,0.0,0.0,0.0,,,,,,,
0.0001845825172495097,imappo,1.6361711629997444e-07,0.07590048760175705,0.0008658552850950317,447.0,,,,,,,,,,,,,,0.440380126708903,,,,,0.03239265829324722,6.923715409357101e-05
,imappo,,,,447.0,0.0,0.0,0.0034618575082276948,0.0,0.0,0.0,0.0,0.0034618575082276948,0.0,0.0,0.0,0.0,0.0,,,,,,,
0.0015817030798643827,imappo,1.0610460776661057e-07,-0.35075563192367554,0.0008655551850616873,448.0,,,,,,,,,,,,,,0.44024674891630544,,,,,0.030854564160108566,6.808524631196633e-05
,imappo,,,,448.0,0.0,0.0,0.0034042623301502317,0.0,0.0,0.0,0.0,0.0034042623301502317,0.0,0.0,0.0,0.0,0.0,,,,,,,
-0.0026492297183722258,imappo,1.3578544155734562e-07,-0.16478420794010162,0.0008652550850283428,449.0,,,,,,,,,,,,,,0.4401133711237079,,,,,0.02827189490199089,6.1405124142766e-05
,imappo,,,,449.0,0.0,0.0,0.003070256283535855,0.0,0.0,0.0,0.0,0.003070256283535855,0.0,0.0,0.0,0.0,0.0,,,,,,,
-0.0035554086789488792,imappo,1.68792709587251e-07,-0.35118043422698975,0.0008649549849949984,450.0,,,,,,,,,,,,,,0.4399799933311104,,,,,0.03098767250776291,7.00496748322621e-05
,imappo,,,,450.0,0.0,0.0,0.003502483832562575,0.0,0.0,0.0,0.0,0.003502483832562575,0.0,0.0,0.0,0.0,0.0,,,,,,,
-0.006860852707177401,imappo,1.1963714996454655e-07,-0.3056115210056305,0.0008646548849616539,451.0,,,,,,,,,,,,,,0.43984661553851284,,,,,0.027758920565247536,6.283419497776777e-05
,imappo,,,,451.0,0.0,0.0,0.003141709643387003,0.0,0.0,0.0,0.0,0.003141709643387003,0.0,0.0,0.0,0.0,0.0,,,,,,,
-0.010371451266109943,imappo,4.976907419518284e-08,-0.3014450967311859,0.0008643547849283095,452.0,,,,,,,,,,,,,,0.4397132377459153,,,,,0.031677961349487305,7.275216921698302e-05
,imappo,,,,452.0,0.0,0.0,0.0036376083371578716,0.0,0.0,0.0,0.0,0.0036376083371578716,0.0,0.0,0.0,0.0,0.0,,,,,,,
0.0037023492623120546,imappo,1.3253561803594494e-07,0.06773756444454193,0.000864054684894965,453.0,,,,,,,,,,,,,,0.4395798599533178,,,,,0.031094370409846306,6.668645073659718e-05
,imappo,,,,453.0,0.0,0.0,0.003334322766022524,0.0,0.0,0.0,0.0,0.003334322766022524,0.0,0.0,0.0,0.0,0.0,,,,,,,
-0.010405327193439007,imappo,1.1647258446600972e-07,-0.39405450224876404,0.0008637545848616205,454.0,,,,,,,,,,,,,,0.43944648216072024,,,,,0.031577326357364655,7.52704290789552e-05
,imappo,,,,454.0,0.0,0.0,0.003763521159271477,0.0,0.0,0.0,0.0,0.003763521159271477,0.0,0.0,0.0,0.0,0.0,,,,,,,
-0.005156469997018576,imappo,6.271380925682024e-08,-0.21775425970554352,0.0008634544848282761,455.0,,,,,,,,,,,,,,0.4393131043681227,,,,,0.030040262266993523,6.631567521253601e-05
,imappo,,,,455.0,0.0,0.0,0.0033157838879560586,0.0,0.0,0.0,0.0,0.0033157838879560586,0.0,0.0,0.0,0.0,0.0,,,,,,,
-0.0011006551794707775,imappo,1.0936115302229155e-07,-0.37261345982551575,0.0008631543847949317,456.0,,,,,,,,,,,,,,0.4391797265755252,,,,,0.03623588755726814,8.005170820979401e-05
,imappo,,,,456.0,0.0,0.0,0.004002585355920019,0.0,0.0,0.0,0.0,0.004002585355920019,0.0,0.0,0.0,0.0,0.0,,,,,,,
0.0022943064104765654,imappo,7.031942317325957e-08,-0.4223720133304596,0.0008628542847615873,457.0,,,,,,,,,,,,,,0.43904634878292764,,,,,0.0300351120531559,6.8556000769604e-05
,imappo,,,,457.0,0.0,0.0,0.003427799903874984,0.0,0.0,0.0,0.0,0.003427799903874984,0.0,0.0,0.0,0.0,0.0,,,,,,,
-0.0037410035729408264,imappo,7.039253091534192e-08,-0.393563449382782,0.0008625541847282428,458.0,,,,,,,,,,,,,,0.4389129709903301,,,,,0.0296262688934803,6.450376531574875e-05
,imappo,,,,458.0,0.0,0.0,0.0032251880547846667,0.0,0.0,0.0,0.0,0.0032251880547846667,0.0,0.0,0.0,0.0,0.0,,,,,,,
-0.0024910205975174904,imappo,8.627719694231928e-08,-0.3314153850078583,0.0008622540846948984,459.0,,,,,,,,,,,,,,0.4387795931977326,,,,,0.028836581856012344,6.313461199169978e-05
,imappo,,,,459.0,0.0,0.0,0.0031567304977215827,0.0,0.0,0.0,0.0,0.0031567304977215827,0.0,0.0,0.0,0.0,0.0,,,,,,,
0.0019316788529977202,imappo,7.8998063202107e-08,-0.8214009404182434,0.0008619539846615538,460.0,,,,,,,,,,,,,,0.43864621540513504,,,,,0.0303872749209404,7.528469723183662e-05
,imappo,,,,460.0,0.0,0.0,0.0037642346615029965,0.0,0.0,0.0,0.0,0.0037642346615029965,0.0,0.0,0.0,0.0,0.0,,,,,,,
-0.004860069137066603,imappo,5.9000281993348835e-08,-0.4155147671699524,0.0008616538846282094,461.0,,,,,,,,,,,,,,0.4385128376125375,,,,,0.02792201191186905,6.022701199981384e-05
,imappo,,,,461.0,0.0,0.0,0.0030113504908513278,0.0,0.0,0.0,0.0,0.0030113504908513278,0.0,0.0,0.0,0.0,0.0,,,,,,,
-0.003273649839684367,imappo,6.395582374807418e-08,-0.38230425119400024,0.000861353784594865,462.0,,,,,,,,,,,,,,0.43837945981994,,,,,0.02799282595515251,6.258581561269239e-05
,imappo,,,,462.0,0.0,0.0,0.0031292909698095173,0.0,0.0,0.0,0.0,0.0031292909698095173,0.0,0.0,0.0,0.0,0.0,,,,,,,
0.0006195208407007158,imappo,5.5789897146496514e-08,-0.553961992263794,0.0008610536845615205,463.0,,,,,,,,,,,,,,0.43824608202734244,,,,,0.029908232390880585,6.963234045542777e-05
,imappo,,,,463.0,0.0,0.0,0.0034816173611034174,0.0,0.0,0.0,0.0,0.0034816173611034174,0.0,0.0,0.0,0.0,0.0,,,,,,,
-0.005962384399026632,imappo,1.1092449625493828e-08,-0.9090007543563843,0.0008607535845281761,464.0,,,,,,,,,,,,,,0.4381127042347449,,,,,0.028889723122119904,6.312299956334755e-05
,imappo,,,,464.0,0.0,0.0,0.0031561500181851443,0.0,0.0,0.0,0.0,0.0031561500181851443,0.0,0.0,0.0,0.0,0.0,,,,,,,
0.0015592913841828704,imappo,1.2241554436798197e-08,-0.6268495917320251,0.0008604534844948316,465.0,,,,,,,,,,,,,,0.4379793264421474,,,,,0.0340777188539505,7.815408753231168e-05
,imappo,,,,465.0,0.0,0.0,0.003907704500306863,0.0,0.0,0.0,0.0,0.003907704500306863,0.0,0.0,0.0,0.0,0.0,,,,,,,
-0.005409379955381155,imappo,2.6166903310809175e-08,-0.5963601469993591,0.0008601533844614872,466.0,,,,,,,,,,,,,,0.43784594864954984,,,,,0.034298256039619446,7.66521116020158e-05
,imappo,,,,466.0,0.0,0.0,0.0038326057692756876,0.0,0.0,0.0,0.0,0.0038326057692756876,0.0,0.0,0.0,0.0,0.0,,,,,,,
0.0018350441241636872,imappo,3.605448029020408e-08,-0.6539697051048279,0.0008598532844281428,467.0,,,,,,,,,,,,,,0.4377125708569523,,,,,0.034307725727558136,7.829615788068622e-05
,imappo,,,,467.0,0.0,0.0,0.003914808054105379,0.0,0.0,0.0,0.0,0.003914808054105379,0.0,0.0,0.0,0.0,0.0,,,,,,,
-0.00399363087490201,imappo,1.9249496219231332e-08,-0.5461511015892029,0.0008595531843947984,468.0,,,,,,,,,,,,,,0.4375791930643548,,,,,0.028769705444574356,6.1015161918476224e-05
,imappo,,,,468.0,0.0,0.0,0.0030507580668199807,0.0,0.0,0.0,0.0,0.0030507580668199807,0.0,0.0,0.0,0.0,0.0,,,,,,,
-0.0014596370747312903,imappo,4.0532736278464654e-08,-0.5394641757011414,0.0008592530843614538,469.0,,,,,,,,,,,,,,0.43744581527175724,,,,,0.03299804776906967,7.559603545814753e-05
,imappo,,,,469.0,0.0,0.0,0.00377980185294291,0.0,0.0,0.0,0.0,0.00377980185294291,0.0,0.0,0.0,0.0,0.0,,,,,,,
-0.00352876796387136,imappo,4.134312803216744e-08,-0.14608286321163177,0.0008589529843281094,470.0,,,,,,,,,,,,,,0.4373124374791597,,,,,0.030823111534118652,6.251240120036528e-05
,imappo,,,,470.0,0.0,0.0,0.0031256202128133737,0.0,0.0,0.0,0.0,0.0031256202128133737,0.0,0.0,0.0,0.0,0.0,,,,,,,
-0.001233407179825008,imappo,3.291957639817156e-08,-0.7047183513641357,0.0008586528842947649,471.0,,,,,,,,,,,,,,0.4371790596865622,,,,,0.028853658586740494,6.654521712334827e-05
,imappo,,,,471.0,0.0,0.0,0.0033272610780841205,0.0,0.0,0.0,0.0,0.0033272610780841205,0.0,0.0,0.0,0.0,0.0,,,,,,,
0.005955685395747423,imappo,1.5423641031020452e-08,-0.8375641107559204,0.0008583527842614205,472.0,,,,,,,,,,,,,,0.43704568189396464,,,,,0.03146854415535927,6.7736349592451e-05
,imappo,,,,472.0,0.0,0.0,0.003386817526916275,0.0,0.0,0.0,0.0,0.003386817526916275,0.0,0.0,0.0,0.0,0.0,,,,,,,
-0.005982245318591595,imappo,1.453601683465422e-08,-0.46732956171035767,0.0008580526842280761,473.0,,,,,,,,,,,,,,0.4369123041013671,,,,,0.02787923440337181,6.223871605470777e-05
,imappo,,,,473.0,0.0,0.0,0.0031119358573050704,0.0,0.0,0.0,0.0,0.0031119358573050704,0.0,0.0,0.0,0.0,0.0,,,,,,,
-0.001036440022289753,imappo,1.5259892904850858e-08,-0.6524441838264465,0.0008577525841947316,474.0,,,,,,,,,,,,,,0.4367789263087696,,,,,0.02784407138824463,6.498468428617343e-05
,imappo,,,,474.0,0.0,0.0,0.0032492345198988914,0.0,0.0,0.0,0.0,0.0032492345198988914,0.0,0.0,0.0,0.0,0.0,,,,,,,
-0.000501421163789928,imappo,1.5963459887302633e-08,-0.5741161108016968,0.0008574524841613872,475.0,,,,,,,,,,,,,,0.43664554851617204,,,,,0.030095692723989487,6.51057853247039e-05
,imappo,,,,475.0,0.0,0.0,0.003255289157095831,0.0,0.0,0.0,0.0,0.003255289157095831,0.0,0.0,0.0,0.0,0.0,,,,,,,
-0.005053876433521509,imappo,3.648113988674595e-08,-0.42682307958602905,0.0008571523841280427,476.0,,,,,,,,,,,,,,0.4365121707235745,,,,,0.03384162858128548,7.749765791231766e-05
,imappo,,,,476.0,0.0,0.0,0.0038748827355448157,0.0,0.0,0.0,0.0,0.0038748827355448157,0.0,0.0,0.0,0.0,0.0,,,,,,,
0.002313930308446288,imappo,3.3626101014760934e-08,-0.5987370610237122,0.0008568522840946982,477.0,,,,,,,,,,,,,,0.436378792930977,,,,,0.032033536583185196,7.385573553619906e-05
,imappo,,,,477.0,0.0,0.0,0.003692786500323564,0.0,0.0,0.0,0.0,0.003692786500323564,0.0,0.0,0.0,0.0,0.0,,,,,,,
-0.0010304611641913652,imappo,3.640667500803829e-08,-0.4853029251098633,0.0008565521840613538,478.0,,,,,,,,,,,,,,0.43624541513837944,,,,,0.029305927455425262,5.965532909613103e-05
,imappo,,,,478.0,0.0,0.0,0.002982766349305166,0.0,0.0,0.0,0.0,0.002982766349305166,0.0,0.0,0.0,0.0,0.0,,,,,,,
-0.0030627839732915163,imappo,2.2251269271578167e-08,-0.6111068725585938,0.0008562520840280093,479.0,,,,,,,,,,,,,,0.4361120373457819,,,,,0.03119347244501114,6.625190144404769e-05
,imappo,,,,479.0,0.0,0.0,0.0033125954323622864,0.0,0.0,0.0,0.0,0.0033125954323622864,0.0,0.0,0.0,0.0,0.0,,,,,,,
0.0005907270824536681,imappo,7.418870850983694e-09,-0.7317787408828735,0.0008559519839946649,480.0,,,,,,,,,,,,,,0.4359786595531844,,,,,0.031245488673448563,7.068717968650162e-05
,imappo,,,,480.0,0.0,0.0,0.0035343591698620003,0.0,0.0,0.0,0.0,0.0035343591698620003,0.0,0.0,0.0,0.0,0.0,,,,,,,
-0.001937543973326683,imappo,3.506361423433191e-08,-0.6627774834632874,0.0008556518839613205,481.0,,,,,,,,,,,,,,0.43584528176058684,,,,,0.030635256320238113,6.225927063496783e-05
,imappo,,,,481.0,0.0,0.0,0.003112963673629565,0.0,0.0,0.0,0.0,0.003112963673629565,0.0,0.0,0.0,0.0,0.0,,,,,,,
-0.0029063697438687086,imappo,1.0508890646576674e-08,-1.1400960683822632,0.000855351783927976,482.0,,,,,,,,,,,,,,0.4357119039679893,,,,,0.030140914022922516,7.166254363255575e-05
,imappo,,,,482.0,0.0,0.0,0.0035831271125061903,0.0,0.0,0.0,0.0,0.0035831271125061903,0.0,0.0,0.0,0.0,0.0,,,,,,,
0.0010340739972889423,imappo,1.6338255193204532e-08,-1.1154454946517944,0.0008550516838946316,483.0,,,,,,,,,,,,,,0.4355785261753918,,,,,0.02928292378783226,7.076877955114469e-05
,imappo,,,,483.0,0.0,0.0,0.003538438890245743,0.0,0.0,0.0,0.0,0.003538438890245743,0.0,0.0,0.0,0.0,0.0,,,,,,,
-0.008915407583117485,imappo,3.5326163327908944e-08,-0.7328376770019531,0.0008547515838612872,484.0,,,,,,,,,,,,,,0.43544514838279424,,,,,0.030695825815200806,6.840748392278329e-05
,imappo,,,,484.0,0.0,0.0,0.0034203738869109657,0.0,0.0,0.0,0.0,0.0034203738869109657,0.0,0.0,0.0,0.0,0.0,,,,,,,
-0.0020656189881265163,imappo,3.9339770552260234e-08,-0.6909684538841248,0.0008544514838279427,485.0,,,,,,,,,,,,,,0.4353117705901967,,,,,0.03436294198036194,7.59575777919963e-05
,imappo,,,,485.0,0.0,0.0,0.0037978788968757726,0.0,0.0,0.0,0.0,0.0037978788968757726,0.0,0.0,0.0,0.0,0.0,,,,,,,
-0.0008195718983188272,imappo,2.3867125165111247e-08,-0.7337877154350281,0.0008541513837945982,486.0,,,,,,,,,,,,,,0.4351783927975992,,,,,0.030270759016275406,6.806635792599991e-05
,imappo,,,,486.0,0.0,0.0,0.0034033179690595716,0.0,0.0,0.0,0.0,0.0034033179690595716,0.0,0.0,0.0,0.0,0.0,,,,,,,
-0.005408520344644785,imappo,4.8961126708491065e-08,-0.5549869537353516,0.0008538512837612537,487.0,,,,,,,,,,,,,,0.43504501500500165,,,,,0.031299740076065063,7.132063183235005e-05
,imappo,,,,487.0,0.0,0.0,0.0035660315697896294,0.0,0.0,0.0,0.0,0.0035660315697896294,0.0,0.0,0.0,0.0,0.0,,,,,,,
-0.0007226230227388442,imappo,4.0794319033921056e-08,-0.6269122362136841,0.0008535511837279093,488.0,,,,,,,,,,,,,,0.4349116372124041,,,,,0.029906554147601128,6.428779306588694e-05
,imappo,,,,488.0,0.0,0.0,0.003214389867935097,0.0,0.0,0.0,0.0,0.003214389867935097,0.0,0.0,0.0,0.0,0.0,,,,,,,
-0.0033948225900530815,imappo,1.1691628110099828e-08,-0.6571417450904846,0.0008532510836945649,489.0,,,,,,,,,,,,,,0.4347782594198066,,,,,0.03716818243265152,8.147065818775445e-05
,imappo,,,,489.0,0.0,0.0,0.004073532720212825,0.0,0.0,0.0,0.0,0.004073532720212825,0.0,0.0,0.0,0.0,0.0,,,,,,,
0.0024848063476383686,imappo,2.8018906306215285e-08,-0.668228030204773,0.0008529509836612204,490.0,,,,,,,,,,,,,,0.43464488162720905,,,,,0.0332171805202961,7.292497321031988e-05
,imappo,,,,490.0,0.0,0.0,0.003646248755103443,0.0,0.0,0.0,0.0,0.003646248755103443,0.0,0.0,0.0,0.0,0.0,,,,,,,
0.0008653244003653526,imappo,7.434243087800496e-08,-0.7437604665756226,0.000852650883627876,491.0,,,,,,,,,,,,,,0.4345115038346115,,,,,0.02940388396382332,6.54306641081348e-05
,imappo,,,,491.0,0.0,0.0,0.0032715330344217364,0.0,0.0,0.0,0.0,0.0032715330344217364,0.0,0.0,0.0,0.0,0.0,,,,,,,
-0.00779747636988759,imappo,5.999310559445803e-08,-0.7162020206451416,0.0008523507835945315,492.0,,,,,,,,,,,,,,0.434378126042014,,,,,0.029457353055477142,6.798897811677307e-05
,imappo,,,,492.0,0.0,0.0,0.0033994489749602508,0.0,0.0,0.0,0.0,0.0033994489749602508,0.0,0.0,0.0,0.0,0.0,,,,,,,
-0.011135663837194443,imappo,3.745626742102104e-08,-0.7188388705253601,0.0008520506835611871,493.0,,,,,,,,,,,,,,0.43424474824941645,,,,,0.03372415155172348,7.35343637643382e-05
,imappo,,,,493.0,0.0,0.0,0.003676717940834351,0.0,0.0,0.0,0.0,0.003676717940834351,0.0,0.0,0.0,0.0,0.0,,,,,,,
0.006709352135658264,imappo,2.7914790479144358e-08,-0.6864884495735168,0.0008517505835278427,494.0,,,,,,,,,,,,,,0.4341113704568189,,,,,0.032869696617126465,7.296648254850879e-05
,imappo,,,,494.0,0.0,0.0,0.0036483242583926767,0.0,0.0,0.0,0.0,0.0036483242583926767,0.0,0.0,0.0,0.0,0.0,,,,,,,
-0.006394101772457361,imappo,5.4162306639682356e-08,-0.6665893793106079,0.0008514504834944983,495.0,,,,,,,,,,,,,,0.43397799266422143,,,,,0.031791508197784424,7.120017107808962e-05
,imappo,,,,495.0,0.0,0.0,0.0035600087212515064,0.0,0.0,0.0,0.0,0.0035600087212515064,0.0,0.0,0.0,0.0,0.0,,,,,,,
-0.00453576073050499,imappo,1.476393691746125e-07,-0.6657886505126953,0.0008511503834611537,496.0,,,,,,,,,,,,,,0.43384461487162385,,,,,0.03063325397670269,6.946051144041121e-05
,imappo,,,,496.0,0.0,0.0,0.0034730255101749208,0.0,0.0,0.0,0.0,0.0034730255101749208,0.0,0.0,0.0,0.0,0.0,,,,,,,
-0.0016826046630740166,imappo,4.3635932200913885e-08,-0.16838622093200684,0.0008508502834278093,497.0,,,,,,,,,,,,,,0.43371123707902637,,,,,0.03205060213804245,6.496923742815852e-05
,imappo,,,,497.0,0.0,0.0,0.00324846228613751,0.0,0.0,0.0,0.0,0.00324846228613751,0.0,0.0,0.0,0.0,0.0,,,,,,,
-0.004862579517066479,imappo,3.268660009325686e-08,-1.011063814163208,0.0008505501833944648,498.0,,,,,,,,,,,,,,0.4335778592864288,,,,,0.028824370354413986,6.549876707140356e-05
,imappo,,,,498.0,0.0,0.0,0.0032749384226917755,0.0,0.0,0.0,0.0,0.0032749384226917755,0.0,0.0,0.0,0.0,0.0,,,,,,,
0.0006091672694310546,imappo,1.8834930060052102e-08,-0.5627933740615845,0.0008502500833611204,499.0,,,,,,,,,,,,,,0.4334444814938313,,,,,0.0283499862998724,6.282122922129929e-05
,imappo,,,,499.0,0.0,0.0,0.0031410614828928374,0.0,0.0,0.0,0.0,0.0031410614828928374,0.0,0.0,0.0,0.0,0.0,,,,,,,
,imappo,,,,499.0,,,,,,,,,,,,,,,0.0,0.0,0.0,0.0,,
-0.005725333001464605,imappo,2.5128420233500037e-08,-0.4099467694759369,0.000849949983327776,500.0,,,,,,,,,,,,,,0.4333111037012337,,,,,0.030775319784879684,6.932162068551406e-05
,imappo,,,,500.0,0.0,0.0,0.0034660809906199574,0.0,0.0,0.0,0.0,0.0034660809906199574,0.0,0.0,0.0,0.0,0.0,,,,,,,
-0.001395577797666192,imappo,3.6901170119563176e-08,-0.42653605341911316,0.0008496498832944315,501.0,,,,,,,,,,,,,,0.43317772590863624,,,,,0.030107416212558746,6.886434130137786e-05
,imappo,,,,501.0,0.0,0.0,0.0034432165884936694,0.0,0.0,0.0,0.0,0.0034432165884936694,0.0,0.0,0.0,0.0,0.0,,,,,,,
-0.008167773485183716,imappo,1.9741516865678932e-08,-0.5984221696853638,0.0008493497832610871,502.0,,,,,,,,,,,,,,0.43304434811603865,,,,,0.03299304097890854,7.148942677304149e-05
,imappo,,,,502.0,0.0,0.0,0.0035744710366998333,0.0,0.0,0.0,0.0,0.0035744710366998333,0.0,0.0,0.0,0.0,0.0,,,,,,,
-0.007020989432930946,imappo,3.622040622985878e-08,-0.6915498375892639,0.0008490496832277426,503.0,,,,,,,,,,,,,,0.43291097032344117,,,,,0.028837084770202637,6.342370033962652e-05
,imappo,,,,503.0,0.0,0.0,0.0031711850824649446,0.0,0.0,0.0,0.0,0.0031711850824649446,0.0,0.0,0.0,0.0,0.0,,,,,,,
0.024233518168330193,imappo,2.7207956776464925e-08,-0.646812379360199,0.0008487495831943981,504.0,,,,,,,,,,,,,,0.4327775925308436,,,,,0.028123676776885986,6.290536839514971e-05
,imappo,,,,504.0,0.0,0.0,0.003145268445223337,0.0,0.0,0.0,0.0,0.003145268445223337,0.0,0.0,0.0,0.0,0.0,,,,,,,
-0.0008976866956800222,imappo,5.3791072929243455e-08,-0.33255138993263245,0.0008484494831610537,505.0,,,,,,,,,,,,,,0.4326442147382461,,,,,0.032465860247612,6.718272197758779e-05
,imappo,,,,505.0,0.0,0.0,0.0033591361498110928,0.0,0.0,0.0,0.0,0.0033591361498110928,0.0,0.0,0.0,0.0,0.0,,,,,,,
-0.004459504038095474,imappo,2.0923957677609906e-08,-0.4335019290447235,0.0008481493831277092,506.0,,,,,,,,,,,,,,0.4325108369456485,,,,,0.028734982013702393,6.595541344722733e-05
,imappo,,,,506.0,0.0,0.0,0.003297770796052646,0.0,0.0,0.0,0.0,0.003297770796052646,0.0,0.0,0.0,0.0,0.0,,,,,,,
0.004632584750652313,imappo,4.833320943475883e-08,-0.8700981736183167,0.0008478492830943648,507.0,,,,,,,,,,,,,,0.43237745915305104,,,,,0.031142108142375946,6.854612729512155e-05
,imappo,,,,507.0,0.0,0.0,0.0034273061355634127,0.0,0.0,0.0,0.0,0.0034273061355634127,0.0,0.0,0.0,0.0,0.0,,,,,,,
-0.005863117054104805,imappo,1.7018734865814622e-08,-0.5973758101463318,0.0008475491830610203,508.0,,,,,,,,,,,,,,0.43224408136045345,,,,,0.03018956631422043,6.50738729746081e-05
,imappo,,,,508.0,0.0,0.0,0.003253693394071888,0.0,0.0,0.0,0.0,0.003253693394071888,0.0,0.0,0.0,0.0,0.0,,,,,,,
-0.001668130629695952,imappo,2.8646638838836225e-08,-0.3040110170841217,0.0008472490830276759,509.0,,,,,,,,,,,,,,0.43211070356785597,,,,,0.03128223866224289,6.421291618607938e-05
,imappo,,,,509.0,0.0,0.0,0.0032106457656482235,0.0,0.0,0.0,0.0,0.0032106457656482235,0.0,0.0,0.0,0.0,0.0,,,,,,,
-0.00449750293046236,imappo,1.2646892422196743e-08,-0.39825114607810974,0.0008469489829943315,510.0,,,,,,,,,,,,,,0.43197732577525844,,,,,0.03046351671218872,6.264602416194975e-05
,imappo,,,,510.0,0.0,0.0,0.003132301033474505,0.0,0.0,0.0,0.0,0.003132301033474505,0.0,0.0,0.0,0.0,0.0,,,,,,,
-0.006852629128843546,imappo,2.234381391019724e-08,-0.5333021283149719,0.0008466488829609871,511.0,,,,,,,,,,,,,,0.4318439479826609,,,,,0.03192666918039322,6.83764010318555e-05
,imappo,,,,511.0,0.0,0.0,0.003418819953367347,0.0,0.0,0.0,0.0,0.003418819953367347,0.0,0.0,0.0,0.0,0.0,,,,,,,
-0.00571498041972518,imappo,3.929331882090992e-08,-0.6556328535079956,0.0008463487829276426,512.0,,,,,,,,,,,,,,0.43171057019006337,,,,,0.031561002135276794,6.700814992655069e-05
,imappo,,,,512.0,0.0,0.0,0.003350407503603492,0.0,0.0,0.0,0.0,0.003350407503603492,0.0,0.0,0.0,0.0,0.0,,,,,,,
-0.002532250713557005,imappo,4.7162053817828564e-08,-0.5430926084518433,0.0008460486828942981,513.0,,,,,,,,,,,,,,0.43157719239746584,,,,,0.029346931725740433,6.337348168017343e-05
,imappo,,,,513.0,0.0,0.0,0.003168674225889845,0.0,0.0,0.0,0.0,0.003168674225889845,0.0,0.0,0.0,0.0,0.0,,,,,,,
0.0002426309511065483,imappo,8.080648683517211e-08,-0.5592914819717407,0.0008457485828609536,514.0,,,,,,,,,,,,,,0.4314438146048683,,,,,0.030611859634518623,6.606689566979185e-05
,imappo,,,,514.0,0.0,0.0,0.003303344998130342,0.0,0.0,0.0,0.0,0.003303344998130342,0.0,0.0,0.0,0.0,0.0,,,,,,,
0.014368022792041302,imappo,1.9248400917604158e-07,-0.5802038311958313,0.0008454484828276092,515.0,,,,,,,,,,,,,,0.43131043681227077,,,,,0.028537731617689133,6.220953218871728e-05
,imappo,,,,515.0,0.0,0.0,0.0031104767622309737,0.0,0.0,0.0,0.0,0.0031104767622309737,0.0,0.0,0.0,0.0,0.0,,,,,,,
0.0014276845613494515,imappo,1.8452034566962539e-07,-0.5295206308364868,0.0008451483827942648,516.0,,,,,,,,,,,,,,0.43117705901967324,,,,,0.03030546009540558,6.687064160360023e-05
,imappo,,,,516.0,0.0,0.0,0.003343531923746923,0.0,0.0,0.0,0.0,0.003343531923746923,0.0,0.0,0.0,0.0,0.0,,,,,,,
0.002121778903529048,imappo,3.990195409642183e-07,-0.3584688901901245,0.0008448482827609203,517.0,,,,,,,,,,,,,,0.4310436812270757,,,,,0.03166690468788147,6.677311466773972e-05
,imappo,,,,517.0,0.0,0.0,0.0033386555369361304,0.0,0.0,0.0,0.0,0.0033386555369361304,0.0,0.0,0.0,0.0,0.0,,,,,,,
-0.003321208991110325,imappo,1.3698446821308607e-07,-0.405225545167923,0.0008445481827275759,518.0,,,,,,,,,,,,,,0.43091030343447817,,,,,0.03149481862783432,6.830368511145934e-05
,imappo,,,,518.0,0.0,0.0,0.0034151843974541407,0.0,0.0,0.0,0.0,0.0034151843974541407,0.0,0.0,0.0,0.0,0.0,,,,,,,
-2.5618646759539843e-06,imappo,1.2361704193608603e-07,-0.4437052011489868,0.0008442480826942314,519.0,,,,,,,,,,,,,,0.43077692564188064,,,,,0.03032732382416725,6.409384513972327e-05
,imappo,,,,519.0,0.0,0.0,0.003204692593499203,0.0,0.0,0.0,0.0,0.003204692593499203,0.0,0.0,0.0,0.0,0.0,,,,,,,
-0.00224660849198699,imappo,1.7898177873121313e-07,-0.25957241654396057,0.000843947982660887,520.0,,,,,,,,,,,,,,0.4306435478492831,,,,,0.030009107664227486,6.191305874381214e-05
,imappo,,,,520.0,0.0,0.0,0.0030956530972616747,0.0,0.0,0.0,0.0,0.0030956530972616747,0.0,0.0,0.0,0.0,0.0,,,,,,,
-0.0040372214280068874,imappo,5.6124168423821175e-08,-0.4266844689846039,0.0008436478826275426,521.0,,,,,,,,,,,,,,0.43051017005668557,,,,,0.028875820338726044,6.506471981992945e-05
,imappo,,,,521.0,0.0,0.0,0.003253236223827116,0.0,0.0,0.0,0.0,0.003253236223827116,0.0,0.0,0.0,0.0,0.0,,,,,,,
-0.0028586285188794136,imappo,7.494818277109516e-08,-0.7232099771499634,0.0008433477825941981,522.0,,,,,,,,,,,,,,0.43037679226408804,,,,,0.02935415878891945,6.603579822694883e-05
,imappo,,,,522.0,0.0,0.0,0.0033017897767422255,0.0,0.0,0.0,0.0,0.0033017897767422255,0.0,0.0,0.0,0.0,0.0,,,,,,,
-0.007415680214762688,imappo,1.317868907335651e-07,-0.4339621961116791,0.0008430476825608536,523.0,,,,,,,,,,,,,,0.4302434144714905,,,,,0.027977142482995987,6.376194505719468e-05
,imappo,,,,523.0,0.0,0.0,0.0031880972419457976,0.0,0.0,0.0,0.0,0.0031880972419457976,0.0,0.0,0.0,0.0,0.0,,,,,,,
-0.0012887445045635104,imappo,4.1711249565423714e-08,-0.6907421946525574,0.0008427475825275092,524.0,,,,,,,,,,,,,,0.43011003667889297,,,,,0.02813679352402687,6.464751641033217e-05
,imappo,,,,524.0,0.0,0.0,0.003232375984225655,0.0,0.0,0.0,0.0,0.003232375984225655,0.0,0.0,0.0,0.0,0.0,,,,,,,
-0.00691698445007205,imappo,6.273755559504934e-08,-0.45690494775772095,0.0008424474824941647,525.0,,,,,,,,,,,,,,0.42997665888629544,,,,,0.026404213160276413,6.132470298325643e-05
,imappo,,,,525.0,0.0,0.0,0.0030662349381600507,0.0,0.0,0.0,0.0,0.0030662349381600507,0.0,0.0,0.0,0.0,0.0,,,,,,,
-0.0061631412245333195,imappo,7.783746980294382e-08,-0.41606059670448303,0.0008421473824608203,526.0,,,,,,,,,,,,,,0.4298432810936979,,,,,0.024920698255300522,5.958076872047968e-05
,imappo,,,,526.0,0.0,0.0,0.0029790385633532424,0.0,0.0,0.0,0.0,0.0029790385633532424,0.0,0.0,0.0,0.0,0.0,,,,,,,
-0.00017956554074771702,imappo,1.559677968998585e-07,-0.232859268784523,0.0008418472824274759,527.0,,,,,,,,,,,,,,0.42970990330110037,,,,,0.030437974259257317,6.200940697453916e-05
,imappo,,,,527.0,0.0,0.0,0.0031004697775642853,0.0,0.0,0.0,0.0,0.0031004697775642853,0.0,0.0,0.0,0.0,0.0,,,,,,,
-0.008689410984516144,imappo,8.19710610500124e-09,-0.5874622464179993,0.0008415471823941314,528.0,,,,,,,,,,,,,,0.42957652550850284,,,,,0.034941770136356354,7.21821270417422e-05
,imappo,,,,528.0,0.0,0.0,0.0036091063120693434,0.0,0.0,0.0,0.0,0.0036091063120693434,0.0,0.0,0.0,0.0,0.0,,,,,,,
-0.011337216012179852,imappo,1.1477251149472067e-08,-0.6355741024017334,0.000841247082360787,529.0,,,,,,,,,,,,,,0.4294431477159053,,,,,0.02664574421942234,6.214424502104521e-05
,imappo,,,,529.0,0.0,0.0,0.0031072123274498153,0.0,0.0,0.0,0.0,0.0031072123274498153,0.0,0.0,0.0,0.0,0.0,,,,,,,
-0.013275256380438805,imappo,8.501944392946825e-08,-0.2826184332370758,0.0008409469823274424,530.0,,,,,,,,,,,,,,0.42930976992330777,,,,,0.03751812502741814,7.70184415159747e-05
,imappo,,,,530.0,0.0,0.0,0.0038509220466949046,0.0,0.0,0.0,0.0,0.0038509220466949046,0.0,0.0,0.0,0.0,0.0,,,,,,,
0.003538870718330145,imappo,8.134784224012037e-08,-0.4834524095058441,0.000840646882294098,531.0,,,,,,,,,,,,,,0.42917639213071024,,,,,0.032504044473171234,6.657702761003748e-05
,imappo,,,,531.0,0.0,0.0,0.003328851358674001,0.0,0.0,0.0,0.0,0.003328851358674001,0.0,0.0,0.0,0.0,0.0,,,,,,,
0.0035944159608334303,imappo,7.114891786841326e-08,-0.3117057681083679,0.0008403467822607536,532.0,,,,,,,,,,,,,,0.4290430143381127,,,,,0.02977307327091694,6.565549119841307e-05
,imappo,,,,532.0,0.0,0.0,0.0032827749237185344,0.0,0.0,0.0,0.0,0.0032827749237185344,0.0,0.0,0.0,0.0,0.0,,,,,,,
-0.0030835571233183146,imappo,1.224665595600527e-07,-0.22530733048915863,0.0008400466822274092,533.0,,,,,,,,,,,,,,0.42890963654551517,,,,,0.03438415005803108,7.520149665651843e-05
,imappo,,,,533.0,0.0,0.0,0.0037600747164105996,0.0,0.0,0.0,0.0,0.0037600747164105996,0.0,0.0,0.0,0.0,0.0,,,,,,,
-0.003513454459607601,imappo,3.2488461698676474e-08,-0.3693754971027374,0.0008397465821940647,534.0,,,,,,,,,,,,,,0.42877625875291764,,,,,0.032009467482566833,6.88946238369681e-05
,imappo,,,,534.0,0.0,0.0,0.0034447310608811677,0.0,0.0,0.0,0.0,0.0034447310608811677,0.0,0.0,0.0,0.0,0.0,,,,,,,
-0.004558715503662825,imappo,4.2943963052266554e-08,-0.053796958178281784,0.0008394464821607203,535.0,,,,,,,,,,,,,,0.4286428809603201,,,,,0.034675680100917816,7.123185059754178e-05
,imappo,,,,535.0,0.0,0.0,0.0035615924680314492,0.0,0.0,0.0,0.0,0.0035615924680314492,0.0,0.0,0.0,0.0,0.0,,,,,,,
-0.008478858508169651,imappo,2.364020978973258e-08,-0.33415040373802185,0.0008391463821273758,536.0,,,,,,,,,,,,,,0.42850950316772257,,,,,0.034750401973724365,7.493497832911089e-05
,imappo,,,,536.0,0.0,0.0,0.003746748792764265,0.0,0.0,0.0,0.0,0.003746748792764265,0.0,0.0,0.0,0.0,0.0,,,,,,,
-0.004492867272347212,imappo,2.2529160759177103e-08,-0.39709773659706116,0.0008388462820940314,537.0,,,,,,,,,,,,,,0.42837612537512504,,,,,0.031948380172252655,6.741681136190891e-05
,imappo,,,,537.0,0.0,0.0,0.0033708405899233185,0.0,0.0,0.0,0.0,0.0033708405899233185,0.0,0.0,0.0,0.0,0.0,,,,,,,
-0.011999365873634815,imappo,5.515003920208983e-08,-0.7926668524742126,0.000838546182060687,538.0,,,,,,,,,,,,,,0.4282427475825275,,,,,0.03185752034187317,7.014218863332644e-05
,imappo,,,,538.0,0.0,0.0,0.00350710962084122,0.0,0.0,0.0,0.0,0.00350710962084122,0.0,0.0,0.0,0.0,0.0,,,,,,,
-0.003908687271177769,imappo,1.372175404412701e-07,-0.39001500606536865,0.0008382460820273424,539.0,,,,,,,,,,,,,,0.42810936978992997,,,,,0.030774839222431183,6.637580372625962e-05
,imappo,,,,539.0,0.0,0.0,0.0033187901790370233,0.0,0.0,0.0,0.0,0.0033187901790370233,0.0,0.0,0.0,0.0,0.0,,,,,,,
0.0006793318898417056,imappo,1.1385152021148315e-07,-0.45593079924583435,0.000837945981993998,540.0,,,,,,,,,,,,,,0.42797599199733244,,,,,0.03157701715826988,6.867619958939031e-05
,imappo,,,,540.0,0.0,0.0,0.003433809684793232,0.0,0.0,0.0,0.0,0.003433809684793232,0.0,0.0,0.0,0.0,0.0,,,,,,,
-0.002051384188234806,imappo,1.1980661440702534e-07,-0.2950461208820343,0.0008376458819606535,541.0,,,,,,,,,,,,,,0.4278426142047349,,,,,0.030908195301890373,6.86535204295069e-05
,imappo,,,,541.0,0.0,0.0,0.0034326758832321502,0.0,0.0,0.0,0.0,0.0034326758832321502,0.0,0.0,0.0,0.0,0.0,,,,,,,
-0.004393900278955698,imappo,5.4907363988832e-08,-0.4794875979423523,0.0008373457819273091,542.0,,,,,,,,,,,,,,0.4277092364121374,,,,,0.03340324014425278,7.168953015934676e-05
,imappo,,,,542.0,0.0,0.0,0.003584476340620313,0.0,0.0,0.0,0.0,0.003584476340620313,0.0,0.0,0.0,0.0,0.0,,,,,,,
0.000475111766718328,imappo,3.381756030762517e-08,-0.10488039255142212,0.0008370456818939647,543.0,,,,,,,,,,,,,,0.42757585861953984,,,,,0.03019759990274906,5.942349162069149e-05
,imappo,,,,543.0,0.0,0.0,0.002971174479171168,0.0,0.0,0.0,0.0,0.002971174479171168,0.0,0.0,0.0,0.0,0.0,,,,,,,
-0.0032070551533252,imappo,2.1780897085932338e-08,-0.11270323395729065,0.0008367455818606203,544.0,,,,,,,,,,,,,,0.4274424808269423,,,,,0.029371842741966248,5.8595342125045136e-05
,imappo,,,,544.0,0.0,0.0,0.0029297670953383204,0.0,0.0,0.0,0.0,0.0029297670953383204,0.0,0.0,0.0,0.0,0.0,,,,,,,
-0.007923932746052742,imappo,1.0661818805601797e-07,-0.4427785873413086,0.0008364454818272758,545.0,,,,,,,,,,,,,,0.4273091030343448,,,,,0.028000155463814735,6.03613443672657e-05
,imappo,,,,545.0,0.0,0.0,0.003018067240191158,0.0,0.0,0.0,0.0,0.003018067240191158,0.0,0.0,0.0,0.0,0.0,,,,,,,
-0.001481175422668457,imappo,1.0338447964386432e-07,-0.5831599831581116,0.0008361453817939314,546.0,,,,,,,,,,,,,,0.42717572524174724,,,,,0.03252460062503815,7.05462007317692e-05
,imappo,,,,546.0,0.0,0.0,0.003527310040226439,0.0,0.0,0.0,0.0,0.003527310040226439,0.0,0.0,0.0,0.0,0.0,,,,,,,
-0.008582224138081074,imappo,8.632270720454471e-08,-0.511902391910553,0.0008358452817605869,547.0,,,,,,,,,,,,,,0.4270423474491497,,,,,0.029123172163963318,6.280447269091383e-05
,imappo,,,,547.0,0.0,0.0,0.0031402234053530265,0.0,0.0,0.0,0.0,0.0031402234053530265,0.0,0.0,0.0,0.0,0.0,,,,,,,
-0.0006055616540834308,imappo,7.789309108829912e-08,-0.31797707080841064,0.0008355451817272424,548.0,,,,,,,,,,,,,,0.4269089696565522,,,,,0.03188873827457428,6.796007073717192e-05
,imappo,,,,548.0,0.0,0.0,0.0033980033695115708,0.0,0.0,0.0,0.0,0.0033980033695115708,0.0,0.0,0.0,0.0,0.0,,,,,,,
-0.0038260556757450104,imappo,1.1137986888343221e-07,-0.12812966108322144,0.000835245081693898,549.0,,,,,,,,,,,,,,0.42677559186395464,,,,,0.030189014971256256,5.997545667923987e-05
,imappo,,,,549.0,0.0,0.0,0.002998773015860934,0.0,0.0,0.0,0.0,0.002998773015860934,0.0,0.0,0.0,0.0,0.0,,,,,,,
-0.0019240358378738165,imappo,2.498584024124284e-07,-0.31929317116737366,0.0008349449816605535,550.0,,,,,,,,,,,,,,0.4266422140713571,,,,,0.029410334303975105,6.205121462699026e-05
,imappo,,,,550.0,0.0,0.0,0.00310256061857217,0.0,0.0,0.0,0.0,0.00310256061857217,0.0,0.0,0.0,0.0,0.0,,,,,,,
-0.0029225351754575968,imappo,2.165793802078042e-07,-0.11680680513381958,0.0008346448816272091,551.0,,,,,,,,,,,,,,0.4265088362787596,,,,,0.027230404317378998,5.308528488967568e-05
,imappo,,,,551.0,0.0,0.0,0.0026542640989646316,0.0,0.0,0.0,0.0,0.0026542640989646316,0.0,0.0,0.0,0.0,0.0,,,,,,,
-0.0034968408290296793,imappo,2.77008979310267e-07,-0.44416677951812744,0.0008343447815938646,552.0,,,,,,,,,,,,,,0.42637545848616204,,,,,0.028446950018405914,5.932454587309621e-05
,imappo,,,,552.0,0.0,0.0,0.0029662273300345987,0.0,0.0,0.0,0.0,0.0029662273300345987,0.0,0.0,0.0,0.0,0.0,,,,,,,
-0.0042022173292934895,imappo,4.856116788687359e-07,-0.20613349974155426,0.0008340446815605202,553.0,,,,,,,,,,,,,,0.4262420806935645,,,,,0.028373852372169495,5.6043929362203926e-05
,imappo,,,,553.0,0.0,0.0,0.0028021965445077512,0.0,0.0,0.0,0.0,0.0028021965445077512,0.0,0.0,0.0,0.0,0.0,,,,,,,
-0.007352581713348627,imappo,2.475140092883521e-07,-0.07374267280101776,0.0008337445815271758,554.0,,,,,,,,,,,,,,0.426108702900967,,,,,0.03378196433186531,7.178505620686337e-05
,imappo,,,,554.0,0.0,0.0,0.003589252613892313,0.0,0.0,0.0,0.0,0.003589252613892313,0.0,0.0,0.0,0.0,0.0,,,,,,,
-0.00587018858641386,imappo,3.4093176282112836e-08,-0.4276004135608673,0.0008334444814938313,555.0,,,,,,,,,,,,,,0.42597532510836944,,,,,0.028112437576055527,6.284028495429084e-05
,imappo,,,,555.0,0.0,0.0,0.0031420143313880544,0.0,0.0,0.0,0.0,0.0031420143313880544,0.0,0.0,0.0,0.0,0.0,,,,,,,
-0.004589291755110025,imappo,1.0096736247078297e-07,-0.3759038746356964,0.0008331443814604869,556.0,,,,,,,,,,,,,,0.4258419473157719,,,,,0.028034519404172897,6.0269761888775975e-05
,imappo,,,,556.0,0.0,0.0,0.003013488054421032,0.0,0.0,0.0,0.0,0.003013488054421032,0.0,0.0,0.0,0.0,0.0,,,,,,,
0.00296869408339262,imappo,8.505126913860295e-08,-0.49070313572883606,0.0008328442814271425,557.0,,,,,,,,,,,,,,0.4257085695231744,,,,,0.029530365020036697,6.502374890260398e-05
,imappo,,,,557.0,0.0,0.0,0.0032511873250768986,0.0,0.0,0.0,0.0,0.0032511873250768986,0.0,0.0,0.0,0.0,0.0,,,,,,,
-0.003492972580716014,imappo,1.5065047875850723e-07,-0.1649085283279419,0.0008325441813937979,558.0,,,,,,,,,,,,,,0.42557519173057684,,,,,0.03184300661087036,6.825148739153519e-05
,imappo,,,,558.0,0.0,0.0,0.003412574271351332,0.0,0.0,0.0,0.0,0.003412574271351332,0.0,0.0,0.0,0.0,0.0,,,,,,,
-0.008007963187992573,imappo,1.4117049751405375e-08,-0.5999584197998047,0.0008322440813604535,559.0,,,,,,,,,,,,,,0.4254418139379793,,,,,0.033127766102552414,7.338763680309057e-05
,imappo,,,,559.0,0.0,0.0,0.003669381945655914,0.0,0.0,0.0,0.0,0.003669381945655914,0.0,0.0,0.0,0.0,0.0,,,,,,,
-0.0011269134702160954,imappo,7.070666185882146e-08,-0.3975713551044464,0.0008319439813271091,560.0,,,,,,,,,,,,,,0.4253084361453818,,,,,0.034235499799251556,7.309183274628595e-05
,imappo,,,,560.0,0.0,0.0,0.003654591644590255,0.0,0.0,0.0,0.0,0.003654591644590255,0.0,0.0,0.0,0.0,0.0,,,,,,,
-0.001182287116535008,imappo,2.1480691714259592e-07,-0.6418580412864685,0.0008316438812937646,561.0,,,,,,,,,,,,,,0.42517505835278424,,,,,0.031989701092243195,7.025503145996481e-05
,imappo,,,,561.0,0.0,0.0,0.00351275169668952,0.0,0.0,0.0,0.0,0.00351275169668952,0.0,0.0,0.0,0.0,0.0,,,,,,,
-0.0012204376980662346,imappo,7.54512427647569e-07,-0.545356035232544,0.0008313437812604202,562.0,,,,,,,,,,,,,,0.4250416805601867,,,,,0.03279293328523636,7.179431850090623e-05
,imappo,,,,562.0,0.0,0.0,0.003589716139686061,0.0,0.0,0.0,0.0,0.003589716139686061,0.0,0.0,0.0,0.0,0.0,,,,,,,
-0.004677068907767534,imappo,1.4051940979697974e-06,-0.5284075736999512,0.0008310436812270757,563.0,,,,,,,,,,,,,,0.4249083027675892,,,,,0.03138913959264755,6.947443034732714e-05
,imappo,,,,563.0,0.0,0.0,0.0034737214155029505,0.0,0.0,0.0,0.0,0.0034737214155029505,0.0,0.0,0.0,0.0,0.0,,,,,,,
-0.0017504426650702953,imappo,1.3826971780872555e-06,-0.877541720867157,0.0008307435811937313,564.0,,,,,,,,,,,,,,0.42477492497499164,,,,,0.03372034803032875,8.009120938368142e-05
,imappo,,,,564.0,0.0,0.0,0.004004560352768749,0.0,0.0,0.0,0.0,0.004004560352768749,0.0,0.0,0.0,0.0,0.0,,,,,,,
-0.001347200945019722,imappo,4.01513261749642e-06,-0.32881224155426025,0.0008304434811603869,565.0,,,,,,,,,,,,,,0.4246415471823941,,,,,0.030969880521297455,6.758645758964121e-05
,imappo,,,,565.0,0.0,0.0,0.003379322966793552,0.0,0.0,0.0,0.0,0.003379322966793552,0.0,0.0,0.0,0.0,0.0,,,,,,,
-0.0021857155952602625,imappo,2.9257528240123065e-06,-0.4825880825519562,0.0008301433811270423,566.0,,,,,,,,,,,,,,0.4245081693897966,,,,,0.030160201713442802,6.817586836405098e-05
,imappo,,,,566.0,0.0,0.0,0.003408793687412981,0.0,0.0,0.0,0.0,0.003408793687412981,0.0,0.0,0.0,0.0,0.0,,,,,,,
0.0032833977602422237,imappo,2.3913662516861223e-06,-0.4269039034843445,0.0008298432810936979,567.0,,,,,,,,,,,,,,0.42437479159719904,,,,,0.031091980636119843,6.270186713663861e-05
,imappo,,,,567.0,0.0,0.0,0.0031350929602922406,0.0,0.0,0.0,0.0,0.0031350929602922406,0.0,0.0,0.0,0.0,0.0,,,,,,,
-0.003728783456608653,imappo,1.0988575240844511e-06,-0.5829368233680725,0.0008295431810603534,568.0,,,,,,,,,,,,,,0.4242414138046015,,,,,0.0306524820625782,6.504683551611379e-05
,imappo,,,,568.0,0.0,0.0,0.0032523419104109053,0.0,0.0,0.0,0.0,0.0032523419104109053,0.0,0.0,0.0,0.0,0.0,,,,,,,
-0.0005853539332747459,imappo,8.920368372855592e-07,-0.49067264795303345,0.000829243081027009,569.0,,,,,,,,,,,,,,0.424108036012004,,,,,0.02907950058579445,6.543613562826067e-05
,imappo,,,,569.0,0.0,0.0,0.0032718069487600587,0.0,0.0,0.0,0.0,0.0032718069487600587,0.0,0.0,0.0,0.0,0.0,,,,,,,
-0.006247560493648052,imappo,5.865051662112819e-07,-0.38138288259506226,0.0008289429809936646,570.0,,,,,,,,,,,,,,0.42397465821940644,,,,,0.029136160388588905,6.267391290748492e-05
,imappo,,,,570.0,0.0,0.0,0.0031336955216829665,0.0,0.0,0.0,0.0,0.0031336955216829665,0.0,0.0,0.0,0.0,0.0,,,,,,,
-0.004721913021057844,imappo,2.891669907967298e-07,-0.4199148118495941,0.0008286428809603202,571.0,,,,,,,,,,,,,,0.4238412804268089,,,,,0.030425671488046646,6.16740871919319e-05
,imappo,,,,571.0,0.0,0.0,0.003083704246819252,0.0,0.0,0.0,0.0,0.003083704246819252,0.0,0.0,0.0,0.0,0.0,,,,,,,
-0.004181405063718557,imappo,5.678507974948843e-08,-0.9797271490097046,0.0008283427809269757,572.0,,,,,,,,,,,,,,0.42370790263421143,,,,,0.0304240882396698,6.491066596936435e-05
,imappo,,,,572.0,0.0,0.0,0.0032455329528602306,0.0,0.0,0.0,0.0,0.0032455329528602306,0.0,0.0,0.0,0.0,0.0,,,,,,,
-0.0007586360443383455,imappo,8.085309843863797e-08,-0.4814653992652893,0.0008280426808936313,573.0,,,,,,,,,,,,,,0.42357452484161384,,,,,0.029277458786964417,6.111103721195832e-05
,imappo,,,,573.0,0.0,0.0,0.0030555517041648272,0.0,0.0,0.0,0.0,0.0030555517041648272,0.0,0.0,0.0,0.0,0.0,,,,,,,
-0.004546055104583502,imappo,8.024122166716552e-08,-0.4084859788417816,0.0008277425808602868,574.0,,,,,,,,,,,,,,0.42344114704901636,,,,,0.031728148460388184,6.512449908768758e-05
,imappo,,,,574.0,0.0,0.0,0.0032562250598857645,0.0,0.0,0.0,0.0,0.0032562250598857645,0.0,0.0,0.0,0.0,0.0,,,,,,,
0.008636005222797394,imappo,4.8882938585848024e-08,-0.6317145228385925,0.0008274424808269423,575.0,,,,,,,,,,,,,,0.4233077692564188,,,,,0.031060703098773956,6.462058809120208e-05
,imappo,,,,575.0,0.0,0.0,0.003231029688322451,0.0,0.0,0.0,0.0,0.003231029688322451,0.0,0.0,0.0,0.0,0.0,,,,,,,
-0.00834732037037611,imappo,3.987803509630794e-08,-0.5356789827346802,0.0008271423807935979,576.0,,,,,,,,,,,,,,0.4231743914638213,,,,,0.029285341501235962,6.235946784727275e-05
,imappo,,,,576.0,0.0,0.0,0.00311797378162737,0.0,0.0,0.0,0.0,0.00311797378162737,0.0,0.0,0.0,0.0,0.0,,,,,,,
-0.0012817720416933298,imappo,4.366277295275722e-08,-0.5110602974891663,0.0008268422807602534,577.0,,,,,,,,,,,,,,0.4230410136712237,,,,,0.030217796564102173,6.795112858526409e-05
,imappo,,,,577.0,0.0,0.0,0.003397556432901183,0.0,0.0,0.0,0.0,0.003397556432901183,0.0,0.0,0.0,0.0,0.0,,,,,,,
-0.0026508974842727184,imappo,1.4552901994591139e-08,-0.7466461658477783,0.000826542180726909,578.0,,,,,,,,,,,,,,0.42290763587862623,,,,,0.031087663024663925,7.05384009052068e-05
,imappo,,,,578.0,0.0,0.0,0.003526919910655124,0.0,0.0,0.0,0.0,0.003526919910655124,0.0,0.0,0.0,0.0,0.0,,,,,,,
0.0005523821455426514,imappo,2.1592542864823372e-08,-0.6030296087265015,0.0008262420806935645,579.0,,,,,,,,,,,,,,0.42277425808602864,,,,,0.030021991580724716,6.400421261787415e-05
,imappo,,,,579.0,0.0,0.0,0.0032002107000153046,0.0,0.0,0.0,0.0,0.0032002107000153046,0.0,0.0,0.0,0.0,0.0,,,,,,,
0.0008281773771159351,imappo,1.998892429355692e-08,-0.24168935418128967,0.0008259419806602201,580.0,,,,,,,,,,,,,,0.42264088029343116,,,,,0.030347982421517372,6.188853876665235e-05
,imappo,,,,580.0,0.0,0.0,0.0030944271384214517,0.0,0.0,0.0,0.0,0.0030944271384214517,0.0,0.0,0.0,0.0,0.0,,,,,,,
0.001547865103930235,imappo,1.813941175043965e-08,-0.6068748831748962,0.0008256418806268757,581.0,,,,,,,,,,,,,,0.4225075025008336,,,,,0.03421285003423691,7.692301005590707e-05
,imappo,,,,581.0,0.0,0.0,0.003846150320896413,0.0,0.0,0.0,0.0,0.003846150320896413,0.0,0.0,0.0,0.0,0.0,,,,,,,
-0.009244545362889767,imappo,1.729058141108908e-08,-0.5327968597412109,0.0008253417805935312,582.0,,,,,,,,,,,,,,0.4223741247082361,,,,,0.03499259799718857,7.510830619139597e-05
,imappo,,,,582.0,0.0,0.0,0.0037554154914687388,0.0,0.0,0.0,0.0,0.0037554154914687388,0.0,0.0,0.0,0.0,0.0,,,,,,,
0.005586793180555105,imappo,1.845973507386134e-08,-0.2921322286128998,0.0008250416805601868,583.0,,,,,,,,,,,,,,0.4222407469156385,,,,,0.02947494387626648,6.00921775912866e-05
,imappo,,,,583.0,0.0,0.0,0.003004608919582097,0.0,0.0,0.0,0.0,0.003004608919582097,0.0,0.0,0.0,0.0,0.0,,,,,,,
-0.0055830092169344425,imappo,1.7251128525686e-08,-0.7742509841918945,0.0008247415805268422,584.0,,,,,,,,,,,,,,0.42210736912304103,,,,,0.03027731366455555,6.917440623510629e-05
,imappo,,,,584.0,0.0,0.0,0.003458720057096798,0.0,0.0,0.0,0.0,0.003458720057096798,0.0,0.0,0.0,0.0,0.0,,,,,,,
0.003975201398134232,imappo,1.9123170602597384e-08,-0.5675650238990784,0.0008244414804934978,585.0,,,,,,,,,,,,,,0.42197399133044344,,,,,0.03396888077259064,7.316047413041815e-05
,imappo,,,,585.0,0.0,0.0,0.003658023531897925,0.0,0.0,0.0,0.0,0.003658023531897925,0.0,0.0,0.0,0.0,0.0,,,,,,,
-0.0023767391685396433,imappo,6.806997276953553e-08,-0.5987852215766907,0.0008241413804601534,586.0,,,,,,,,,,,,,,0.42184061353784597,,,,,0.030223645269870758,6.590605335077271e-05
,imappo,,,,586.0,0.0,0.0,0.0032953028930933215,0.0,0.0,0.0,0.0,0.0032953028930933215,0.0,0.0,0.0,0.0,0.0,,,,,,,
0.00022038895986042917,imappo,1.0165356201241593e-07,-0.6258859038352966,0.000823841280426809,587.0,,,,,,,,,,,,,,0.42170723574524843,,,,,0.0294022299349308,6.47135530016385e-05
,imappo,,,,587.0,0.0,0.0,0.0032356775700463913,0.0,0.0,0.0,0.0,0.0032356775700463913,0.0,0.0,0.0,0.0,0.0,,,,,,,
-0.007425821386277676,imappo,1.083597069850839e-07,-0.610356330871582,0.0008235411803934645,588.0,,,,,,,,,,,,,,0.4215738579526509,,,,,0.028221866115927696,6.255185871850699e-05
,imappo,,,,588.0,0.0,0.0,0.0031275929395633284,0.0,0.0,0.0,0.0,0.0031275929395633284,0.0,0.0,0.0,0.0,0.0,,,,,,,
-0.004021016415208578,imappo,1.2264929694083548e-07,-0.5632448792457581,0.0008232410803601201,589.0,,,,,,,,,,,,,,0.42144048016005337,,,,,0.03172648698091507,7.21290780347772e-05
,imappo,,,,589.0,0.0,0.0,0.003606453537940979,0.0,0.0,0.0,0.0,0.003606453537940979,0.0,0.0,0.0,0.0,0.0,,,,,,,
0.0048376121558249,imappo,2.63094619867843e-07,-0.4131695628166199,0.0008229409803267756,590.0,,,,,,,,,,,,,,0.42130710236745583,,,,,0.03038787841796875,6.12955482210964e-05
,imappo,,,,590.0,0.0,0.0,0.003064777050894918,0.0,0.0,0.0,0.0,0.003064777050894918,0.0,0.0,0.0,0.0,0.0,,,,,,,
0.004267269279807806,imappo,6.174584541440709e-07,-0.34316664934158325,0.0008226408802934312,591.0,,,,,,,,,,,,,,0.4211737245748583,,,,,0.031356845051050186,6.17668338236399e-05
,imappo,,,,591.0,0.0,0.0,0.0030883418512530625,0.0,0.0,0.0,0.0,0.0030883418512530625,0.0,0.0,0.0,0.0,0.0,,,,,,,
-0.002791770501062274,imappo,5.542520398194029e-07,-0.31399035453796387,0.0008223407802600868,592.0,,,,,,,,,,,,,,0.42104034678226077,,,,,0.028980251401662827,5.975066596874967e-05
,imappo,,,,592.0,0.0,0.0,0.002987533382110996,0.0,0.0,0.0,0.0,0.002987533382110996,0.0,0.0,0.0,0.0,0.0,,,,,,,
-0.014666799455881119,imappo,3.8623915088464855e-07,-0.5579090118408203,0.0008220406802267422,593.0,,,,,,,,,,,,,,0.42090696898966323,,,,,0.03060467541217804,6.528993253596127e-05
,imappo,,,,593.0,0.0,0.0,0.0032644965504005086,0.0,0.0,0.0,0.0,0.0032644965504005086,0.0,0.0,0.0,0.0,0.0,,,,,,,
-0.007900282740592957,imappo,5.05096750202938e-07,-0.3758396804332733,0.0008217405801933978,594.0,,,,,,,,,,,,,,0.4207735911970657,,,,,0.030650921165943146,6.530537939397618e-05
,imappo,,,,594.0,0.0,0.0,0.0032652691079420038,0.0,0.0,0.0,0.0,0.0032652691079420038,0.0,0.0,0.0,0.0,0.0,,,,,,,
-0.008526647463440895,imappo,8.309395411743026e-07,-0.3000681400299072,0.0008214404801600533,595.0,,,,,,,,,,,,,,0.42064021340446817,,,,,0.028292149305343628,5.460674947244115e-05
,imappo,,,,595.0,0.0,0.0,0.0027303374736220576,0.0,0.0,0.0,0.0,0.0027303374736220576,0.0,0.0,0.0,0.0,0.0,,,,,,,
0.002070298418402672,imappo,6.179796514516056e-07,-0.4539226293563843,0.0008211403801267089,596.0,,,,,,,,,,,,,,0.42050683561187063,,,,,0.029340799897909164,6.255433982005343e-05
,imappo,,,,596.0,0.0,0.0,0.0031277170273824595,0.0,0.0,0.0,0.0,0.0031277170273824595,0.0,0.0,0.0,0.0,0.0,,,,,,,
-0.003740171901881695,imappo,8.720091955183307e-07,-0.5289068818092346,0.0008208402800933645,597.0,,,,,,,,,,,,,,0.4203734578192731,,,,,0.029216688126325607,6.122793274698779e-05
,imappo,,,,597.0,0.0,0.0,0.0030613964881922584,0.0,0.0,0.0,0.0,0.0030613964881922584,0.0,0.0,0.0,0.0,0.0,,,,,,,
-0.00312813650816679,imappo,1.024685730044439e-06,-0.49172094464302063,0.0008205401800600201,598.0,,,,,,,,,,,,,,0.42024008002667557,,,,,0.031861089169979095,6.700223457301036e-05
,imappo,,,,598.0,0.0,0.0,0.003350111670442857,0.0,0.0,0.0,0.0,0.003350111670442857,0.0,0.0,0.0,0.0,0.0,,,,,,,
-0.0021668006666004658,imappo,1.2630002856894862e-06,-0.6720988750457764,0.0008202400800266756,599.0,,,,,,,,,,,,,,0.42010670223407803,,,,,0.030677631497383118,6.498375296359882e-05
,imappo,,,,599.0,0.0,0.0,0.0032491877354914322,0.0,0.0,0.0,0.0,0.0032491877354914322,0.0,0.0,0.0,0.0,0.0,,,,,,,
,imappo,,,,599.0,,,,,,,,,,,,,,,0.0,0.0,0.0,0.0,,
-0.009953310713171959,imappo,1.6644718243696843e-06,-0.5546073913574219,0.0008199399799933312,600.0,,,,,,,,,,,,,,0.4199733244414805,,,,,0.03246482461690903,6.877606210764498e-05
,imappo,,,,600.0,0.0,0.0,0.0034388032836432103,0.0,0.0,0.0,0.0,0.0034388032836432103,0.0,0.0,0.0,0.0,0.0,,,,,,,
-0.005873072426766157,imappo,1.5975678024915396e-06,-0.6245328783988953,0.0008196398799599866,601.0,,,,,,,,,,,,,,0.41983994664888297,,,,,0.033693745732307434,7.032334542600438e-05
,imappo,,,,601.0,0.0,0.0,0.003516167475027032,0.0,0.0,0.0,0.0,0.003516167475027032,0.0,0.0,0.0,0.0,0.0,,,,,,,
-0.0066298916935920715,imappo,1.280036030948395e-06,-0.3306654989719391,0.0008193397799266422,602.0,,,,,,,,,,,,,,0.41970656885628543,,,,,0.03390325605869293,7.27130172890611e-05
,imappo,,,,602.0,0.0,0.0,0.003635650995420292,0.0,0.0,0.0,0.0,0.003635650995420292,0.0,0.0,0.0,0.0,0.0,,,,,,,
-0.00597183033823967,imappo,4.272093008239608e-07,-0.5129823088645935,0.0008190396798932978,603.0,,,,,,,,,,,,,,0.4195731910636879,,,,,0.032423339784145355,6.861424481030554e-05
,imappo,,,,603.0,0.0,0.0,0.003430712087720167,0.0,0.0,0.0,0.0,0.003430712087720167,0.0,0.0,0.0,0.0,0.0,,,,,,,
-0.00832323171198368,imappo,3.658490470570541e-07,-0.27892014384269714,0.0008187395798599533,604.0,,,,,,,,,,,,,,0.41943981327109037,,,,,0.03254874795675278,7.053556328173727e-05
,imappo,,,,604.0,0.0,0.0,0.0035267784405732527,0.0,0.0,0.0,0.0,0.0035267784405732527,0.0,0.0,0.0,0.0,0.0,,,,,,,
-0.0034169224090874195,imappo,9.754687368968007e-08,-0.46867257356643677,0.0008184394798266089,605.0,,,,,,,,,,,,,,0.41930643547849283,,,,,0.02968088537454605,6.573546852450818e-05
,imappo,,,,605.0,0.0,0.0,0.0032867735862964764,0.0,0.0,0.0,0.0,0.0032867735862964764,0.0,0.0,0.0,0.0,0.0,,,,,,,
-0.0038764169439673424,imappo,6.910952521366198e-08,-0.2765328586101532,0.0008181393797932644,606.0,,,,,,,,,,,,,,0.4191730576858953,,,,,0.03028270974755287,6.222087540663779e-05
,imappo,,,,606.0,0.0,0.0,0.003111043966782745,0.0,0.0,0.0,0.0,0.003111043966782745,0.0,0.0,0.0,0.0,0.0,,,,,,,
-0.007804822642356157,imappo,4.466624403676178e-08,-0.12676866352558136,0.00081783927975992,607.0,,,,,,,,,,,,,,0.41903967989329777,,,,,0.03118026629090309,6.261719681788236e-05
,imappo,,,,607.0,0.0,0.0,0.0031308599282056093,0.0,0.0,0.0,0.0,0.0031308599282056093,0.0,0.0,0.0,0.0,0.0,,,,,,,
-0.0076108695939183235,imappo,6.667421814654517e-08,-0.23121345043182373,0.0008175391797265756,608.0,,,,,,,,,,,,,,0.41890630210070023,,,,,0.030783111229538918,6.681080412818119e-05
,imappo,,,,608.0,0.0,0.0,0.003340540119097568,0.0,0.0,0.0,0.0,0.003340540119097568,0.0,0.0,0.0,0.0,0.0,,,,,,,
-0.006493011023849249,imappo,1.0852431131525009e-07,-0.27776968479156494,0.0008172390796932312,609.0,,,,,,,,,,,,,,0.4187729243081027,,,,,0.032185301184654236,6.50447909720242e-05
,imappo,,,,609.0,0.0,0.0,0.0032522393667022698,0.0,0.0,0.0,0.0,0.0032522393667022698,0.0,0.0,0.0,0.0,0.0,,,,,,,
0.00038658114499412477,imappo,1.095202151191188e-07,-0.3149458169937134,0.0008169389796598867,610.0,,,,,,,,,,,,,,0.41863954651550517,,,,,0.0294870026409626,6.105031934566796e-05
,imappo,,,,610.0,0.0,0.0,0.0030525158799719065,0.0,0.0,0.0,0.0,0.0030525158799719065,0.0,0.0,0.0,0.0,0.0,,,,,,,
-0.0017031634924933314,imappo,1.090676349235764e-07,-0.4573785364627838,0.0008166388796265422,611.0,,,,,,,,,,,,,,0.41850616872290763,,,,,0.03083973191678524,6.700881931465119e-05
,imappo,,,,611.0,0.0,0.0,0.0033504407620057464,0.0,0.0,0.0,0.0,0.0033504407620057464,0.0,0.0,0.0,0.0,0.0,,,,,,,
0.0015327413566410542,imappo,5.931262592184794e-08,-0.15059983730316162,0.0008163387795931977,612.0,,,,,,,,,,,,,,0.4183727909303101,,,,,0.02887680009007454,5.7168115745298564e-05
,imappo,,,,612.0,0.0,0.0,0.0028584057617990766,0.0,0.0,0.0,0.0,0.0028584057617990766,0.0,0.0,0.0,0.0,0.0,,,,,,,
-0.010323417373001575,imappo,1.8651814315262527e-08,-0.0010927844559773803,0.0008160386795598533,613.0,,,,,,,,,,,,,,0.41823941313771257,,,,,0.032213155180215836,6.506568752229214e-05
,imappo,,,,613.0,0.0,0.0,0.00325328433609684,0.0,0.0,0.0,0.0,0.00325328433609684,0.0,0.0,0.0,0.0,0.0,,,,,,,
0.0026088175363838673,imappo,1.5463827551798204e-08,-0.4376618564128876,0.0008157385795265089,614.0,,,,,,,,,,,,,,0.41810603534511503,,,,,0.02973540872335434,6.30897338851355e-05
,imappo,,,,614.0,0.0,0.0,0.0031544866833428387,0.0,0.0,0.0,0.0,0.0031544866833428387,0.0,0.0,0.0,0.0,0.0,,,,,,,
-0.002040621591731906,imappo,2.9756401787039977e-08,-0.16129666566848755,0.0008154384794931644,615.0,,,,,,,,,,,,,,0.4179726575525175,,,,,0.03088798001408577,6.753695924999192e-05
,imappo,,,,615.0,0.0,0.0,0.003376847722392995,0.0,0.0,0.0,0.0,0.003376847722392995,0.0,0.0,0.0,0.0,0.0,,,,,,,
-0.003069523489102721,imappo,6.532256691116345e-08,-0.4257836937904358,0.00081513837945982,616.0,,,,,,,,,,,,,,0.41783927975991997,,,,,0.031024189665913582,6.695592310279608e-05
,imappo,,,,616.0,0.0,0.0,0.0033477962897450197,0.0,0.0,0.0,0.0,0.0033477962897450197,0.0,0.0,0.0,0.0,0.0,,,,,,,
-0.0015467198099941015,imappo,8.83094273262941e-08,0.07844499498605728,0.0008148382794264755,617.0,,,,,,,,,,,,,,0.41770590196732243,,,,,0.031023813411593437,6.241493247216567e-05
,imappo,,,,617.0,0.0,0.0,0.00312074639077764,0.0,0.0,0.0,0.0,0.00312074639077764,0.0,0.0,0.0,0.0,0.0,,,,,,,
-0.003292243694886565,imappo,1.5567064082233628e-08,-0.20431409776210785,0.0008145381793931311,618.0,,,,,,,,,,,,,,0.4175725241747249,,,,,0.029129717499017715,6.115866563050076e-05
,imappo,,,,618.0,0.0,0.0,0.0030579332415072713,0.0,0.0,0.0,0.0,0.0030579332415072713,0.0,0.0,0.0,0.0,0.0,,,,,,,
-0.004542599897831678,imappo,1.6520193213409584e-08,-0.35080310702323914,0.0008142380793597867,619.0,,,,,,,,,,,,,,0.41743914638212737,,,,,0.030654584988951683,6.669864524155855e-05
,imappo,,,,619.0,0.0,0.0,0.0033349319237458985,0.0,0.0,0.0,0.0,0.0033349319237458985,0.0,0.0,0.0,0.0,0.0,,,,,,,
-0.0032790317200124264,imappo,1.4458965580388394e-08,-0.2098277062177658,0.0008139379793264422,620.0,,,,,,,,,,,,,,0.41730576858952984,,,,,0.031171925365924835,6.412342190742493e-05
,imappo,,,,620.0,0.0,0.0,0.003206171324563911,0.0,0.0,0.0,0.0,0.003206171324563911,0.0,0.0,0.0,0.0,0.0,,,,,,,
-0.003478917758911848,imappo,2.1028681018719908e-08,-0.36020970344543457,0.0008136378792930977,621.0,,,,,,,,,,,,,,0.4171723907969323,,,,,0.03194151073694229,6.657117774011567e-05
,imappo,,,,621.0,0.0,0.0,0.0033285587560385466,0.0,0.0,0.0,0.0,0.0033285587560385466,0.0,0.0,0.0,0.0,0.0,,,,,,,
-0.004867127630859613,imappo,3.460271358335376e-08,-0.39601701498031616,0.0008133377792597533,622.0,,,,,,,,,,,,,,0.41703901300433477,,,,,0.03395900875329971,7.125742558855563e-05
,imappo,,,,622.0,0.0,0.0,0.003562871308531612,0.0,0.0,0.0,0.0,0.003562871308531612,0.0,0.0,0.0,0.0,0.0,,,,,,,
-0.0014588463818654418,imappo,1.3496691764203206e-08,-0.11742127686738968,0.0008130376792264088,623.0,,,,,,,,,,,,,,0.41690563521173724,,,,,0.028206374496221542,5.5533713748445734e-05
,imappo,,,,623.0,0.0,0.0,0.002776685701974202,0.0,0.0,0.0,0.0,0.002776685701974202,0.0,0.0,0.0,0.0,0.0,,,,,,,
-0.016864607110619545,imappo,3.082875110749228e-08,-0.0795200914144516,0.0008127375791930644,624.0,,,,,,,,,,,,,,0.4167722574191397,,,,,0.030414126813411713,6.621031207032502e-05
,imappo,,,,624.0,0.0,0.0,0.00331051539251348,0.0,0.0,0.0,0.0,0.00331051539251348,0.0,0.0,0.0,0.0,0.0,,,,,,,
-0.002594259800389409,imappo,2.659336573174187e-08,-0.15562382340431213,0.00081243747915972,625.0,,,,,,,,,,,,,,0.41663887962654217,,,,,0.03091137856245041,6.163636135170236e-05
,imappo,,,,625.0,0.0,0.0,0.0030818179438938387,0.0,0.0,0.0,0.0,0.0030818179438938387,0.0,0.0,0.0,0.0,0.0,,,,,,,
0.0055545722134411335,imappo,2.938432785981604e-08,-0.2500247061252594,0.0008121373791263755,626.0,,,,,,,,,,,,,,0.41650550183394464,,,,,0.030673004686832428,6.540658068843186e-05
,imappo,,,,626.0,0.0,0.0,0.0032703288561606314,0.0,0.0,0.0,0.0,0.0032703288561606314,0.0,0.0,0.0,0.0,0.0,,,,,,,
-0.0004108019929844886,imappo,4.322745539298012e-08,-0.46847233176231384,0.0008118372790930311,627.0,,,,,,,,,,,,,,0.4163721240413471,,,,,0.03305548056960106,7.347107748501003e-05
,imappo,,,,627.0,0.0,0.0,0.0036735534522449598,0.0,0.0,0.0,0.0,0.0036735534522449598,0.0,0.0,0.0,0.0,0.0,,,,,,,
-0.004512581042945385,imappo,3.746404431126393e-08,-0.09505055099725723,0.0008115371790596865,628.0,,,,,,,,,,,,,,0.41623874624874957,,,,,0.029705476015806198,6.482731259893626e-05
,imappo,,,,628.0,0.0,0.0,0.0032413657172583044,0.0,0.0,0.0,0.0,0.0032413657172583044,0.0,0.0,0.0,0.0,0.0,,,,,,,
-0.009215224534273148,imappo,1.8333604856479724e-08,-0.11233862489461899,0.0008112370790263421,629.0,,,,,,,,,,,,,,0.41610536845615204,,,,,0.03294162452220917,6.930011295480654e-05
,imappo,,,,629.0,0.0,0.0,0.003465005378529895,0.0,0.0,0.0,0.0,0.003465005378529895,0.0,0.0,0.0,0.0,0.0,,,,,,,
-0.0017950627952814102,imappo,5.655867951759319e-08,-0.17068123817443848,0.0008109369789929977,630.0,,,,,,,,,,,,,,0.4159719906635545,,,,,0.029941286891698837,5.973321458441205e-05
,imappo,,,,630.0,0.0,0.0,0.002986660594615387,0.0,0.0,0.0,0.0,0.002986660594615387,0.0,0.0,0.0,0.0,0.0,,,,,,,
-0.0007508465787395835,imappo,1.647175196239914e-08,-0.26499393582344055,0.0008106368789596532,631.0,,,,,,,,,,,,,,0.41583861287095697,,,,,0.029435498639941216,6.213026790646836e-05
,imappo,,,,631.0,0.0,0.0,0.0031065136136021465,0.0,0.0,0.0,0.0,0.0031065136136021465,0.0,0.0,0.0,0.0,0.0,,,,,,,
-0.0055222357623279095,imappo,7.555115644208854e-08,-0.24205151200294495,0.0008103367789263088,632.0,,,,,,,,,,,,,,0.41570523507835944,,,,,0.029095672070980072,6.13108859397471e-05
,imappo,,,,632.0,0.0,0.0,0.0030655446425953414,0.0,0.0,0.0,0.0,0.0030655446425953414,0.0,0.0,0.0,0.0,0.0,,,,,,,
-0.008359367027878761,imappo,2.580095426196749e-08,-0.01980683021247387,0.0008100366788929644,633.0,,,,,,,,,,,,,,0.4155718572857619,,,,,0.028811581432819366,6.246344855753705e-05
,imappo,,,,633.0,0.0,0.0,0.00312317243515281,0.0,0.0,0.0,0.0,0.00312317243515281,0.0,0.0,0.0,0.0,0.0,,,,,,,
0.00022139165957923979,imappo,6.83806788970287e-08,-0.20089538395404816,0.0008097365788596199,634.0,,,,,,,,,,,,,,0.41543847949316437,,,,,0.02828562632203102,5.9673529904102907e-05
,imappo,,,,634.0,0.0,0.0,0.0029836764952051453,0.0,0.0,0.0,0.0,0.0029836764952051453,0.0,0.0,0.0,0.0,0.0,,,,,,,
-0.005777358077466488,imappo,3.5259070330084796e-08,0.02501586638391018,0.0008094364788262755,635.0,,,,,,,,,,,,,,0.41530510170056684,,,,,0.03114572912454605,6.273270264500752e-05
,imappo,,,,635.0,0.0,0.0,0.0031366354778583627,0.0,0.0,0.0,0.0,0.0031366354778583627,0.0,0.0,0.0,0.0,0.0,,,,,,,
-0.00894080102443695,imappo,4.528035901785188e-08,-0.29666176438331604,0.0008091363787929311,636.0,,,,,,,,,,,,,,0.4151717239079693,,,,,0.033156637102365494,7.087913400027901e-05
,imappo,,,,636.0,0.0,0.0,0.0035439567036519293,0.0,0.0,0.0,0.0,0.0035439567036519293,0.0,0.0,0.0,0.0,0.0,,,,,,,
-0.004537967499345541,imappo,3.4527730008449e-08,-0.2888774871826172,0.0008088362787595865,637.0,,,,,,,,,,,,,,0.41503834611537177,,,,,0.030544906854629517,6.697892968077213e-05
,imappo,,,,637.0,0.0,0.0,0.0033489464440208394,0.0,0.0,0.0,0.0,0.0033489464440208394,0.0,0.0,0.0,0.0,0.0,,,,,,,
-0.009538841433823109,imappo,5.304843497810907e-08,-0.4829217493534088,0.0008085361787262421,638.0,,,,,,,,,,,,,,0.41490496832277424,,,,,0.03169291466474533,6.873944221297279e-05
,imappo,,,,638.0,0.0,0.0,0.003436971928749699,0.0,0.0,0.0,0.0,0.003436971928749699,0.0,0.0,0.0,0.0,0.0,,,,,,,
-0.004288479220122099,imappo,5.657405921510872e-08,0.04392273724079132,0.0008082360786928976,639.0,,,,,,,,,,,,,,0.4147715905301767,,,,,0.030190281569957733,6.018288331688382e-05
,imappo,,,,639.0,0.0,0.0,0.0030091443077253643,0.0,0.0,0.0,0.0,0.0030091443077253643,0.0,0.0,0.0,0.0,0.0,,,,,,,
-0.005175333470106125,imappo,2.7513976874615764e-08,-0.2375265508890152,0.0008079359786595532,640.0,,,,,,,,,,,,,,0.41463821273757917,,,,,0.030309807509183884,6.412645598175004e-05
,imappo,,,,640.0,0.0,0.0,0.0032063226390164346,0.0,0.0,0.0,0.0,0.0032063226390164346,0.0,0.0,0.0,0.0,0.0,,,,,,,
-0.005487340036779642,imappo,7.703967952465973e-08,0.127327099442482,0.0008076358786262088,641.0,,,,,,,,,,,,,,0.41450483494498164,,,,,0.032425060868263245,6.542904884554446e-05
,imappo,,,,641.0,0.0,0.0,0.0032714525841583963,0.0,0.0,0.0,0.0,0.0032714525841583963,0.0,0.0,0.0,0.0,0.0,,,,,,,
-0.0015767802251502872,imappo,3.1762194652174e-08,-0.2866225242614746,0.0008073357785928643,642.0,,,,,,,,,,,,,,0.4143714571523841,,,,,0.032865263521671295,6.96825300110504e-05
,imappo,,,,642.0,0.0,0.0,0.0034841265878640115,0.0,0.0,0.0,0.0,0.0034841265878640115,0.0,0.0,0.0,0.0,0.0,,,,,,,
-0.010889683850109577,imappo,1.6082845277765045e-08,-0.20242395997047424,0.0008070356785595199,643.0,,,,,,,,,,,,,,0.41423807935978657,,,,,0.03042912855744362,6.551990372827277e-05
,imappo,,,,643.0,0.0,0.0,0.0032759951100160833,0.0,0.0,0.0,0.0,0.0032759951100160833,0.0,0.0,0.0,0.0,0.0,,,,,,,
0.003464124631136656,imappo,2.4631910733319273e-08,-0.08620139956474304,0.0008067355785261754,644.0,,,,,,,,,,,,,,0.41410470156718904,,,,,0.029731066897511482,5.909664469072595e-05
,imappo,,,,644.0,0.0,0.0,0.0029548322163464036,0.0,0.0,0.0,0.0,0.0029548322163464036,0.0,0.0,0.0,0.0,0.0,,,,,,,
-0.009889507666230202,imappo,2.841115787077797e-08,0.0729127898812294,0.000806435478492831,645.0,,,,,,,,,,,,,,0.4139713237745915,,,,,0.02928299643099308,5.720698391087353e-05
,imappo,,,,645.0,0.0,0.0,0.0028603491446119733,0.0,0.0,0.0,0.0,0.0028603491446119733,0.0,0.0,0.0,0.0,0.0,,,,,,,
-0.0017639284487813711,imappo,1.858719969050071e-07,-0.2408258020877838,0.0008061353784594865,646.0,,,,,,,,,,,,,,0.41383794598199397,,,,,0.02922460436820984,6.364556611515582e-05
,imappo,,,,646.0,0.0,0.0,0.0031822786368138622,0.0,0.0,0.0,0.0,0.0031822786368138622,0.0,0.0,0.0,0.0,0.0,,,,,,,
-0.00857908371835947,imappo,8.76514718584076e-08,-0.22410130500793457,0.0008058352784261421,647.0,,,,,,,,,,,,,,0.4137045681893965,,,,,0.028556514531373978,5.905728176003322e-05
,imappo,,,,647.0,0.0,0.0,0.002952864066173788,0.0,0.0,0.0,0.0,0.002952864066173788,0.0,0.0,0.0,0.0,0.0,,,,,,,
-0.011176886036992073,imappo,7.221231612675183e-08,0.11197415739297867,0.0008055351783927976,648.0,,,,,,,,,,,,,,0.4135711903967989,,,,,0.028145194053649902,5.495002551469952e-05
,imappo,,,,648.0,0.0,0.0,0.0027475012611830607,0.0,0.0,0.0,0.0,0.0027475012611830607,0.0,0.0,0.0,0.0,0.0,,,,,,,
-0.002374615054577589,imappo,1.1906241326187228e-07,-0.19298827648162842,0.0008052350783594532,649.0,,,,,,,,,,,,,,0.4134378126042014,,,,,0.03247445076704025,6.881678564241156e-05
,imappo,,,,649.0,0.0,0.0,0.003440839151153341,0.0,0.0,0.0,0.0,0.003440839151153341,0.0,0.0,0.0,0.0,0.0,,,,,,,
0.001868957537226379,imappo,6.390079931861692e-08,-0.14409437775611877,0.0008049349783261087,650.0,,,,,,,,,,,,,,0.41330443481160384,,,,,0.029001688584685326,6.0886541177751496e-05
,imappo,,,,650.0,0.0,0.0,0.0030443269533861894,0.0,0.0,0.0,0.0,0.0030443269533861894,0.0,0.0,0.0,0.0,0.0,,,,,,,
-0.00459701893851161,imappo,2.9462242423505813e-08,-0.18942750990390778,0.0008046348782927643,651.0,,,,,,,,,,,,,,0.41317105701900636,,,,,0.028449757024645805,6.191340071382001e-05
,imappo,,,,651.0,0.0,0.0,0.003095670024777064,0.0,0.0,0.0,0.0,0.003095670024777064,0.0,0.0,0.0,0.0,0.0,,,,,,,
0.0014574937522411346,imappo,3.559708972034059e-08,0.029751263558864594,0.0008043347782594199,652.0,,,,,,,,,,,,,,0.41303767922640877,,,,,0.029178539291024208,6.232852319953963e-05
,imappo,,,,652.0,0.0,0.0,0.0031164262727543246,0.0,0.0,0.0,0.0,0.0031164262727543246,0.0,0.0,0.0,0.0,0.0,,,,,,,
-0.004543356131762266,imappo,1.5131408304114302e-07,-0.1444353610277176,0.0008040346782260754,653.0,,,,,,,,,,,,,,0.4129043014338113,,,,,0.032138582319021225,6.971268157940358e-05
,imappo,,,,653.0,0.0,0.0,0.0034856340353144333,0.0,0.0,0.0,0.0,0.0034856340353144333,0.0,0.0,0.0,0.0,0.0,,,,,,,
-0.00478745810687542,imappo,1.0028065133838027e-07,-0.3411196768283844,0.000803734578192731,654.0,,,,,,,,,,,,,,0.4127709236412137,,,,,0.031311582773923874,6.627043330809101e-05
,imappo,,,,654.0,0.0,0.0,0.0033135215235233773,0.0,0.0,0.0,0.0,0.0033135215235233773,0.0,0.0,0.0,0.0,0.0,,,,,,,
-0.0004441575729288161,imappo,7.138795865557768e-08,-0.1396515965461731,0.0008034344781593864,655.0,,,,,,,,,,,,,,0.4126375458486162,,,,,0.031210530549287796,6.758886593161151e-05
,imappo,,,,655.0,0.0,0.0,0.003379443533049198,0.0,0.0,0.0,0.0,0.003379443533049198,0.0,0.0,0.0,0.0,0.0,,,,,,,
-0.005065658129751682,imappo,1.0704482633627777e-07,-0.2501941919326782,0.000803134378126042,656.0,,,,,,,,,,,,,,0.41250416805601864,,,,,0.03339451923966408,7.059970812406391e-05
,imappo,,,,656.0,0.0,0.0,0.0035299853479955345,0.0,0.0,0.0,0.0,0.0035299853479955345,0.0,0.0,0.0,0.0,0.0,,,,,,,
-0.001987616764381528,imappo,6.258771634293225e-08,0.1341731697320938,0.0008028342780926976,657.0,,,,,,,,,,,,,,0.41237079026342116,,,,,0.03227090835571289,6.337204831652343e-05
,imappo,,,,657.0,0.0,0.0,0.003168602619552985,0.0,0.0,0.0,0.0,0.003168602619552985,0.0,0.0,0.0,0.0,0.0,,,,,,,
-0.0005470071919262409,imappo,8.440415655286415e-08,-0.5452128052711487,0.0008025341780593531,658.0,,,,,,,,,,,,,,0.41223741247082357,,,,,0.030719714239239693,6.547498924192041e-05
,imappo,,,,658.0,0.0,0.0,0.0032737492911110166,0.0,0.0,0.0,0.0,0.0032737492911110166,0.0,0.0,0.0,0.0,0.0,,,,,,,
0.0009980018949136138,imappo,9.192581984507342e-08,0.01692708395421505,0.0008022340780260087,659.0,,,,,,,,,,,,,,0.4121040346782261,,,,,0.030236266553401947,5.976880856906064e-05
,imappo,,,,659.0,0.0,0.0,0.002988440446642926,0.0,0.0,0.0,0.0,0.002988440446642926,0.0,0.0,0.0,0.0,0.0,,,,,,,
-0.006523262243717909,imappo,4.3538193494896404e-08,-0.23602844774723053,0.0008019339779926642,660.0,,,,,,,,,,,,,,0.4119706568856285,,,,,0.030925603583455086,6.6292894189246e-05
,imappo,,,,660.0,0.0,0.0,0.0033146449277410284,0.0,0.0,0.0,0.0,0.0033146449277410284,0.0,0.0,0.0,0.0,0.0,,,,,,,
-0.0038618457037955523,imappo,2.8191902146090797e-08,0.05428682267665863,0.0008016338779593198,661.0,,,,,,,,,,,,,,0.41183727909303103,,,,,0.027833454310894012,5.300866541801952e-05
,imappo,,,,661.0,0.0,0.0,0.0026504334527999163,0.0,0.0,0.0,0.0,0.0026504334527999163,0.0,0.0,0.0,0.0,0.0,,,,,,,
0.0018447327893227339,imappo,3.780646551376776e-08,-0.306643545627594,0.0008013337779259754,662.0,,,,,,,,,,,,,,0.41170390130043344,,,,,0.03206336498260498,6.784664583392441e-05
,imappo,,,,662.0,0.0,0.0,0.0033923326664080378,0.0,0.0,0.0,0.0,0.0033923326664080378,0.0,0.0,0.0,0.0,0.0,,,,,,,
-0.0027876750100404024,imappo,8.011171104271853e-08,-0.020593615248799324,0.000801033677892631,663.0,,,,,,,,,,,,,,0.41157052350783596,,,,,0.029132820665836334,5.689273530151695e-05
,imappo,,,,663.0,0.0,0.0,0.0028446368560253177,0.0,0.0,0.0,0.0,0.0028446368560253177,0.0,0.0,0.0,0.0,0.0,,,,,,,
-0.004907251335680485,imappo,6.292102483484996e-08,0.05032670497894287,0.0008007335778592864,664.0,,,,,,,,,,,,,,0.41143714571523843,,,,,0.026715436950325966,5.096947279525921e-05
,imappo,,,,664.0,0.0,0.0,0.002548473592469236,0.0,0.0,0.0,0.0,0.002548473592469236,0.0,0.0,0.0,0.0,0.0,,,,,,,
-0.0058690449222922325,imappo,8.306811594138708e-08,0.04649941623210907,0.000800433477825942,665.0,,,,,,,,,,,,,,0.4113037679226409,,,,,0.02575850859284401,4.94255727971904e-05
,imappo,,,,665.0,0.0,0.0,0.0024712785016163252,0.0,0.0,0.0,0.0,0.0024712785016163252,0.0,0.0,0.0,0.0,0.0,,,,,,,
-0.009724711999297142,imappo,1.432983367521956e-07,-0.120318703353405,0.0008001333777925975,666.0,,,,,,,,,,,,,,0.41117039013004336,,,,,0.033021457493305206,7.229133188957348e-05
,imappo,,,,666.0,0.0,0.0,0.0036145666308584623,0.0,0.0,0.0,0.0,0.0036145666308584623,0.0,0.0,0.0,0.0,0.0,,,,,,,
-0.00751329492777586,imappo,8.077007862539176e-08,-0.16686522960662842,0.0007998332777592531,667.0,,,,,,,,,,,,,,0.41103701233744583,,,,,0.0323212668299675,6.864689930807799e-05
,imappo,,,,667.0,0.0,0.0,0.0034323449071962386,0.0,0.0,0.0,0.0,0.0034323449071962386,0.0,0.0,0.0,0.0,0.0,,,,,,,
0.00016643424169160426,imappo,4.285469756837301e-08,-0.11333755403757095,0.0007995331777259087,668.0,,,,,,,,,,,,,,0.4109036345448483,,,,,0.029851485043764114,6.341867992887273e-05
,imappo,,,,668.0,0.0,0.0,0.0031709339091321453,0.0,0.0,0.0,0.0,0.0031709339091321453,0.0,0.0,0.0,0.0,0.0,,,,,,,
-0.003694232553243637,imappo,1.983553232776103e-08,0.15258146822452545,0.0007992330776925642,669.0,,,,,,,,,,,,,,0.41077025675225076,,,,,0.02702077105641365,5.311671702656895e-05
,imappo,,,,669.0,0.0,0.0,0.002655836011399515,0.0,0.0,0.0,0.0,0.002655836011399515,0.0,0.0,0.0,0.0,0.0,,,,,,,
0.001279010670259595,imappo,3.4844116925114577e-08,-0.40719369053840637,0.0007989329776592198,670.0,,,,,,,,,,,,,,0.41063687895965323,,,,,0.03563760221004486,8.177994459401816e-05
,imappo,,,,670.0,0.0,0.0,0.004088997644430492,0.0,0.0,0.0,0.0,0.004088997644430492,0.0,0.0,0.0,0.0,0.0,,,,,,,
-0.0036083904560655355,imappo,6.115598694123037e-08,-0.041398707777261734,0.0007986328776258753,671.0,,,,,,,,,,,,,,0.4105035011670557,,,,,0.03129228949546814,6.737183139193803e-05
,imappo,,,,671.0,0.0,0.0,0.0033685915914247744,0.0,0.0,0.0,0.0,0.0033685915914247744,0.0,0.0,0.0,0.0,0.0,,,,,,,
-0.002865804824978113,imappo,4.475770154499514e-08,-0.0916631743311882,0.0007983327775925309,672.0,,,,,,,,,,,,,,0.41037012337445816,,,,,0.032055988907814026,7.033041038084775e-05
,imappo,,,,672.0,0.0,0.0,0.0035165204608347267,0.0,0.0,0.0,0.0,0.0035165204608347267,0.0,0.0,0.0,0.0,0.0,,,,,,,
-0.004957207944244146,imappo,6.137901209513075e-08,-0.052204012870788574,0.0007980326775591864,673.0,,,,,,,,,,,,,,0.41023674558186063,,,,,0.030383415520191193,6.0514263168442994e-05
,imappo,,,,673.0,0.0,0.0,0.003025713398528751,0.0,0.0,0.0,0.0,0.003025713398528751,0.0,0.0,0.0,0.0,0.0,,,,,,,
0.0005019710515625775,imappo,2.334456006281016e-08,-0.5038233995437622,0.0007977325775258419,674.0,,,,,,,,,,,,,,0.4101033677892631,,,,,0.0300375297665596,6.469268555520102e-05
,imappo,,,,674.0,0.0,0.0,0.0032346340085496195,0.0,0.0,0.0,0.0,0.0032346340085496195,0.0,0.0,0.0,0.0,0.0,,,,,,,
-0.0017896172357723117,imappo,5.3675151434617874e-08,-0.10662955045700073,0.0007974324774924975,675.0,,,,,,,,,,,,,,0.40996998999666556,,,,,0.031832270324230194,6.375170050887391e-05
,imappo,,,,675.0,0.0,0.0,0.00318758507273742,0.0,0.0,0.0,0.0,0.00318758507273742,0.0,0.0,0.0,0.0,0.0,,,,,,,
0.01081282738596201,imappo,2.678902255581761e-08,-0.4618314504623413,0.000797132377459153,676.0,,,,,,,,,,,,,,0.40983661220406803,,,,,0.0318521186709404,7.456848106812686e-05
,imappo,,,,676.0,0.0,0.0,0.003728424424480181,0.0,0.0,0.0,0.0,0.003728424424480181,0.0,0.0,0.0,0.0,0.0,,,,,,,
-0.008337067440152168,imappo,1.150330675159239e-08,-0.27781426906585693,0.0007968322774258086,677.0,,,,,,,,,,,,,,0.4097032344114705,,,,,0.030609486624598503,6.387861503753811e-05
,imappo,,,,677.0,0.0,0.0,0.0031939306063577533,0.0,0.0,0.0,0.0,0.0031939306063577533,0.0,0.0,0.0,0.0,0.0,,,,,,,
-0.011644847691059113,imappo,3.611222254562563e-08,-0.14692707359790802,0.0007965321773924642,678.0,,,,,,,,,,,,,,0.40956985661887296,,,,,0.03109825775027275,6.524503260152414e-05
,imappo,,,,678.0,0.0,0.0,0.003262251542764716,0.0,0.0,0.0,0.0,0.003262251542764716,0.0,0.0,0.0,0.0,0.0,,,,,,,
0.006284755654633045,imappo,3.8126273693706025e-08,-0.026017649099230766,0.0007962320773591198,679.0,,,,,,,,,,,,,,0.40943647882627543,,,,,0.02775092050433159,5.2301184041425586e-05
,imappo,,,,679.0,0.0,0.0,0.0026150592348130886,0.0,0.0,0.0,0.0,0.0026150592348130886,0.0,0.0,0.0,0.0,0.0,,,,,,,
-0.004588145762681961,imappo,5.5706578905301285e-08,0.03393599018454552,0.0007959319773257753,680.0,,,,,,,,,,,,,,0.4093031010336779,,,,,0.025520093739032745,4.701401121565141e-05
,imappo,,,,680.0,0.0,0.0,0.0023507003861595877,0.0,0.0,0.0,0.0,0.0023507003861595877,0.0,0.0,0.0,0.0,0.0,,,,,,,
-0.0002584385219961405,imappo,1.9400779649458855e-08,0.03259836137294769,0.0007956318772924309,681.0,,,,,,,,,,,,,,0.40916972324108036,,,,,0.024832431226968765,4.635792356566526e-05
,imappo,,,,681.0,0.0,0.0,0.002317896047316026,0.0,0.0,0.0,0.0,0.002317896047316026,0.0,0.0,0.0,0.0,0.0,,,,,,,
-0.011722068302333355,imappo,7.859751605110432e-08,-0.019951194524765015,0.0007953317772590863,682.0,,,,,,,,,,,,,,0.40903634544848283,,,,,0.034742534160614014,6.840717105660588e-05
,imappo,,,,682.0,0.0,0.0,0.0034203583927592263,0.0,0.0,0.0,0.0,0.0034203583927592263,0.0,0.0,0.0,0.0,0.0,,,,,,,
0.006747606676071882,imappo,8.700475717660083e-08,-0.3257662057876587,0.0007950316772257419,683.0,,,,,,,,,,,,,,0.4089029676558853,,,,,0.028522349894046783,5.8895660913549364e-05
,imappo,,,,683.0,0.0,0.0,0.002944783031125553,0.0,0.0,0.0,0.0,0.002944783031125553,0.0,0.0,0.0,0.0,0.0,,,,,,,
-0.000928776862565428,imappo,1.8509686583456642e-07,-0.22385533154010773,0.0007947315771923975,684.0,,,,,,,,,,,,,,0.40876958986328776,,,,,0.030884403735399246,6.155472510727122e-05
,imappo,,,,684.0,0.0,0.0,0.0030777364554523956,0.0,0.0,0.0,0.0,0.0030777364554523956,0.0,0.0,0.0,0.0,0.0,,,,,,,
-0.008478823117911816,imappo,9.560245217699048e-08,-0.45750218629837036,0.0007944314771590531,685.0,,,,,,,,,,,,,,0.40863621207069023,,,,,0.03424198180437088,7.309922511922196e-05
,imappo,,,,685.0,0.0,0.0,0.003654961459687911,0.0,0.0,0.0,0.0,0.003654961459687911,0.0,0.0,0.0,0.0,0.0,,,,,,,
-0.0033768073190003633,imappo,1.8986447969382425e-07,-0.4115583300590515,0.0007941313771257086,686.0,,,,,,,,,,,,,,0.4085028342780927,,,,,0.030719086527824402,6.282531103352085e-05
,imappo,,,,686.0,0.0,0.0,0.003141265671729343,0.0,0.0,0.0,0.0,0.003141265671729343,0.0,0.0,0.0,0.0,0.0,,,,,,,
-0.004056660458445549,imappo,2.4295931666529214e-07,0.033485885709524155,0.0007938312770923641,687.0,,,,,,,,,,,,,,0.40836945648549516,,,,,0.02337203361093998,4.3080020986963063e-05
,imappo,,,,687.0,0.0,0.0,0.00215400087654416,0.0,0.0,0.0,0.0,0.00215400087654416,0.0,0.0,0.0,0.0,0.0,,,,,,,
-0.0026001003570854664,imappo,1.1560614687766702e-08,-0.39023858308792114,0.0007935311770590197,688.0,,,,,,,,,,,,,,0.40823607869289763,,,,,0.03376813232898712,7.027071114862338e-05
,imappo,,,,688.0,0.0,0.0,0.0035135359066771343,0.0,0.0,0.0,0.0,0.0035135359066771343,0.0,0.0,0.0,0.0,0.0,,,,,,,
-0.0031944504007697105,imappo,2.160934187145358e-08,0.010123909451067448,0.0007932310770256753,689.0,,,,,,,,,,,,,,0.4081027009003001,,,,,0.022550635039806366,4.161588367423974e-05
,imappo,,,,689.0,0.0,0.0,0.0020807941546081565,0.0,0.0,0.0,0.0,0.0020807941546081565,0.0,0.0,0.0,0.0,0.0,,,,,,,
-0.0008209726074710488,imappo,3.798044900804598e-08,-0.42435333132743835,0.0007929309769923309,690.0,,,,,,,,,,,,,,0.40796932310770256,,,,,0.030618444085121155,6.727821892127395e-05
,imappo,,,,690.0,0.0,0.0,0.003363910975167528,0.0,0.0,0.0,0.0,0.003363910975167528,0.0,0.0,0.0,0.0,0.0,,,,,,,
-0.008904521353542805,imappo,4.998695146696264e-08,-0.44810599088668823,0.0007926308769589863,691.0,,,,,,,,,,,,,,0.40783594531510503,,,,,0.02983919344842434,6.668355490546674e-05
,imappo,,,,691.0,0.0,0.0,0.0033341778253088705,0.0,0.0,0.0,0.0,0.0033341778253088705,0.0,0.0,0.0,0.0,0.0,,,,,,,
-0.0032822410576045513,imappo,3.086198319124378e-08,-0.5374207496643066,0.0007923307769256419,692.0,,,,,,,,,,,,,,0.4077025675225075,,,,,0.031385455280542374,6.594895239686593e-05
,imappo,,,,692.0,0.0,0.0,0.0032974475325318053,0.0,0.0,0.0,0.0,0.0032974475325318053,0.0,0.0,0.0,0.0,0.0,,,,,,,
0.0022717639803886414,imappo,8.041851629059238e-08,-0.1843986213207245,0.0007920306768922974,693.0,,,,,,,,,,,,,,0.40756918972990996,,,,,0.03149501234292984,6.764007412130013e-05
,imappo,,,,693.0,0.0,0.0,0.0033820036696852185,0.0,0.0,0.0,0.0,0.0033820036696852185,0.0,0.0,0.0,0.0,0.0,,,,,,,
0.0045415726490318775,imappo,3.77471671697549e-08,-0.4805247485637665,0.000791730576858953,694.0,,,,,,,,,,,,,,0.40743581193731243,,,,,0.029394464567303658,5.9311409131623805e-05
,imappo,,,,694.0,0.0,0.0,0.0029655705038749147,0.0,0.0,0.0,0.0,0.0029655705038749147,0.0,0.0,0.0,0.0,0.0,,,,,,,
-0.0038501310627907515,imappo,4.591483815374886e-08,-0.40325790643692017,0.0007914304768256086,695.0,,,,,,,,,,,,,,0.4073024341447149,,,,,0.03132632002234459,6.472159293480217e-05
,imappo,,,,695.0,0.0,0.0,0.0032360797995352186,0.0,0.0,0.0,0.0,0.0032360797995352186,0.0,0.0,0.0,0.0,0.0,,,,,,,
0.002255957806482911,imappo,6.845176159231414e-08,-0.4629962146282196,0.0007911303767922642,696.0,,,,,,,,,,,,,,0.40716905635211736,,,,,0.033053889870643616,7.255210948642343e-05
,imappo,,,,696.0,0.0,0.0,0.003627605547080748,0.0,0.0,0.0,0.0,0.003627605547080748,0.0,0.0,0.0,0.0,0.0,,,,,,,
-0.01017017662525177,imappo,4.399364428309127e-08,-0.1586265116930008,0.0007908302767589197,697.0,,,,,,,,,,,,,,0.40703567855951983,,,,,0.026816975325345993,5.046913793194108e-05
,imappo,,,,697.0,0.0,0.0,0.00252345696935663,0.0,0.0,0.0,0.0,0.00252345696935663,0.0,0.0,0.0,0.0,0.0,,,,,,,
-0.00477619981393218,imappo,1.9182525790029104e-08,-0.4103977680206299,0.0007905301767255752,698.0,,,,,,,,,,,,,,0.4069023007669223,,,,,0.02982877753674984,5.8675886975834146e-05
,imappo,,,,698.0,0.0,0.0,0.00293379464528698,0.0,0.0,0.0,0.0,0.00293379464528698,0.0,0.0,0.0,0.0,0.0,,,,,,,
-0.0034243252594023943,imappo,2.9279142665927793e-08,-0.39628875255584717,0.0007902300766922307,699.0,,,,,,,,,,,,,,0.40676892297432476,,,,,0.03203275054693222,6.950640818104148e-05
,imappo,,,,699.0,0.0,0.0,0.0034753206673485693,0.0,0.0,0.0,0.0,0.0034753206673485693,0.0,0.0,0.0,0.0,0.0,,,,,,,
,imappo,,,,699.0,,,,,,,,,,,,,,,0.0,0.0,0.0,0.0,,
-0.0011037829099223018,imappo,9.717570748080107e-09,-0.5766716599464417,0.0007899299766588863,700.0,,,,,,,,,,,,,,0.40663554518172723,,,,,0.032811135053634644,6.994049908826128e-05
,imappo,,,,700.0,0.0,0.0,0.003497024968964979,0.0,0.0,0.0,0.0,0.003497024968964979,0.0,0.0,0.0,0.0,0.0,,,,,,,
-0.003080847207456827,imappo,8.736138568110619e-08,-0.318937212228775,0.0007896298766255419,701.0,,,,,,,,,,,,,,0.4065021673891297,,,,,0.029399681836366653,5.919397881370969e-05
,imappo,,,,701.0,0.0,0.0,0.0029596989552374,0.0,0.0,0.0,0.0,0.0029596989552374,0.0,0.0,0.0,0.0,0.0,,,,,,,
-0.002967212116345763,imappo,1.0560603413978242e-07,-0.09823241829872131,0.0007893297765921974,702.0,,,,,,,,,,,,,,0.40636878959653217,,,,,0.030219627544283867,6.373157521011308e-05
,imappo,,,,702.0,0.0,0.0,0.003186578906024806,0.0,0.0,0.0,0.0,0.003186578906024806,0.0,0.0,0.0,0.0,0.0,,,,,,,
-0.005496308207511902,imappo,2.2733125604190718e-08,-0.32347962260246277,0.000789029676558853,703.0,,,,,,,,,,,,,,0.40623541180393463,,,,,0.029145851731300354,5.752367724198848e-05
,imappo,,,,703.0,0.0,0.0,0.002876183834814583,0.0,0.0,0.0,0.0,0.002876183834814583,0.0,0.0,0.0,0.0,0.0,,,,,,,
-0.007511358242481947,imappo,1.6852162332270382e-07,-0.20739760994911194,0.0007887295765255085,704.0,,,,,,,,,,,,,,0.4061020340113371,,,,,0.03157736361026764,6.604248483199626e-05
,imappo,,,,704.0,0.0,0.0,0.003302124263427686,0.0,0.0,0.0,0.0,0.003302124263427686,0.0,0.0,0.0,0.0,0.0,,,,,,,
-0.007349466904997826,imappo,9.367067832499743e-08,-0.12439047545194626,0.0007884294764921641,705.0,,,,,,,,,,,,,,0.40596865621873957,,,,,0.02604597993195057,4.977591379429214e-05
,imappo,,,,705.0,0.0,0.0,0.002488795716999448,0.0,0.0,0.0,0.0,0.002488795716999448,0.0,0.0,0.0,0.0,0.0,,,,,,,
-0.002599148079752922,imappo,1.5431110966801498e-07,-0.32425132393836975,0.0007881293764588197,706.0,,,,,,,,,,,,,,0.40583527842614203,,,,,0.02975534275174141,6.15069002378732e-05
,imappo,,,,706.0,0.0,0.0,0.00307534540843335,0.0,0.0,0.0,0.0,0.00307534540843335,0.0,0.0,0.0,0.0,0.0,,,,,,,
-0.00548204779624939,imappo,1.8138827329039486e-07,0.057148464024066925,0.0007878292764254752,707.0,,,,,,,,,,,,,,0.4057019006335445,,,,,0.03463272750377655,6.884805770823732e-05
,imappo,,,,707.0,0.0,0.0,0.003442402830842184,0.0,0.0,0.0,0.0,0.003442402830842184,0.0,0.0,0.0,0.0,0.0,,,,,,,
-0.0008401055238209665,imappo,4.1938829298260316e-08,-0.20234766602516174,0.0007875291763921307,708.0,,,,,,,,,,,,,,0.40556852284094697,,,,,0.03093622997403145,6.34623720543459e-05
,imappo,,,,708.0,0.0,0.0,0.0031731185408716556,0.0,0.0,0.0,0.0,0.0031731185408716556,0.0,0.0,0.0,0.0,0.0,,,,,,,
-0.002937359269708395,imappo,1.879451083652839e-08,-0.29010623693466187,0.0007872290763587863,709.0,,,,,,,,,,,,,,0.40543514504834943,,,,,0.031695879995822906,6.47621855023317e-05
,imappo,,,,709.0,0.0,0.0,0.0032381093042204157,0.0,0.0,0.0,0.0,0.0032381093042204157,0.0,0.0,0.0,0.0,0.0,,,,,,,
-0.00591413676738739,imappo,2.9245436294900173e-08,-0.29825299978256226,0.0007869289763254418,710.0,,,,,,,,,,,,,,0.4053017672557519,,,,,0.029364246875047684,6.0794875025749207e-05
,imappo,,,,710.0,0.0,0.0,0.0030397438204090577,0.0,0.0,0.0,0.0,0.0030397438204090577,0.0,0.0,0.0,0.0,0.0,,,,,,,
-0.007210288662463427,imappo,1.566630558613724e-08,-0.3745265305042267,0.0007866288762920974,711.0,,,,,,,,,,,,,,0.40516838946315437,,,,,0.03283126279711723,7.049179839668795e-05
,imappo,,,,711.0,0.0,0.0,0.0035245899089204613,0.0,0.0,0.0,0.0,0.0035245899089204613,0.0,0.0,0.0,0.0,0.0,,,,,,,
-0.0016592408064752817,imappo,5.6280583748957724e-08,-0.2311236560344696,0.000786328776258753,712.0,,,,,,,,,,,,,,0.40503501167055683,,,,,0.030150752514600754,5.8460958825889975e-05
,imappo,,,,712.0,0.0,0.0,0.002923048050433863,0.0,0.0,0.0,0.0,0.002923048050433863,0.0,0.0,0.0,0.0,0.0,,,,,,,
-0.005908431950956583,imappo,1.7309365318851633e-07,-0.08844032883644104,0.0007860286762254085,713.0,,,,,,,,,,,,,,0.4049016338779593,,,,,0.026202980428934097,5.048599996371195e-05
,imappo,,,,713.0,0.0,0.0,0.0025243001982744318,0.0,0.0,0.0,0.0,0.0025243001982744318,0.0,0.0,0.0,0.0,0.0,,,,,,,
-0.002260347595438361,imappo,1.1160980761815154e-07,-0.029623858630657196,0.0007857285761920641,714.0,,,,,,,,,,,,,,0.40476825608536177,,,,,0.032994113862514496,6.508515070891008e-05
,imappo,,,,714.0,0.0,0.0,0.0032542575281695463,0.0,0.0,0.0,0.0,0.0032542575281695463,0.0,0.0,0.0,0.0,0.0,,,,,,,
-0.0046350290067493916,imappo,3.078993060512403e-08,-0.21921084821224213,0.0007854284761587196,715.0,,,,,,,,,,,,,,0.40463487829276423,,,,,0.02971959114074707,6.076191857573576e-05
,imappo,,,,715.0,0.0,0.0,0.0030380961143237073,0.0,0.0,0.0,0.0,0.0030380961143237073,0.0,0.0,0.0,0.0,0.0,,,,,,,
-0.0059486874379217625,imappo,1.3036115831255302e-07,-0.227648064494133,0.0007851283761253752,716.0,,,,,,,,,,,,,,0.4045015005001667,,,,,0.027671074494719505,5.513694486580789e-05
,imappo,,,,716.0,0.0,0.0,0.002756847397904494,0.0,0.0,0.0,0.0,0.002756847397904494,0.0,0.0,0.0,0.0,0.0,,,,,,,
-0.004298753570765257,imappo,7.849759953160174e-08,-0.3903065323829651,0.0007848282760920307,717.0,,,,,,,,,,,,,,0.40436812270756917,,,,,0.03493364155292511,7.290442590601742e-05
,imappo,,,,717.0,0.0,0.0,0.0036452211134019308,0.0,0.0,0.0,0.0,0.0036452211134019308,0.0,0.0,0.0,0.0,0.0,,,,,,,
-0.0013832859694957733,imappo,1.244287943791278e-07,-0.2255563586950302,0.0007845281760586862,718.0,,,,,,,,,,,,,,0.40423474491497163,,,,,0.028530094772577286,5.8349440223537385e-05
,imappo,,,,718.0,0.0,0.0,0.0029174721239542123,0.0,0.0,0.0,0.0,0.0029174721239542123,0.0,0.0,0.0,0.0,0.0,,,,,,,
-0.00274292821995914,imappo,1.721524682807285e-07,-0.33085498213768005,0.0007842280760253418,719.0,,,,,,,,,,,,,,0.4041013671223741,,,,,0.029560457915067673,6.18842095718719e-05
,imappo,,,,719.0,0.0,0.0,0.0030942105731810443,0.0,0.0,0.0,0.0,0.0030942105731810443,0.0,0.0,0.0,0.0,0.0,,,,,,,
0.004805341362953186,imappo,1.4231974887479737e-07,-0.45090073347091675,0.0007839279759919973,720.0,,,,,,,,,,,,,,0.40396798932977657,,,,,0.03160988539457321,6.633123848587275e-05
,imappo,,,,720.0,0.0,0.0,0.003316561895189807,0.0,0.0,0.0,0.0,0.003316561895189807,0.0,0.0,0.0,0.0,0.0,,,,,,,
-0.005670816171914339,imappo,3.9672511320532067e-07,-0.18232306838035583,0.0007836278759586529,721.0,,,,,,,,,,,,,,0.40383461153717903,,,,,0.02913101762533188,5.6648565077921376e-05
,imappo,,,,721.0,0.0,0.0,0.0028324281811364926,0.0,0.0,0.0,0.0,0.0028324281811364926,0.0,0.0,0.0,0.0,0.0,,,,,,,
0.00349525548517704,imappo,2.7971890403932775e-07,-0.42228925228118896,0.0007833277759253085,722.0,,,,,,,,,,,,,,0.4037012337445815,,,,,0.03392406925559044,7.308016938623041e-05
,imappo,,,,722.0,0.0,0.0,0.0036540085638989694,0.0,0.0,0.0,0.0,0.0036540085638989694,0.0,0.0,0.0,0.0,0.0,,,,,,,
-0.013637783005833626,imappo,3.6558725469149067e-07,-0.370930016040802,0.000783027675891964,723.0,,,,,,,,,,,,,,0.40356785595198397,,,,,0.028865575790405273,6.0858834331156686e-05
,imappo,,,,723.0,0.0,0.0,0.0030429416729020886,0.0,0.0,0.0,0.0,0.0030429416729020886,0.0,0.0,0.0,0.0,0.0,,,,,,,
-0.004184798803180456,imappo,5.454824645312328e-07,-0.3521074652671814,0.0007827275758586196,724.0,,,,,,,,,,,,,,0.4034344781593865,,,,,0.03467686474323273,7.165376882767305e-05
,imappo,,,,724.0,0.0,0.0,0.0035826885759888683,0.0,0.0,0.0,0.0,0.0035826885759888683,0.0,0.0,0.0,0.0,0.0,,,,,,,
-0.0017952604684978724,imappo,4.3124563831042906e-07,-0.44060343503952026,0.0007824274758252752,725.0,,,,,,,,,,,,,,0.4033011003667889,,,,,0.0319606214761734,6.739578384440392e-05
,imappo,,,,725.0,0.0,0.0,0.003369789064890938,0.0,0.0,0.0,0.0,0.003369789064890938,0.0,0.0,0.0,0.0,0.0,,,,,,,
-0.005145754665136337,imappo,2.3629159784377407e-07,-0.7344029545783997,0.0007821273757919306,726.0,,,,,,,,,,,,,,0.4031677225741914,,,,,0.03259053826332092,7.193202327471226e-05
,imappo,,,,726.0,0.0,0.0,0.0035966011564596556,0.0,0.0,0.0,0.0,0.0035966011564596556,0.0,0.0,0.0,0.0,0.0,,,,,,,
-0.004371533170342445,imappo,7.792308451826102e-07,-0.44586867094039917,0.0007818272757585862,727.0,,,,,,,,,,,,,,0.40303434478159383,,,,,0.029620030894875526,6.479351577581838e-05
,imappo,,,,727.0,0.0,0.0,0.003239675839722622,0.0,0.0,0.0,0.0,0.003239675839722622,0.0,0.0,0.0,0.0,0.0,,,,,,,
-0.0036695729941129684,imappo,1.0599470670058508e-06,-0.5818710327148438,0.0007815271757252418,728.0,,,,,,,,,,,,,,0.40290096698899636,,,,,0.030298106372356415,6.319853127934039e-05
,imappo,,,,728.0,0.0,0.0,0.003159926705848193,0.0,0.0,0.0,0.0,0.003159926705848193,0.0,0.0,0.0,0.0,0.0,,,,,,,
-0.004411063622683287,imappo,1.9127808172925143e-06,-0.10761389136314392,0.0007812270756918973,729.0,,,,,,,,,,,,,,0.40276758919639877,,,,,0.030375909060239792,6.0343663790263236e-05
,imappo,,,,729.0,0.0,0.0,0.003017183105839649,0.0,0.0,0.0,0.0,0.003017183105839649,0.0,0.0,0.0,0.0,0.0,,,,,,,
-0.0023488393053412437,imappo,3.0046689403206983e-07,-0.5103268027305603,0.0007809269756585529,730.0,,,,,,,,,,,,,,0.4026342114038013,,,,,0.032804936170578,6.670145376119763e-05
,imappo,,,,730.0,0.0,0.0,0.003335072560730623,0.0,0.0,0.0,0.0,0.003335072560730623,0.0,0.0,0.0,0.0,0.0,,,,,,,
-0.004465869162231684,imappo,4.1521036564518e-07,0.009484339505434036,0.0007806268756252084,731.0,,,,,,,,,,,,,,0.4025008336112037,,,,,0.027675271034240723,5.290915214573033e-05
,imappo,,,,731.0,0.0,0.0,0.002645457672770135,0.0,0.0,0.0,0.0,0.002645457672770135,0.0,0.0,0.0,0.0,0.0,,,,,,,
-0.005596720613539219,imappo,2.572998027972062e-07,-0.14095188677310944,0.000780326775591864,732.0,,,,,,,,,,,,,,0.4023674558186062,,,,,0.028162674978375435,5.4009127779863775e-05
,imappo,,,,732.0,0.0,0.0,0.002700456421734998,0.0,0.0,0.0,0.0,0.002700456421734998,0.0,0.0,0.0,0.0,0.0,,,,,,,
-0.0011760779889300466,imappo,3.736133180609613e-08,-0.36033955216407776,0.0007800266755585196,733.0,,,,,,,,,,,,,,0.40223407802600863,,,,,0.029569512233138084,5.9297512052580714e-05
,imappo,,,,733.0,0.0,0.0,0.0029648756462847814,0.0,0.0,0.0,0.0,0.0029648756462847814,0.0,0.0,0.0,0.0,0.0,,,,,,,
-0.001070390222594142,imappo,1.056944896049572e-07,-0.8783376812934875,0.000779726575525175,734.0,,,,,,,,,,,,,,0.40210070023341116,,,,,0.029595160856842995,6.337419472401962e-05
,imappo,,,,734.0,0.0,0.0,0.003168709579767892,0.0,0.0,0.0,0.0,0.003168709579767892,0.0,0.0,0.0,0.0,0.0,,,,,,,
-0.008244826458394527,imappo,2.0225367336479394e-07,-0.6003533005714417,0.0007794264754918306,735.0,,,,,,,,,,,,,,0.40196732244081357,,,,,0.029484115540981293,6.145937368273735e-05
,imappo,,,,735.0,0.0,0.0,0.0030729685568076093,0.0,0.0,0.0,0.0,0.0030729685568076093,0.0,0.0,0.0,0.0,0.0,,,,,,,
-0.010951554402709007,imappo,2.9460383643709065e-07,-0.4624533951282501,0.0007791263754584861,736.0,,,,,,,,,,,,,,0.4018339446482161,,,,,0.0330476239323616,6.796581874368712e-05
,imappo,,,,736.0,0.0,0.0,0.0033982907807512674,0.0,0.0,0.0,0.0,0.0033982907807512674,0.0,0.0,0.0,0.0,0.0,,,,,,,
-0.003953702747821808,imappo,3.299747959317756e-07,-0.428676038980484,0.0007788262754251417,737.0,,,,,,,,,,,,,,0.4017005668556185,,,,,0.03131942078471184,6.579452019650489e-05
,imappo,,,,737.0,0.0,0.0,0.003289725740614813,0.0,0.0,0.0,0.0,0.003289725740614813,0.0,0.0,0.0,0.0,0.0,,,,,,,
0.004726296756416559,imappo,4.990794195691706e-07,-0.5342047810554504,0.0007785261753917973,738.0,,,,,,,,,,,,,,0.401567189063021,,,,,0.032270461320877075,6.820723501732573e-05
,imappo,,,,738.0,0.0,0.0,0.0034103615616913885,0.0,0.0,0.0,0.0,0.0034103615616913885,0.0,0.0,0.0,0.0,0.0,,,,,,,
0.0003955465799663216,imappo,7.00236910233798e-07,-0.5204111337661743,0.0007782260753584529,739.0,,,,,,,,,,,,,,0.4014338112704235,,,,,0.028598982840776443,6.129884422989562e-05
,imappo,,,,739.0,0.0,0.0,0.0030649421059933957,0.0,0.0,0.0,0.0,0.0030649421059933957,0.0,0.0,0.0,0.0,0.0,,,,,,,
-0.003354503307491541,imappo,1.4499848930427106e-06,-0.5277644991874695,0.0007779259753251084,740.0,,,,,,,,,,,,,,0.40130043347782596,,,,,0.03459552675485611,7.162436668295413e-05
,imappo,,,,740.0,0.0,0.0,0.003581218443287071,0.0,0.0,0.0,0.0,0.003581218443287071,0.0,0.0,0.0,0.0,0.0,,,,,,,
-0.00040566225652582943,imappo,1.9969065760960802e-06,-0.523766279220581,0.000777625875291764,741.0,,,,,,,,,,,,,,0.4011670556852284,,,,,0.03390738368034363,7.08414227119647e-05
,imappo,,,,741.0,0.0,0.0,0.0035420711647020653,0.0,0.0,0.0,0.0,0.0035420711647020653,0.0,0.0,0.0,0.0,0.0,,,,,,,
-0.006016851868480444,imappo,2.5844426545518218e-06,-0.4310762584209442,0.0007773257752584195,742.0,,,,,,,,,,,,,,0.4010336778926309,,,,,0.030600257217884064,6.35674805380404e-05
,imappo,,,,742.0,0.0,0.0,0.003178374103299575,0.0,0.0,0.0,0.0,0.003178374103299575,0.0,0.0,0.0,0.0,0.0,,,,,,,
-0.007066006772220135,imappo,1.8122736946679652e-06,-0.32967719435691833,0.000777025675225075,743.0,,,,,,,,,,,,,,0.40090030010003336,,,,,0.02952045574784279,5.725726441596635e-05
,imappo,,,,743.0,0.0,0.0,0.0028628632971958723,0.0,0.0,0.0,0.0,0.0028628632971958723,0.0,0.0,0.0,0.0,0.0,,,,,,,
-0.0015098711010068655,imappo,1.1227407412661705e-06,-0.5486121773719788,0.0007767255751917306,744.0,,,,,,,,,,,,,,0.4007669223074358,,,,,0.028193924576044083,6.008982745697722e-05
,imappo,,,,744.0,0.0,0.0,0.0030044911400182173,0.0,0.0,0.0,0.0,0.0030044911400182173,0.0,0.0,0.0,0.0,0.0,,,,,,,
-0.008304957300424576,imappo,7.4899764967995e-07,-0.15059877932071686,0.0007764254751583861,745.0,,,,,,,,,,,,,,0.4006335445148383,,,,,0.030977651476860046,5.968294135527685e-05
,imappo,,,,745.0,0.0,0.0,0.002984146944072563,0.0,0.0,0.0,0.0,0.002984146944072563,0.0,0.0,0.0,0.0,0.0,,,,,,,
-0.0013781078159809113,imappo,2.0967317482245562e-07,-0.5662398338317871,0.0007761253751250417,746.0,,,,,,,,,,,,,,0.40050016672224076,,,,,0.02729257009923458,5.9412996051833034e-05
,imappo,,,,746.0,0.0,0.0,0.002970649642520584,0.0,0.0,0.0,0.0,0.002970649642520584,0.0,0.0,0.0,0.0,0.0,,,,,,,
-0.004525218158960342,imappo,1.133299036837343e-07,-0.3954208195209503,0.0007758252750916972,747.0,,,,,,,,,,,,,,0.4003667889296432,,,,,0.030216611921787262,6.1983366322238e-05
,imappo,,,,747.0,0.0,0.0,0.003099168599874247,0.0,0.0,0.0,0.0,0.003099168599874247,0.0,0.0,0.0,0.0,0.0,,,,,,,
-0.006459233816713095,imappo,9.685187052355104e-08,-0.051003359258174896,0.0007755251750583528,748.0,,,,,,,,,,,,,,0.4002334111370457,,,,,0.03388608992099762,6.131630652816966e-05
,imappo,,,,748.0,0.0,0.0,0.003065815420995932,0.0,0.0,0.0,0.0,0.003065815420995932,0.0,0.0,0.0,0.0,0.0,,,,,,,
-0.003583456389605999,imappo,3.2619343670603484e-08,-0.3541925251483917,0.0007752250750250084,749.0,,,,,,,,,,,,,,0.40010003334444816,,,,,0.029394298791885376,5.5906544730532914e-05
,imappo,,,,749.0,0.0,0.0,0.0027953274075116497,0.0,0.0,0.0,0.0,0.0027953274075116497,0.0,0.0,0.0,0.0,0.0,,,,,,,
-0.0036964493338018656,imappo,8.530260942052337e-09,-0.26834625005722046,0.000774924974991664,750.0,,,,,,,,,,,,,,0.3999666555518506,,,,,0.028959006071090698,5.575369868893176e-05
,imappo,,,,750.0,0.0,0.0,0.0027876847234438173,0.0,0.0,0.0,0.0,0.0027876847234438173,0.0,0.0,0.0,0.0,0.0,,,,,,,
-0.004710527136921883,imappo,2.9062096729148834e-08,-0.2514011263847351,0.0007746248749583195,751.0,,,,,,,,,,,,,,0.3998332777592531,,,,,0.027835603803396225,5.4757139878347516e-05
,imappo,,,,751.0,0.0,0.0,0.002737856926614768,0.0,0.0,0.0,0.0,0.002737856926614768,0.0,0.0,0.0,0.0,0.0,,,,,,,
-0.007874024100601673,imappo,3.532080938839499e-08,-0.6675307154655457,0.0007743247749249751,752.0,,,,,,,,,,,,,,0.39969989996665556,,,,,0.032076701521873474,7.082268712110817e-05
,imappo,,,,752.0,0.0,0.0,0.0035411346580076497,0.0,0.0,0.0,0.0,0.0035411346580076497,0.0,0.0,0.0,0.0,0.0,,,,,,,
-0.008188030682504177,imappo,2.936522136565145e-08,-0.27452555298805237,0.0007740246748916305,753.0,,,,,,,,,,,,,,0.399566522174058,,,,,0.03413672745227814,6.92745961714536e-05
,imappo,,,,753.0,0.0,0.0,0.0034637299249880016,0.0,0.0,0.0,0.0,0.0034637299249880016,0.0,0.0,0.0,0.0,0.0,,,,,,,
-0.014650104567408562,imappo,2.9204151985595672e-08,-0.45143091678619385,0.0007737245748582861,754.0,,,,,,,,,,,,,,0.3994331443814605,,,,,0.03370826691389084,6.815628876211122e-05
,imappo,,,,754.0,0.0,0.0,0.0034078142380167264,0.0,0.0,0.0,0.0,0.0034078142380167264,0.0,0.0,0.0,0.0,0.0,,,,,,,
-0.004651633091270924,imappo,2.1598193455929504e-08,-0.34779804944992065,0.0007734244748249417,755.0,,,,,,,,,,,,,,0.39929976658886296,,,,,0.03159584105014801,6.14587843301706e-05
,imappo,,,,755.0,0.0,0.0,0.003072939234698424,0.0,0.0,0.0,0.0,0.003072939234698424,0.0,0.0,0.0,0.0,0.0,,,,,,,
-0.016928205266594887,imappo,3.181312280275961e-08,-0.01265312172472477,0.0007731243747915972,756.0,,,,,,,,,,,,,,0.3991663887962654,,,,,0.031239967793226242,6.11270297667943e-05
,imappo,,,,756.0,0.0,0.0,0.0030563514592358842,0.0,0.0,0.0,0.0,0.0030563514592358842,0.0,0.0,0.0,0.0,0.0,,,,,,,
0.006299325730651617,imappo,2.2482188555272842e-08,-0.2857639193534851,0.0007728242747582528,757.0,,,,,,,,,,,,,,0.3990330110036679,,,,,0.027569198980927467,5.338826304068789e-05
,imappo,,,,757.0,0.0,0.0,0.002669413110197638,0.0,0.0,0.0,0.0,0.002669413110197638,0.0,0.0,0.0,0.0,0.0,,,,,,,
-0.005171290598809719,imappo,4.289859489858827e-08,-0.22960543632507324,0.0007725241747249083,758.0,,,,,,,,,,,,,,0.39889963321107036,,,,,0.030347364023327827,5.7279296015622094e-05
,imappo,,,,758.0,0.0,0.0,0.002863964837160893,0.0,0.0,0.0,0.0,0.002863964837160893,0.0,0.0,0.0,0.0,0.0,,,,,,,
-0.002035941230133176,imappo,8.342700397179215e-08,-0.5003417730331421,0.0007722240746915639,759.0,,,,,,,,,,,,,,0.3987662554184728,,,,,0.031547173857688904,6.192299770191312e-05
,imappo,,,,759.0,0.0,0.0,0.003096150241617579,0.0,0.0,0.0,0.0,0.003096150241617579,0.0,0.0,0.0,0.0,0.0,,,,,,,
-0.0015168122481554747,imappo,3.8954723891038157e-08,0.06697537750005722,0.0007719239746582195,760.0,,,,,,,,,,,,,,0.3986328776258753,,,,,0.028350811451673508,5.350503124645911e-05
,imappo,,,,760.0,0.0,0.0,0.002675251500477316,0.0,0.0,0.0,0.0,0.002675251500477316,0.0,0.0,0.0,0.0,0.0,,,,,,,
-0.006738274358212948,imappo,1.3554715572183795e-08,-0.380668967962265,0.000771623874624875,761.0,,,,,,,,,,,,,,0.39849949983327776,,,,,0.031631819903850555,6.317968654911965e-05
,imappo,,,,761.0,0.0,0.0,0.0031589843274559826,0.0,0.0,0.0,0.0,0.0031589843274559826,0.0,0.0,0.0,0.0,0.0,,,,,,,
-0.004408462904393673,imappo,1.9178820309662115e-08,-0.2946600317955017,0.0007713237745915305,762.0,,,,,,,,,,,,,,0.3983661220406802,,,,,0.03217718005180359,6.678506906609982e-05
,imappo,,,,762.0,0.0,0.0,0.0033392532786820084,0.0,0.0,0.0,0.0,0.0033392532786820084,0.0,0.0,0.0,0.0,0.0,,,,,,,
-0.005505568813532591,imappo,7.897267728651514e-09,-0.4961678087711334,0.0007710236745581861,763.0,,,,,,,,,,,,,,0.3982327442480827,,,,,0.030147012323141098,6.0621765442192554e-05
,imappo,,,,763.0,0.0,0.0,0.003031088213901967,0.0,0.0,0.0,0.0,0.003031088213901967,0.0,0.0,0.0,0.0,0.0,,,,,,,
-0.003972203470766544,imappo,1.618101919120818e-08,-0.7300074696540833,0.0007707235745248416,764.0,,,,,,,,,,,,,,0.39809936645548516,,,,,0.031573787331581116,6.86261264490895e-05
,imappo,,,,764.0,0.0,0.0,0.0034313063697481994,0.0,0.0,0.0,0.0,0.0034313063697481994,0.0,0.0,0.0,0.0,0.0,,,,,,,
-0.0015786682488396764,imappo,1.3036244972397526e-08,-0.17900817096233368,0.0007704234744914972,765.0,,,,,,,,,,,,,,0.3979659886628876,,,,,0.03068704903125763,5.945862358203158e-05
,imappo,,,,765.0,0.0,0.0,0.002972931117255939,0.0,0.0,0.0,0.0,0.002972931117255939,0.0,0.0,0.0,0.0,0.0,,,,,,,
0.008841777220368385,imappo,1.2461226717164209e-08,-0.43958282470703125,0.0007701233744581528,766.0,,,,,,,,,,,,,,0.3978326108702901,,,,,0.03315649926662445,6.810682680225e-05
,imappo,,,,766.0,0.0,0.0,0.0034053411218337715,0.0,0.0,0.0,0.0,0.0034053411218337715,0.0,0.0,0.0,0.0,0.0,,,,,,,
0.005879695992916822,imappo,1.0760563995404482e-08,-0.572333574295044,0.0007698232744248083,767.0,,,,,,,,,,,,,,0.39769923307769256,,,,,0.028038058429956436,5.6978577049449086e-05
,imappo,,,,767.0,0.0,0.0,0.002848928630555747,0.0,0.0,0.0,0.0,0.002848928630555747,0.0,0.0,0.0,0.0,0.0,,,,,,,
-0.010104179382324219,imappo,6.084572135023336e-08,-0.6814832091331482,0.0007695231743914639,768.0,,,,,,,,,,,,,,0.397565855285095,,,,,0.03018742799758911,6.6467619035393e-05
,imappo,,,,768.0,0.0,0.0,0.0033233810172532685,0.0,0.0,0.0,0.0,0.0033233810172532685,0.0,0.0,0.0,0.0,0.0,,,,,,,
-0.0012261009542271495,imappo,7.933590495667886e-08,0.024591252207756042,0.0007692230743581194,769.0,,,,,,,,,,,,,,0.3974324774924975,,,,,0.031362950801849365,6.021854642312974e-05
,imappo,,,,769.0,0.0,0.0,0.0030109273320704233,0.0,0.0,0.0,0.0,0.0030109273320704233,0.0,0.0,0.0,0.0,0.0,,,,,,,
-0.006151227746158838,imappo,1.2764091117389853e-08,-0.41376760601997375,0.000768922974324775,770.0,,,,,,,,,,,,,,0.39729909969989996,,,,,0.03209010511636734,6.510662205982953e-05
,imappo,,,,770.0,0.0,0.0,0.0032553310848015826,0.0,0.0,0.0,0.0,0.0032553310848015826,0.0,0.0,0.0,0.0,0.0,,,,,,,
-0.0038570419419556856,imappo,3.6446763829189877e-08,-0.35662293434143066,0.0007686228742914305,771.0,,,,,,,,,,,,,,0.3971657219073024,,,,,0.03224853426218033,6.873415986774489e-05
,imappo,,,,771.0,0.0,0.0,0.0034367082080279943,0.0,0.0,0.0,0.0,0.0034367082080279943,0.0,0.0,0.0,0.0,0.0,,,,,,,
-0.002938844496384263,imappo,3.152726790744964e-08,-0.16628283262252808,0.000768322774258086,772.0,,,,,,,,,,,,,,0.3970323441147049,,,,,0.031178653240203857,6.296546780504286e-05
,imappo,,,,772.0,0.0,0.0,0.0031482732701988425,0.0,0.0,0.0,0.0,0.0031482732701988425,0.0,0.0,0.0,0.0,0.0,,,,,,,
-0.007379989605396986,imappo,4.2118795562373634e-08,-0.3251873850822449,0.0007680226742247416,773.0,,,,,,,,,,,,,,0.39689896632210736,,,,,0.030301343649625778,6.320510874502361e-05
,imappo,,,,773.0,0.0,0.0,0.0031602557173755486,0.0,0.0,0.0,0.0,0.0031602557173755486,0.0,0.0,0.0,0.0,0.0,,,,,,,
-0.005662048235535622,imappo,3.5735368442146864e-08,-0.07625354826450348,0.0007677225741913971,774.0,,,,,,,,,,,,,,0.3967655885295098,,,,,0.030502397567033768,5.755353777203709e-05
,imappo,,,,774.0,0.0,0.0,0.002877676743082702,0.0,0.0,0.0,0.0,0.002877676743082702,0.0,0.0,0.0,0.0,0.0,,,,,,,
-0.004024195950478315,imappo,3.7269302310960484e-08,0.023150961846113205,0.0007674224741580527,775.0,,,,,,,,,,,,,,0.3966322107369123,,,,,0.03287804499268532,6.319776002783328e-05
,imappo,,,,775.0,0.0,0.0,0.00315988798320177,0.0,0.0,0.0,0.0,0.00315988798320177,0.0,0.0,0.0,0.0,0.0,,,,,,,
0.0015862362924963236,imappo,9.764639763432115e-09,-0.40097576379776,0.0007671223741247083,776.0,,,,,,,,,,,,,,0.39649883294431476,,,,,0.03301568701863289,6.766823935322464e-05
,imappo,,,,776.0,0.0,0.0,0.0033834120440587867,0.0,0.0,0.0,0.0,0.0033834120440587867,0.0,0.0,0.0,0.0,0.0,,,,,,,
-0.0022644754499197006,imappo,1.1552973688822021e-08,-0.39495909214019775,0.0007668222740913639,777.0,,,,,,,,,,,,,,0.3963654551517172,,,,,0.03140714764595032,6.277293141465634e-05
,imappo,,,,777.0,0.0,0.0,0.003138646647130372,0.0,0.0,0.0,0.0,0.003138646647130372,0.0,0.0,0.0,0.0,0.0,,,,,,,
0.0020518575329333544,imappo,1.8412055879934996e-08,-0.401935875415802,0.0007665221740580194,778.0,,,,,,,,,,,,,,0.3962320773591197,,,,,0.030078858137130737,5.939524635323323e-05
,imappo,,,,778.0,0.0,0.0,0.0029697626960114576,0.0,0.0,0.0,0.0,0.0029697626960114576,0.0,0.0,0.0,0.0,0.0,,,,,,,
0.0005637403228320181,imappo,3.6461958785594106e-08,-0.2753584682941437,0.000766222074024675,779.0,,,,,,,,,,,,,,0.39609869956652216,,,,,0.029378678649663925,5.823855462949723e-05
,imappo,,,,779.0,0.0,0.0,0.0029119277132849675,0.0,0.0,0.0,0.0,0.0029119277132849675,0.0,0.0,0.0,0.0,0.0,,,,,,,
-0.0051727816462516785,imappo,3.892741062827554e-08,-0.3727242648601532,0.0007659219739913304,780.0,,,,,,,,,,,,,,0.39596532177392463,,,,,0.030733328312635422,6.262015085667372e-05
,imappo,,,,780.0,0.0,0.0,0.003131007368210703,0.0,0.0,0.0,0.0,0.003131007368210703,0.0,0.0,0.0,0.0,0.0,,,,,,,
-0.0037170895375311375,imappo,1.7634132376542766e-08,0.008884377777576447,0.000765621873957986,781.0,,,,,,,,,,,,,,0.3958319439813271,,,,,0.0315801277756691,6.236931221792474e-05
,imappo,,,,781.0,0.0,0.0,0.003118465767329326,0.0,0.0,0.0,0.0,0.003118465767329326,0.0,0.0,0.0,0.0,0.0,,,,,,,
-0.0042635733261704445,imappo,5.792983426289311e-09,-0.695330023765564,0.0007653217739246416,782.0,,,,,,,,,,,,,,0.39569856618872956,,,,,0.0304071307182312,6.418740667868406e-05
,imappo,,,,782.0,0.0,0.0,0.0032093700428958982,0.0,0.0,0.0,0.0,0.0032093700428958982,0.0,0.0,0.0,0.0,0.0,,,,,,,
-0.0002771130239125341,imappo,1.249584880014254e-08,-0.31005290150642395,0.0007650216738912971,783.0,,,,,,,,,,,,,,0.39556518839613203,,,,,0.02935682237148285,6.208314880495891e-05
,imappo,,,,783.0,0.0,0.0,0.0031041572656249627,0.0,0.0,0.0,0.0,0.0031041572656249627,0.0,0.0,0.0,0.0,0.0,,,,,,,
-0.008809808641672134,imappo,2.2148705980384875e-08,-0.4142026901245117,0.0007647215738579527,784.0,,,,,,,,,,,,,,0.3954318106035345,,,,,0.02975878119468689,6.106375803938136e-05
,imappo,,,,784.0,0.0,0.0,0.003053187749173958,0.0,0.0,0.0,0.0,0.003053187749173958,0.0,0.0,0.0,0.0,0.0,,,,,,,
-0.0032061825040727854,imappo,3.3861677906088516e-08,0.06521777808666229,0.0007644214738246082,785.0,,,,,,,,,,,,,,0.39529843281093696,,,,,0.03068961575627327,5.947069439571351e-05
,imappo,,,,785.0,0.0,0.0,0.0029735348871327005,0.0,0.0,0.0,0.0,0.0029735348871327005,0.0,0.0,0.0,0.0,0.0,,,,,,,
-0.002859483240172267,imappo,2.0364137043316077e-08,-0.43275904655456543,0.0007641213737912638,786.0,,,,,,,,,,,,,,0.39516505501833943,,,,,0.028674740344285965,6.026889241184108e-05
,imappo,,,,786.0,0.0,0.0,0.003013444376847474,0.0,0.0,0.0,0.0,0.003013444376847474,0.0,0.0,0.0,0.0,0.0,,,,,,,
-0.004976734519004822,imappo,3.809875082083636e-08,-0.811980664730072,0.0007638212737579194,787.0,,,,,,,,,,,,,,0.3950316772257419,,,,,0.03102276474237442,6.336779915727675e-05
,imappo,,,,787.0,0.0,0.0,0.0031683898305345792,0.0,0.0,0.0,0.0,0.0031683898305345792,0.0,0.0,0.0,0.0,0.0,,,,,,,
-0.005096444860100746,imappo,9.821429003409321e-09,-0.7274488806724548,0.000763521173724575,788.0,,,,,,,,,,,,,,0.39489829943314436,,,,,0.029810991138219833,6.478797149611637e-05
,imappo,,,,788.0,0.0,0.0,0.0032393984765803907,0.0,0.0,0.0,0.0,0.0032393984765803907,0.0,0.0,0.0,0.0,0.0,,,,,,,
-0.002840428613126278,imappo,1.568579754973598e-08,-0.30915436148643494,0.0007632210736912304,789.0,,,,,,,,,,,,,,0.39476492164054683,,,,,0.03130842000246048,5.751416028942913e-05
,imappo,,,,789.0,0.0,0.0,0.002875708025385393,0.0,0.0,0.0,0.0,0.002875708025385393,0.0,0.0,0.0,0.0,0.0,,,,,,,
-0.0024075733963400126,imappo,1.811666194839745e-08,-0.3646623194217682,0.000762920973657886,790.0,,,,,,,,,,,,,,0.3946315438479493,,,,,0.03037392906844616,5.700264955521561e-05
,imappo,,,,790.0,0.0,0.0,0.0028501324050012045,0.0,0.0,0.0,0.0,0.0028501324050012045,0.0,0.0,0.0,0.0,0.0,,,,,,,
-0.006274082697927952,imappo,3.469886422635682e-08,-0.25708839297294617,0.0007626208736245415,791.0,,,,,,,,,,,,,,0.39449816605535176,,,,,0.030470866709947586,5.6780874729156494e-05
,imappo,,,,791.0,0.0,0.0,0.0028390439256327227,0.0,0.0,0.0,0.0,0.0028390439256327227,0.0,0.0,0.0,0.0,0.0,,,,,,,
-0.005941430106759071,imappo,1.1311729330998332e-08,-0.4122874438762665,0.0007623207735911971,792.0,,,,,,,,,,,,,,0.39436478826275423,,,,,0.03181092068552971,6.586797826457769e-05
,imappo,,,,792.0,0.0,0.0,0.0032933989859884605,0.0,0.0,0.0,0.0,0.0032933989859884605,0.0,0.0,0.0,0.0,0.0,,,,,,,
-0.0072737764567136765,imappo,8.549033481131119e-08,-0.476049542427063,0.0007620206735578527,793.0,,,,,,,,,,,,,,0.39423141047015675,,,,,0.030297087505459785,6.33987583569251e-05
,imappo,,,,793.0,0.0,0.0,0.0031699376668257173,0.0,0.0,0.0,0.0,0.0031699376668257173,0.0,0.0,0.0,0.0,0.0,,,,,,,
0.0002760347560979426,imappo,8.289143949014033e-08,-0.7837929129600525,0.0007617205735245082,794.0,,,,,,,,,,,,,,0.39409803267755916,,,,,0.027058150619268417,6.189090345287696e-05
,imappo,,,,794.0,0.0,0.0,0.003094545259955339,0.0,0.0,0.0,0.0,0.003094545259955339,0.0,0.0,0.0,0.0,0.0,,,,,,,
-0.0033553808461874723,imappo,1.2164294105332374e-07,-0.47230884432792664,0.0007614204734911638,795.0,,,,,,,,,,,,,,0.3939646548849617,,,,,0.028671912848949432,6.212395237525925e-05
,imappo,,,,795.0,0.0,0.0,0.0031061976405908354,0.0,0.0,0.0,0.0,0.0031061976405908354,0.0,0.0,0.0,0.0,0.0,,,,,,,
0.009104853495955467,imappo,9.426405256363068e-08,-0.3727569878101349,0.0007611203734578193,796.0,,,,,,,,,,,,,,0.3938312770923641,,,,,0.03052326664328575,6.251131708268076e-05
,imappo,,,,796.0,0.0,0.0,0.0031255660869646817,0.0,0.0,0.0,0.0,0.0031255660869646817,0.0,0.0,0.0,0.0,0.0,,,,,,,
-0.0041355048306286335,imappo,6.881592184981855e-08,-0.4918106198310852,0.0007608202734244748,797.0,,,,,,,,,,,,,,0.3936978992997666,,,,,0.038133654743433,7.370151433860883e-05
,imappo,,,,797.0,0.0,0.0,0.0036850762262474746,0.0,0.0,0.0,0.0,0.0036850762262474746,0.0,0.0,0.0,0.0,0.0,,,,,,,
0.007572774775326252,imappo,1.2037658336794266e-07,-0.43399250507354736,0.0007605201733911304,798.0,,,,,,,,,,,,,,0.39356452150716903,,,,,0.031716182827949524,6.003101225360297e-05
,imappo,,,,798.0,0.0,0.0,0.0030015506090421695,0.0,0.0,0.0,0.0,0.0030015506090421695,0.0,0.0,0.0,0.0,0.0,,,,,,,
-0.0007134827901609242,imappo,2.3283535099949404e-08,-0.5152530670166016,0.000760220073357786,799.0,,,,,,,,,,,,,,0.39343114371457155,,,,,0.033379584550857544,6.24246895313263e-05
,imappo,,,,799.0,0.0,0.0,0.0031212344947562087,0.0,0.0,0.0,0.0,0.0031212344947562087,0.0,0.0,0.0,0.0,0.0,,,,,,,
,imappo,,,,799.0,,,,,,,,,,,,,,,0.0,0.0,0.0,0.0,,
-0.0025408233050256968,imappo,9.37093691533164e-09,-0.7566304206848145,0.0007599199733244415,800.0,,,,,,,,,,,,,,0.39329776592197396,,,,,0.029767297208309174,6.15758981439285e-05
,imappo,,,,800.0,0.0,0.0,0.0030787953073740937,0.0,0.0,0.0,0.0,0.0030787953073740937,0.0,0.0,0.0,0.0,0.0,,,,,,,
-0.00028978180489502847,imappo,2.1282783535525596e-08,-0.08124949038028717,0.0007596198732910971,801.0,,,,,,,,,,,,,,0.3931643881293765,,,,,0.032092612236738205,5.513537325896323e-05
,imappo,,,,801.0,0.0,0.0,0.0027567685610847548,0.0,0.0,0.0,0.0,0.0027567685610847548,0.0,0.0,0.0,0.0,0.0,,,,,,,
-0.0046418774873018265,imappo,1.0300365005377898e-08,-0.668614387512207,0.0007593197732577526,802.0,,,,,,,,,,,,,,0.3930310103367789,,,,,0.03034096583724022,6.136120646260679e-05
,imappo,,,,802.0,0.0,0.0,0.003068060126679484,0.0,0.0,0.0,0.0,0.003068060126679484,0.0,0.0,0.0,0.0,0.0,,,,,,,
-0.007670936174690723,imappo,4.020943222826645e-08,-0.05024281516671181,0.0007590196732244082,803.0,,,,,,,,,,,,,,0.3928976325441814,,,,,0.03024601936340332,5.3786578064318746e-05
,imappo,,,,803.0,0.0,0.0,0.0026893291687883902,0.0,0.0,0.0,0.0,0.0026893291687883902,0.0,0.0,0.0,0.0,0.0,,,,,,,
-0.004491367377340794,imappo,7.270569568618157e-08,-0.4519936740398407,0.0007587195731910637,804.0,,,,,,,,,,,,,,0.39276425475158383,,,,,0.029634227976202965,5.557955228141509e-05
,imappo,,,,804.0,0.0,0.0,0.0027789776759163942,0.0,0.0,0.0,0.0,0.0027789776759163942,0.0,0.0,0.0,0.0,0.0,,,,,,,
-0.004964054096490145,imappo,4.0288647085162665e-08,-0.025481535121798515,0.0007584194731577193,805.0,,,,,,,,,,,,,,0.39263087695898635,,,,,0.028612056747078896,5.178940773475915e-05
,imappo,,,,805.0,0.0,0.0,0.002589470361272106,0.0,0.0,0.0,0.0,0.002589470361272106,0.0,0.0,0.0,0.0,0.0,,,,,,,
0.002717819530516863,imappo,6.464250645876746e-08,-1.0205729007720947,0.0007581193731243747,806.0,,,,,,,,,,,,,,0.39249749916638876,,,,,0.02970217913389206,6.160224438644946e-05
,imappo,,,,806.0,0.0,0.0,0.0030801121465628967,0.0,0.0,0.0,0.0,0.0030801121465628967,0.0,0.0,0.0,0.0,0.0,,,,,,,
-0.008147587068378925,imappo,1.9176762577899353e-07,-0.22302912175655365,0.0007578192730910303,807.0,,,,,,,,,,,,,,0.3923641213737913,,,,,0.031702227890491486,6.47942433715798e-05
,imappo,,,,807.0,0.0,0.0,0.0032397123795817606,0.0,0.0,0.0,0.0,0.0032397123795817606,0.0,0.0,0.0,0.0,0.0,,,,,,,
-0.006013035774230957,imappo,3.845999785312415e-08,-0.37908750772476196,0.0007575191730576859,808.0,,,,,,,,,,,,,,0.39223074358119375,,,,,0.02886698767542839,5.4148938943399116e-05
,imappo,,,,808.0,0.0,0.0,0.00270744690351421,0.0,0.0,0.0,0.0,0.00270744690351421,0.0,0.0,0.0,0.0,0.0,,,,,,,
-0.006143997423350811,imappo,7.393431644686643e-08,-0.7467429041862488,0.0007572190730243415,809.0,,,,,,,,,,,,,,0.3920973657885962,,,,,0.029053490608930588,6.435804243665189e-05
,imappo,,,,809.0,0.0,0.0,0.003217902034521103,0.0,0.0,0.0,0.0,0.003217902034521103,0.0,0.0,0.0,0.0,0.0,,,,,,,
0.0013170767342671752,imappo,6.327827861696278e-08,-0.1278107762336731,0.0007569189729909971,810.0,,,,,,,,,,,,,,0.3919639879959987,,,,,0.030030105262994766,5.5908709327923134e-05
,imappo,,,,810.0,0.0,0.0,0.00279543582291808,0.0,0.0,0.0,0.0,0.00279543582291808,0.0,0.0,0.0,0.0,0.0,,,,,,,
-0.0024575102142989635,imappo,4.3532651261557476e-08,-0.5678380131721497,0.0007566188729576526,811.0,,,,,,,,,,,,,,0.39183061020340115,,,,,0.02864309772849083,5.857274300069548e-05
,imappo,,,,811.0,0.0,0.0,0.00292863713184488,0.0,0.0,0.0,0.0,0.00292863713184488,0.0,0.0,0.0,0.0,0.0,,,,,,,
-0.004432103596627712,imappo,4.051378610370193e-08,-0.578220784664154,0.0007563187729243082,812.0,,,,,,,,,,,,,,0.3916972324108036,,,,,0.027864214032888412,5.790407885797322e-05
,imappo,,,,812.0,0.0,0.0,0.002895203906518873,0.0,0.0,0.0,0.0,0.002895203906518873,0.0,0.0,0.0,0.0,0.0,,,,,,,
-0.0009487760253250599,imappo,7.099272636423848e-08,-0.41293594241142273,0.0007560186728909637,813.0,,,,,,,,,,,,,,0.3915638546182061,,,,,0.029274675995111465,6.16118049947545e-05
,imappo,,,,813.0,0.0,0.0,0.0030805904571025167,0.0,0.0,0.0,0.0,0.0030805904571025167,0.0,0.0,0.0,0.0,0.0,,,,,,,
-0.0023865459952503443,imappo,7.428742776482977e-08,-0.5136292576789856,0.0007557185728576193,814.0,,,,,,,,,,,,,,0.39143047682560855,,,,,0.026267658919095993,5.580897777690552e-05
,imappo,,,,814.0,0.0,0.0,0.0027904489361390006,0.0,0.0,0.0,0.0,0.0027904489361390006,0.0,0.0,0.0,0.0,0.0,,,,,,,
-0.01025623269379139,imappo,1.179459943045913e-07,-0.7667118310928345,0.0007554184728242748,815.0,,,,,,,,,,,,,,0.391297099033011,,,,,0.02914539724588394,6.274582847254351e-05
,imappo,,,,815.0,0.0,0.0,0.003137291529128561,0.0,0.0,0.0,0.0,0.003137291529128561,0.0,0.0,0.0,0.0,0.0,,,,,,,
-0.008077164180576801,imappo,2.0413172308053618e-07,-0.02336849831044674,0.0007551183727909303,816.0,,,,,,,,,,,,,,0.3911637212404135,,,,,0.028851203620433807,5.339244307833724e-05
,imappo,,,,816.0,0.0,0.0,0.0026696220120356884,0.0,0.0,0.0,0.0,0.0026696220120356884,0.0,0.0,0.0,0.0,0.0,,,,,,,
-0.004954266827553511,imappo,6.172919597702275e-08,-0.2701089382171631,0.0007548182727575858,817.0,,,,,,,,,,,,,,0.39103034344781595,,,,,0.030855506658554077,5.895210415474139e-05
,imappo,,,,817.0,0.0,0.0,0.002947605331428349,0.0,0.0,0.0,0.0,0.002947605331428349,0.0,0.0,0.0,0.0,0.0,,,,,,,
-0.009430474601686,imappo,7.773426347057466e-08,-0.2880868911743164,0.0007545181727242414,818.0,,,,,,,,,,,,,,0.3908969656552184,,,,,0.0327240489423275,6.770518666598946e-05
,imappo,,,,818.0,0.0,0.0,0.003385259486094583,0.0,0.0,0.0,0.0,0.003385259486094583,0.0,0.0,0.0,0.0,0.0,,,,,,,
-0.00683743366971612,imappo,1.1759216533846484e-07,-0.03047797456383705,0.000754218072690897,819.0,,,,,,,,,,,,,,0.3907635878626209,,,,,0.03249131888151169,6.301511166384444e-05
,imappo,,,,819.0,0.0,0.0,0.0031507557541772258,0.0,0.0,0.0,0.0,0.0031507557541772258,0.0,0.0,0.0,0.0,0.0,,,,,,,
0.004316731356084347,imappo,2.8381727190662787e-08,-0.2918649911880493,0.0007539179726575526,820.0,,,,,,,,,,,,,,0.39063021007002335,,,,,0.028120553120970726,5.854940536664799e-05
,imappo,,,,820.0,0.0,0.0,0.002927470068243565,0.0,0.0,0.0,0.0,0.002927470068243565,0.0,0.0,0.0,0.0,0.0,,,,,,,
-0.006365925073623657,imappo,4.235659289975047e-08,-0.21712720394134521,0.0007536178726242081,821.0,,,,,,,,,,,,,,0.3904968322774258,,,,,0.03129088506102562,6.529106030939147e-05
,imappo,,,,821.0,0.0,0.0,0.0032645528081047814,0.0,0.0,0.0,0.0,0.0032645528081047814,0.0,0.0,0.0,0.0,0.0,,,,,,,
0.004680775571614504,imappo,1.2003590654785512e-07,-0.20188459753990173,0.0007533177725908637,822.0,,,,,,,,,,,,,,0.3903634544848283,,,,,0.03473486378788948,7.065886165946722e-05
,imappo,,,,822.0,0.0,0.0,0.003532942897436442,0.0,0.0,0.0,0.0,0.003532942897436442,0.0,0.0,0.0,0.0,0.0,,,,,,,
-0.004591928794980049,imappo,9.448919513488363e-08,-0.19658170640468597,0.0007530176725575191,823.0,,,,,,,,,,,,,,0.39023007669223075,,,,,0.030018014833331108,6.300769018707797e-05
,imappo,,,,823.0,0.0,0.0,0.0031503842874371912,0.0,0.0,0.0,0.0,0.0031503842874371912,0.0,0.0,0.0,0.0,0.0,,,,,,,
-0.002679642289876938,imappo,9.712233151049077e-08,-0.6303091049194336,0.0007527175725241747,824.0,,,,,,,,,,,,,,0.3900966988996332,,,,,0.028588226065039635,6.024517642799765e-05
,imappo,,,,824.0,0.0,0.0,0.003012258624949027,0.0,0.0,0.0,0.0,0.003012258624949027,0.0,0.0,0.0,0.0,0.0,,,,,,,
-0.002731541870161891,imappo,6.817944608883408e-08,-0.2886948883533478,0.0007524174724908303,825.0,,,,,,,,,,,,,,0.3899633211070357,,,,,0.02690282091498375,5.558100383495912e-05
,imappo,,,,825.0,0.0,0.0,0.0027790503845608328,0.0,0.0,0.0,0.0,0.0027790503845608328,0.0,0.0,0.0,0.0,0.0,,,,,,,
-0.005113567225635052,imappo,8.989178468254977e-08,-0.11415240168571472,0.0007521173724574859,826.0,,,,,,,,,,,,,,0.38982994331443815,,,,,0.03049049712717533,5.83242581342347e-05
,imappo,,,,826.0,0.0,0.0,0.0029162129540054593,0.0,0.0,0.0,0.0,0.0029162129540054593,0.0,0.0,0.0,0.0,0.0,,,,,,,
-0.005623387172818184,imappo,1.1249614573216604e-07,0.25521722435951233,0.0007518172724241414,827.0,,,,,,,,,,,,,,0.3896965655218406,,,,,0.034024715423583984,6.171011773403734e-05
,imappo,,,,827.0,0.0,0.0,0.0030855057229928207,0.0,0.0,0.0,0.0,0.0030855057229928207,0.0,0.0,0.0,0.0,0.0,,,,,,,
-0.010013360530138016,imappo,6.659738716052743e-08,-0.0024928895290941,0.0007515171723907969,828.0,,,,,,,,,,,,,,0.3895631877292431,,,,,0.03249775245785713,6.0986476455582306e-05
,imappo,,,,828.0,0.0,0.0,0.0030493238009512424,0.0,0.0,0.0,0.0,0.0030493238009512424,0.0,0.0,0.0,0.0,0.0,,,,,,,
0.002774283289909363,imappo,2.1224761326266162e-07,-0.028530390933156013,0.0007512170723574525,829.0,,,,,,,,,,,,,,0.38942980993664555,,,,,0.03028194233775139,5.827570930705406e-05
,imappo,,,,829.0,0.0,0.0,0.002913785159762483,0.0,0.0,0.0,0.0,0.002913785159762483,0.0,0.0,0.0,0.0,0.0,,,,,,,
-0.009428291581571102,imappo,5.915788747756778e-08,0.0890917032957077,0.0007509169723241081,830.0,,,,,,,,,,,,,,0.389296432144048,,,,,0.02860736846923828,5.261935802991502e-05
,imappo,,,,830.0,0.0,0.0,0.0026309678687539417,0.0,0.0,0.0,0.0,0.0026309678687539417,0.0,0.0,0.0,0.0,0.0,,,,,,,
-0.0036951988004148006,imappo,6.495649529369985e-08,-0.2639506757259369,0.0007506168722907637,831.0,,,,,,,,,,,,,,0.3891630543514505,,,,,0.0329749658703804,6.647381087532267e-05
,imappo,,,,831.0,0.0,0.0,0.003323690474644536,0.0,0.0,0.0,0.0,0.003323690474644536,0.0,0.0,0.0,0.0,0.0,,,,,,,
-0.011573551222682,imappo,5.648134049351938e-08,-0.11320124566555023,0.0007503167722574191,832.0,,,,,,,,,,,,,,0.38902967655885295,,,,,0.03342938423156738,6.552418926730752e-05
,imappo,,,,832.0,0.0,0.0,0.003276209561590804,0.0,0.0,0.0,0.0,0.003276209561590804,0.0,0.0,0.0,0.0,0.0,,,,,,,
0.0019661586266011,imappo,1.970684735397299e-07,-0.25315484404563904,0.0007500166722240747,833.0,,,,,,,,,,,,,,0.3888962987662554,,,,,0.03044484183192253,5.918894021306187e-05
,imappo,,,,833.0,0.0,0.0,0.0029594470288429875,0.0,0.0,0.0,0.0,0.0029594470288429875,0.0,0.0,0.0,0.0,0.0,,,,,,,
-0.012879964895546436,imappo,4.1136613049275184e-07,-0.48051661252975464,0.0007497165721907302,834.0,,,,,,,,,,,,,,0.3887629209736579,,,,,0.02734506130218506,5.6591499742353335e-05
,imappo,,,,834.0,0.0,0.0,0.002829574754287023,0.0,0.0,0.0,0.0,0.002829574754287023,0.0,0.0,0.0,0.0,0.0,,,,,,,
-0.007526726461946964,imappo,1.593857064108306e-07,-0.10146763175725937,0.0007494164721573858,835.0,,,,,,,,,,,,,,0.38862954318106036,,,,,0.031247928738594055,5.410369340097532e-05
,imappo,,,,835.0,0.0,0.0,0.0027051845281675924,0.0,0.0,0.0,0.0,0.0027051845281675924,0.0,0.0,0.0,0.0,0.0,,,,,,,
-0.005734414327889681,imappo,4.720050128526054e-08,-0.12324273586273193,0.0007491163721240414,836.0,,,,,,,,,,,,,,0.3884961653884628,,,,,0.030578166246414185,5.4123345762491226e-05
,imappo,,,,836.0,0.0,0.0,0.0027061671098635998,0.0,0.0,0.0,0.0,0.0027061671098635998,0.0,0.0,0.0,0.0,0.0,,,,,,,
-0.010801587253808975,imappo,5.0200796408716997e-08,-0.13016311824321747,0.000748816272090697,837.0,,,,,,,,,,,,,,0.3883627875958653,,,,,0.02958974987268448,5.252294795354828e-05
,imappo,,,,837.0,0.0,0.0,0.0026261474704369903,0.0,0.0,0.0,0.0,0.0026261474704369903,0.0,0.0,0.0,0.0,0.0,,,,,,,
0.0004925758112221956,imappo,7.197724016805296e-08,-0.381380558013916,0.0007485161720573525,838.0,,,,,,,,,,,,,,0.38822940980326776,,,,,0.03245075047016144,6.734539056196809e-05
,imappo,,,,838.0,0.0,0.0,0.00336726948080468,0.0,0.0,0.0,0.0,0.00336726948080468,0.0,0.0,0.0,0.0,0.0,,,,,,,
-4.622491542249918e-05,imappo,8.800711270851025e-08,-0.36031290888786316,0.000748216072024008,839.0,,,,,,,,,,,,,,0.3880960320106702,,,,,0.030229143798351288,6.233365274965763e-05
,imappo,,,,839.0,0.0,0.0,0.0031166826993285213,0.0,0.0,0.0,0.0,0.0031166826993285213,0.0,0.0,0.0,0.0,0.0,,,,,,,
-0.0037972230929881334,imappo,1.0707783104635382e-08,-0.301528662443161,0.0007479159719906636,840.0,,,,,,,,,,,,,,0.3879626542180727,,,,,0.03068268671631813,5.8126504882238805e-05
,imappo,,,,840.0,0.0,0.0,0.0029063249603495933,0.0,0.0,0.0,0.0,0.0029063249603495933,0.0,0.0,0.0,0.0,0.0,,,,,,,
-0.0014272005064412951,imappo,1.3578107527223438e-08,-0.3898424804210663,0.0007476158719573192,841.0,,,,,,,,,,,,,,0.38782927642547516,,,,,0.03299098089337349,6.536451110150665e-05
,imappo,,,,841.0,0.0,0.0,0.0032682255950930994,0.0,0.0,0.0,0.0,0.0032682255950930994,0.0,0.0,0.0,0.0,0.0,,,,,,,
-0.004017097409814596,imappo,3.240826629280491e-08,-0.422274112701416,0.0007473157719239747,842.0,,,,,,,,,,,,,,0.3876958986328776,,,,,0.02957538142800331,6.137326272437349e-05
,imappo,,,,842.0,0.0,0.0,0.003068663092562929,0.0,0.0,0.0,0.0,0.003068663092562929,0.0,0.0,0.0,0.0,0.0,,,,,,,
0.000858776387758553,imappo,1.0817026208087555e-07,-0.461274117231369,0.0007470156718906302,843.0,,,,,,,,,,,,,,0.3875625208402801,,,,,0.03176044300198555,6.400697748176754e-05
,imappo,,,,843.0,0.0,0.0,0.0032003490086935926,0.0,0.0,0.0,0.0,0.0032003490086935926,0.0,0.0,0.0,0.0,0.0,,,,,,,
-0.009147938340902328,imappo,1.346988085515477e-07,-0.07163667678833008,0.0007467155718572858,844.0,,,,,,,,,,,,,,0.38742914304768256,,,,,0.02801556885242462,5.0967097195098177e-05
,imappo,,,,844.0,0.0,0.0,0.0025483549579803366,0.0,0.0,0.0,0.0,0.0025483549579803366,0.0,0.0,0.0,0.0,0.0,,,,,,,
-0.004955928772687912,imappo,3.291074435196606e-08,-0.43760499358177185,0.0007464154718239413,845.0,,,,,,,,,,,,,,0.387295765255085,,,,,0.030583247542381287,5.790805153083056e-05
,imappo,,,,845.0,0.0,0.0,0.00289540254016174,0.0,0.0,0.0,0.0,0.00289540254016174,0.0,0.0,0.0,0.0,0.0,,,,,,,
-0.006623927969485521,imappo,5.8553577986231176e-08,-0.4671807885169983,0.0007461153717905969,846.0,,,,,,,,,,,,,,0.3871623874624875,,,,,0.03202671557664871,6.218239286681637e-05
,imappo,,,,846.0,0.0,0.0,0.0031091199234651867,0.0,0.0,0.0,0.0,0.0031091199234651867,0.0,0.0,0.0,0.0,0.0,,,,,,,
-0.003968898206949234,imappo,2.3100866997083358e-08,-0.9002163410186768,0.0007458152717572525,847.0,,,,,,,,,,,,,,0.38702900966988996,,,,,0.028827622532844543,6.060184387024492e-05
,imappo,,,,847.0,0.0,0.0,0.003030092135304585,0.0,0.0,0.0,0.0,0.003030092135304585,0.0,0.0,0.0,0.0,0.0,,,,,,,
-0.0011481869732961059,imappo,7.68879271362266e-09,-0.9014484882354736,0.0007455151717239081,848.0,,,,,,,,,,,,,,0.3868956318772924,,,,,0.028196267783641815,6.012122321408242e-05
,imappo,,,,848.0,0.0,0.0,0.0030060608478379436,0.0,0.0,0.0,0.0,0.0030060608478379436,0.0,0.0,0.0,0.0,0.0,,,,,,,
0.0016050091944634914,imappo,1.8119727940302255e-08,-0.7891210913658142,0.0007452150716905635,849.0,,,,,,,,,,,,,,0.3867622540846949,,,,,0.031361863017082214,6.901932647451758e-05
,imappo,,,,849.0,0.0,0.0,0.0034509664328652434,0.0,0.0,0.0,0.0,0.0034509664328652434,0.0,0.0,0.0,0.0,0.0,,,,,,,
-0.0020744861103594303,imappo,2.9418220748311796e-08,-0.5310462713241577,0.000744914971657219,850.0,,,,,,,,,,,,,,0.38662887629209736,,,,,0.030988188460469246,5.918022361584008e-05
,imappo,,,,850.0,0.0,0.0,0.0029590111153083853,0.0,0.0,0.0,0.0,0.0029590111153083853,0.0,0.0,0.0,0.0,0.0,,,,,,,
-0.002255063271149993,imappo,1.3748140759162197e-07,-0.7740646004676819,0.0007446148716238746,851.0,,,,,,,,,,,,,,0.3864954984994998,,,,,0.030193058773875237,6.616463360842317e-05
,imappo,,,,851.0,0.0,0.0,0.0033082319059758447,0.0,0.0,0.0,0.0,0.0033082319059758447,0.0,0.0,0.0,0.0,0.0,,,,,,,
-0.016855429857969284,imappo,1.5447000123458565e-07,-0.33503755927085876,0.0007443147715905302,852.0,,,,,,,,,,,,,,0.3863621207069023,,,,,0.029486559331417084,5.627092104987241e-05
,imappo,,,,852.0,0.0,0.0,0.002813545910612447,0.0,0.0,0.0,0.0,0.002813545910612447,0.0,0.0,0.0,0.0,0.0,,,,,,,
-0.008143964223563671,imappo,1.0310125020396299e-07,-0.299744188785553,0.0007440146715571858,853.0,,,,,,,,,,,,,,0.38622874291430476,,,,,0.030412841588258743,5.6223747378680855e-05
,imappo,,,,853.0,0.0,0.0,0.002811187536281068,0.0,0.0,0.0,0.0,0.002811187536281068,0.0,0.0,0.0,0.0,0.0,,,,,,,
-0.003905844409018755,imappo,1.1004720334995e-07,-0.24969469010829926,0.0007437145715238413,854.0,,,,,,,,,,,,,,0.3860953651217072,,,,,0.02871183678507805,5.586953193414956e-05
,imappo,,,,854.0,0.0,0.0,0.0027934765930694994,0.0,0.0,0.0,0.0,0.0027934765930694994,0.0,0.0,0.0,0.0,0.0,,,,,,,
-0.0011343869846314192,imappo,1.0515981330172508e-07,-0.23024548590183258,0.0007434144714904969,855.0,,,,,,,,,,,,,,0.3859619873291097,,,,,0.027871698141098022,5.535648961085826e-05
,imappo,,,,855.0,0.0,0.0,0.0027678247788571753,0.0,0.0,0.0,0.0,0.0027678247788571753,0.0,0.0,0.0,0.0,0.0,,,,,,,
-0.005479440558701754,imappo,8.666572881566026e-08,-0.10384047776460648,0.0007431143714571524,856.0,,,,,,,,,,,,,,0.38582860953651216,,,,,0.031415317207574844,6.108726665843278e-05
,imappo,,,,856.0,0.0,0.0,0.0030543633074557874,0.0,0.0,0.0,0.0,0.0030543633074557874,0.0,0.0,0.0,0.0,0.0,,,,,,,
-0.00422409363090992,imappo,2.7688020765026522e-08,-0.09590494632720947,0.000742814271423808,857.0,,,,,,,,,,,,,,0.3856952317439146,,,,,0.030855802819132805,6.0982772993156686e-05
,imappo,,,,857.0,0.0,0.0,0.0030491387042275164,0.0,0.0,0.0,0.0,0.0030491387042275164,0.0,0.0,0.0,0.0,0.0,,,,,,,
0.0005226650973781943,imappo,1.6972729000030995e-08,-0.3405429422855377,0.0007425141713904636,858.0,,,,,,,,,,,,,,0.3855618539513171,,,,,0.02754868194460869,5.616787530016154e-05
,imappo,,,,858.0,0.0,0.0,0.0028083935922040837,0.0,0.0,0.0,0.0,0.0028083935922040837,0.0,0.0,0.0,0.0,0.0,,,,,,,
-0.007851378992199898,imappo,3.2878826772275715e-08,0.058824244886636734,0.0007422140713571192,859.0,,,,,,,,,,,,,,0.38542847615871956,,,,,0.034205399453639984,6.282071262830868e-05
,imappo,,,,859.0,0.0,0.0,0.0031410354567924514,0.0,0.0,0.0,0.0,0.0031410354567924514,0.0,0.0,0.0,0.0,0.0,,,,,,,
-0.004062063526362181,imappo,1.872383492695917e-08,0.0009286029962822795,0.0007419139713237745,860.0,,,,,,,,,,,,,,0.385295098366122,,,,,0.030044440180063248,5.243306077318266e-05
,imappo,,,,860.0,0.0,0.0,0.0026216531769023277,0.0,0.0,0.0,0.0,0.0026216531769023277,0.0,0.0,0.0,0.0,0.0,,,,,,,
-0.0018353152554482222,imappo,2.5855969809640555e-08,-0.15315917134284973,0.0007416138712904301,861.0,,,,,,,,,,,,,,0.3851617205735245,,,,,0.030711635947227478,5.581030927714892e-05
,imappo,,,,861.0,0.0,0.0,0.0027905155511689372,0.0,0.0,0.0,0.0,0.0027905155511689372,0.0,0.0,0.0,0.0,0.0,,,,,,,
-0.0013840212486684322,imappo,8.756541092225234e-08,-0.49023351073265076,0.0007413137712570857,862.0,,,,,,,,,,,,,,0.38502834278092696,,,,,0.02977500855922699,6.390736234607175e-05
,imappo,,,,862.0,0.0,0.0,0.0031953682700986974,0.0,0.0,0.0,0.0,0.0031953682700986974,0.0,0.0,0.0,0.0,0.0,,,,,,,
-0.004269493278115988,imappo,3.5834784739563474e-07,-0.2849048972129822,0.0007410136712237413,863.0,,,,,,,,,,,,,,0.3848949649883294,,,,,0.02898743748664856,5.5511583923362195e-05
,imappo,,,,863.0,0.0,0.0,0.002775579319859389,0.0,0.0,0.0,0.0,0.002775579319859389,0.0,0.0,0.0,0.0,0.0,,,,,,,
-0.0017448131693527102,imappo,6.161844225971436e-07,-0.2562580704689026,0.0007407135711903968,864.0,,,,,,,,,,,,,,0.3847615871957319,,,,,0.029734142124652863,6.0769434639951214e-05
,imappo,,,,864.0,0.0,0.0,0.0030384716083062813,0.0,0.0,0.0,0.0,0.0030384716083062813,0.0,0.0,0.0,0.0,0.0,,,,,,,
-0.0062614078633487225,imappo,4.236661936829478e-07,-0.22593268752098083,0.0007404134711570524,865.0,,,,,,,,,,,,,,0.38462820940313436,,,,,0.030351832509040833,5.635835987050086e-05
,imappo,,,,865.0,0.0,0.0,0.0028179181790619623,0.0,0.0,0.0,0.0,0.0028179181790619623,0.0,0.0,0.0,0.0,0.0,,,,,,,
0.0001947499404195696,imappo,1.5311078982449544e-07,-0.37118464708328247,0.0007401133711237079,866.0,,,,,,,,,,,,,,0.3844948316105368,,,,,0.029100092127919197,5.758213228546083e-05
,imappo,,,,866.0,0.0,0.0,0.002879106777982088,0.0,0.0,0.0,0.0,0.002879106777982088,0.0,0.0,0.0,0.0,0.0,,,,,,,
-0.003947610501199961,imappo,3.033926248008356e-07,-0.06411097943782806,0.0007398132710903635,867.0,,,,,,,,,,,,,,0.3843614538179393,,,,,0.02928002178668976,5.711879930458963e-05
,imappo,,,,867.0,0.0,0.0,0.0028559402126120403,0.0,0.0,0.0,0.0,0.0028559402126120403,0.0,0.0,0.0,0.0,0.0,,,,,,,
-0.00580811919644475,imappo,1.034772409980178e-07,0.11899066716432571,0.000739513171057019,868.0,,,,,,,,,,,,,,0.3842280760253418,,,,,0.028762979432940483,5.388756835600361e-05
,imappo,,,,868.0,0.0,0.0,0.0026943784760078415,0.0,0.0,0.0,0.0,0.0026943784760078415,0.0,0.0,0.0,0.0,0.0,,,,,,,
0.0037321308627724648,imappo,5.403673952741883e-08,-0.22352147102355957,0.0007392130710236746,869.0,,,,,,,,,,,,,,0.3840946982327442,,,,,0.033922359347343445,6.358404061757028e-05
,imappo,,,,869.0,0.0,0.0,0.0031792021218279842,0.0,0.0,0.0,0.0,0.0031792021218279842,0.0,0.0,0.0,0.0,0.0,,,,,,,
0.0022925124503672123,imappo,3.4633035994602324e-08,-0.23896987736225128,0.0007389129709903302,870.0,,,,,,,,,,,,,,0.38396132044014675,,,,,0.03241157531738281,6.282671529334038e-05
,imappo,,,,870.0,0.0,0.0,0.0031413356300618034,0.0,0.0,0.0,0.0,0.0031413356300618034,0.0,0.0,0.0,0.0,0.0,,,,,,,
-0.008912716060876846,imappo,2.458198267163425e-08,-0.13991069793701172,0.0007386128709569856,871.0,,,,,,,,,,,,,,0.38382794264754916,,,,,0.029854610562324524,5.4620028095087036e-05
,imappo,,,,871.0,0.0,0.0,0.002731001644860953,0.0,0.0,0.0,0.0,0.002731001644860953,0.0,0.0,0.0,0.0,0.0,,,,,,,
0.005564040504395962,imappo,4.405125864082038e-08,-0.23305749893188477,0.0007383127709236412,872.0,,,,,,,,,,,,,,0.3836945648549517,,,,,0.03154802694916725,6.223681702977046e-05
,imappo,,,,872.0,0.0,0.0,0.0031118406986934133,0.0,0.0,0.0,0.0,0.0031118406986934133,0.0,0.0,0.0,0.0,0.0,,,,,,,
-0.009312756359577179,imappo,3.105434842609611e-08,-0.10935274511575699,0.0007380126708902968,873.0,,,,,,,,,,,,,,0.3835611870623541,,,,,0.02812950685620308,5.474864155985415e-05
,imappo,,,,873.0,0.0,0.0,0.002737431783316424,0.0,0.0,0.0,0.0,0.002737431783316424,0.0,0.0,0.0,0.0,0.0,,,,,,,
-0.0011729891411960125,imappo,7.743388152903208e-08,-0.002112763002514839,0.0007377125708569524,874.0,,,,,,,,,,,,,,0.3834278092697566,,,,,0.0321805402636528,5.96623431192711e-05
,imappo,,,,874.0,0.0,0.0,0.0029831170759280212,0.0,0.0,0.0,0.0,0.0029831170759280212,0.0,0.0,0.0,0.0,0.0,,,,,,,
-0.0019397556316107512,imappo,9.021813696108438e-08,-0.4646016061306,0.0007374124708236079,875.0,,,,,,,,,,,,,,0.383294431477159,,,,,0.029720893129706383,6.45215914119035e-05
,imappo,,,,875.0,0.0,0.0,0.0032260796797345392,0.0,0.0,0.0,0.0,0.0032260796797345392,0.0,0.0,0.0,0.0,0.0,,,,,,,
-0.005686930380761623,imappo,1.1700055324581626e-07,-0.18779408931732178,0.0007371123707902635,876.0,,,,,,,,,,,,,,0.38316105368456155,,,,,0.02865060791373253,5.8055527915712446e-05
,imappo,,,,876.0,0.0,0.0,0.0029027764649072196,0.0,0.0,0.0,0.0,0.0029027764649072196,0.0,0.0,0.0,0.0,0.0,,,,,,,
-0.0053734020330011845,imappo,4.427827349218205e-08,-0.4406091272830963,0.0007368122707569189,877.0,,,,,,,,,,,,,,0.38302767589196396,,,,,0.02886521816253662,6.410497007891536e-05
,imappo,,,,877.0,0.0,0.0,0.0032052484530140646,0.0,0.0,0.0,0.0,0.0032052484530140646,0.0,0.0,0.0,0.0,0.0,,,,,,,
0.001809663139283657,imappo,3.9237466609165494e-08,-0.4072997570037842,0.0007365121707235745,878.0,,,,,,,,,,,,,,0.3828942980993665,,,,,0.02803906425833702,6.353077333187684e-05
,imappo,,,,878.0,0.0,0.0,0.0031765388885105494,0.0,0.0,0.0,0.0,0.0031765388885105494,0.0,0.0,0.0,0.0,0.0,,,,,,,
0.0011917254887521267,imappo,6.738989100085746e-08,0.2488071769475937,0.0007362120706902301,879.0,,,,,,,,,,,,,,0.3827609203067689,,,,,0.034398067742586136,6.306323484750465e-05
,imappo,,,,879.0,0.0,0.0,0.0031531618842564058,0.0,0.0,0.0,0.0,0.0031531618842564058,0.0,0.0,0.0,0.0,0.0,,,,,,,
-0.004998394288122654,imappo,5.448723072731809e-08,0.13622991740703583,0.0007359119706568857,880.0,,,,,,,,,,,,,,0.3826275425141714,,,,,0.029158001765608788,5.272058479022235e-05
,imappo,,,,880.0,0.0,0.0,0.0026360293304605875,0.0,0.0,0.0,0.0,0.0026360293304605875,0.0,0.0,0.0,0.0,0.0,,,,,,,
-0.0034124054946005344,imappo,1.8206565144396336e-08,-0.1500799059867859,0.0007356118706235412,881.0,,,,,,,,,,,,,,0.3824941647215738,,,,,0.03136853128671646,5.441967732622288e-05
,imappo,,,,881.0,0.0,0.0,0.0027209841937292367,0.0,0.0,0.0,0.0,0.0027209841937292367,0.0,0.0,0.0,0.0,0.0,,,,,,,
-0.006580492481589317,imappo,5.104470446326559e-08,-0.16196922957897186,0.0007353117705901967,882.0,,,,,,,,,,,,,,0.38236078692897635,,,,,0.0307242963463068,5.427288851933554e-05
,imappo,,,,882.0,0.0,0.0,0.00271364453874412,0.0,0.0,0.0,0.0,0.00271364453874412,0.0,0.0,0.0,0.0,0.0,,,,,,,
-0.0013602901017293334,imappo,9.916509213780955e-08,-0.4869695007801056,0.0007350116705568523,883.0,,,,,,,,,,,,,,0.3822274091363788,,,,,0.02681685984134674,6.127709639258683e-05
,imappo,,,,883.0,0.0,0.0,0.0030638547468697652,0.0,0.0,0.0,0.0,0.0030638547468697652,0.0,0.0,0.0,0.0,0.0,,,,,,,
-0.004314826801419258,imappo,4.317045636526018e-07,-0.20911575853824615,0.0007347115705235079,884.0,,,,,,,,,,,,,,0.3820940313437813,,,,,0.03651517629623413,6.90341621520929e-05
,imappo,,,,884.0,0.0,0.0,0.0034517080239311326,0.0,0.0,0.0,0.0,0.0034517080239311326,0.0,0.0,0.0,0.0,0.0,,,,,,,
-0.0030233084689825773,imappo,1.0737167031038553e-06,0.006090659182518721,0.0007344114704901635,885.0,,,,,,,,,,,,,,0.38196065355118375,,,,,0.03137786686420441,5.6165816204156727e-05
,imappo,,,,885.0,0.0,0.0,0.0028082907920179423,0.0,0.0,0.0,0.0,0.0028082907920179423,0.0,0.0,0.0,0.0,0.0,,,,,,,
-0.005292472429573536,imappo,8.469014005640929e-07,-0.07143320888280869,0.0007341113704568189,886.0,,,,,,,,,,,,,,0.3818272757585862,,,,,0.029287884011864662,5.542698272620328e-05
,imappo,,,,886.0,0.0,0.0,0.002771349172689952,0.0,0.0,0.0,0.0,0.002771349172689952,0.0,0.0,0.0,0.0,0.0,,,,,,,
-0.0018409595359116793,imappo,4.2965794477822783e-07,-0.19575373828411102,0.0007338112704234745,887.0,,,,,,,,,,,,,,0.3816938979659887,,,,,0.03176845610141754,6.073531767469831e-05
,imappo,,,,887.0,0.0,0.0,0.003036765927390661,0.0,0.0,0.0,0.0,0.003036765927390661,0.0,0.0,0.0,0.0,0.0,,,,,,,
-0.005393585190176964,imappo,6.493339128610387e-07,-0.11607189476490021,0.00073351117039013,888.0,,,,,,,,,,,,,,0.38156052017339115,,,,,0.030782898887991905,6.182098150020465e-05
,imappo,,,,888.0,0.0,0.0,0.0030910487184883095,0.0,0.0,0.0,0.0,0.0030910487184883095,0.0,0.0,0.0,0.0,0.0,,,,,,,
-0.002398441545665264,imappo,1.3480035931934253e-06,-0.045116472989320755,0.0007332110703567856,889.0,,,,,,,,,,,,,,0.3814271423807936,,,,,0.03138279914855957,5.525625601876527e-05
,imappo,,,,889.0,0.0,0.0,0.002762813162917155,0.0,0.0,0.0,0.0,0.002762813162917155,0.0,0.0,0.0,0.0,0.0,,,,,,,
-0.004375607240945101,imappo,1.1327944093864062e-06,-0.2630971372127533,0.0007329109703234412,890.0,,,,,,,,,,,,,,0.3812937645881961,,,,,0.030133310705423355,5.5749067541910335e-05
,imappo,,,,890.0,0.0,0.0,0.0027874532534042373,0.0,0.0,0.0,0.0,0.0027874532534042373,0.0,0.0,0.0,0.0,0.0,,,,,,,
0.001315759727731347,imappo,1.2515665730461478e-06,-0.3018544912338257,0.0007326108702900968,891.0,,,,,,,,,,,,,,0.38116038679559855,,,,,0.02933119237422943,5.825663902214728e-05
,imappo,,,,891.0,0.0,0.0,0.0029128318710718304,0.0,0.0,0.0,0.0,0.0029128318710718304,0.0,0.0,0.0,0.0,0.0,,,,,,,
-0.004211927764117718,imappo,2.4032047463151684e-07,-0.6437785625457764,0.0007323107702567523,892.0,,,,,,,,,,,,,,0.381027009003001,,,,,0.028592102229595184,5.869379674550146e-05
,imappo,,,,892.0,0.0,0.0,0.002934689757239539,0.0,0.0,0.0,0.0,0.002934689757239539,0.0,0.0,0.0,0.0,0.0,,,,,,,
-0.005288733635097742,imappo,1.6264997384496382e-06,-0.23295751214027405,0.0007320106702234078,893.0,,,,,,,,,,,,,,0.3808936312104035,,,,,0.03021463379263878,5.964769661659375e-05
,imappo,,,,893.0,0.0,0.0,0.0029823847944498993,0.0,0.0,0.0,0.0,0.0029823847944498993,0.0,0.0,0.0,0.0,0.0,,,,,,,
-0.005059514194726944,imappo,2.716803010116564e-06,0.031167462468147278,0.0007317105701900633,894.0,,,,,,,,,,,,,,0.38076025341780595,,,,,0.030064642429351807,5.3224026487441733e-05
,imappo,,,,894.0,0.0,0.0,0.0026612016172293806,0.0,0.0,0.0,0.0,0.0026612016172293806,0.0,0.0,0.0,0.0,0.0,,,,,,,
-0.004000649321824312,imappo,1.0338776519347448e-06,-0.26590457558631897,0.0007314104701567189,895.0,,,,,,,,,,,,,,0.3806268756252084,,,,,0.02906603179872036,5.886016515432857e-05
,imappo,,,,895.0,0.0,0.0,0.002943008232250577,0.0,0.0,0.0,0.0,0.002943008232250577,0.0,0.0,0.0,0.0,0.0,,,,,,,
-0.006575445178896189,imappo,8.300347644762951e-07,0.025798218324780464,0.0007311103701233745,896.0,,,,,,,,,,,,,,0.3804934978326109,,,,,0.02912939339876175,5.125830284669064e-05
,imappo,,,,896.0,0.0,0.0,0.002562915227827034,0.0,0.0,0.0,0.0,0.002562915227827034,0.0,0.0,0.0,0.0,0.0,,,,,,,
-0.00788721814751625,imappo,5.552355446525326e-07,-0.11433330178260803,0.00073081027009003,897.0,,,,,,,,,,,,,,0.38036012004001335,,,,,0.029294468462467194,5.4720916523365304e-05
,imappo,,,,897.0,0.0,0.0,0.0027360458916518837,0.0,0.0,0.0,0.0,0.0027360458916518837,0.0,0.0,0.0,0.0,0.0,,,,,,,
-0.009425263851881027,imappo,4.400998250275734e-07,-0.17178738117218018,0.0007305101700566855,898.0,,,,,,,,,,,,,,0.3802267422474158,,,,,0.0322176031768322,6.187867984408513e-05
,imappo,,,,898.0,0.0,0.0,0.0030939342177589424,0.0,0.0,0.0,0.0,0.0030939342177589424,0.0,0.0,0.0,0.0,0.0,,,,,,,
-0.01050455030053854,imappo,4.740327597119176e-07,-0.18217404186725616,0.0007302100700233411,899.0,,,,,,,,,,,,,,0.3800933644548183,,,,,0.031664468348026276,6.160765769891441e-05
,imappo,,,,899.0,0.0,0.0,0.0030803829358774237,0.0,0.0,0.0,0.0,0.0030803829358774237,0.0,0.0,0.0,0.0,0.0,,,,,,,
,imappo,,,,899.0,,,,,,,,,,,,,,,0.0,0.0,0.0,0.0,,
0.0021196347661316395,imappo,3.378774522388994e-07,-0.06033901125192642,0.0007299099699899967,900.0,,,,,,,,,,,,,,0.37995998666222075,,,,,0.030951770022511482,6.18371632299386e-05
,imappo,,,,900.0,0.0,0.0,0.003091858288826188,0.0,0.0,0.0,0.0,0.003091858288826188,0.0,0.0,0.0,0.0,0.0,,,,,,,
-0.005730637349188328,imappo,6.532217184940237e-07,-0.09808603674173355,0.0007296098699566523,901.0,,,,,,,,,,,,,,0.3798266088696232,,,,,0.0303085558116436,5.4380721849156544e-05
,imappo,,,,901.0,0.0,0.0,0.0027190358559892047,0.0,0.0,0.0,0.0,0.0027190358559892047,0.0,0.0,0.0,0.0,0.0,,,,,,,
-0.008255161345005035,imappo,3.916899231626303e-07,-0.058869875967502594,0.0007293097699233079,902.0,,,,,,,,,,,,,,0.3796932310770257,,,,,0.02980354055762291,5.212057294556871e-05
,imappo,,,,902.0,0.0,0.0,0.002606028807349503,0.0,0.0,0.0,0.0,0.002606028807349503,0.0,0.0,0.0,0.0,0.0,,,,,,,
-0.001987024210393429,imappo,7.972774085374112e-08,0.15841171145439148,0.0007290096698899634,903.0,,,,,,,,,,,,,,0.37955985328442815,,,,,0.02888193354010582,5.0923892558785155e-05
,imappo,,,,903.0,0.0,0.0,0.0025461948389420286,0.0,0.0,0.0,0.0,0.0025461948389420286,0.0,0.0,0.0,0.0,0.0,,,,,,,
-0.0011156945256516337,imappo,1.0554163765164049e-07,-0.1611088514328003,0.0007287095698566189,904.0,,,,,,,,,,,,,,0.3794264754918306,,,,,0.03378269076347351,6.51667796773836e-05
,imappo,,,,904.0,0.0,0.0,0.003258339060266735,0.0,0.0,0.0,0.0,0.003258339060266735,0.0,0.0,0.0,0.0,0.0,,,,,,,
-0.00366199784912169,imappo,1.9818692464923515e-08,-0.1612558662891388,0.0007284094698232744,905.0,,,,,,,,,,,,,,0.3792930976992331,,,,,0.030289296060800552,5.890150714549236e-05
,imappo,,,,905.0,0.0,0.0,0.002945075397292385,0.0,0.0,0.0,0.0,0.002945075397292385,0.0,0.0,0.0,0.0,0.0,,,,,,,
-0.00711734127253294,imappo,2.2059357007719882e-08,-0.253303200006485,0.00072810936978993,906.0,,,,,,,,,,,,,,0.37915971990663555,,,,,0.028573665767908096,5.642178075504489e-05
,imappo,,,,906.0,0.0,0.0,0.0028210891505295876,0.0,0.0,0.0,0.0,0.0028210891505295876,0.0,0.0,0.0,0.0,0.0,,,,,,,
-0.001403414411470294,imappo,3.19492201583671e-08,-0.09333084523677826,0.0007278092697565856,907.0,,,,,,,,,,,,,,0.379026342114038,,,,,0.028022676706314087,5.008910738979466e-05
,imappo,,,,907.0,0.0,0.0,0.0025044554422493093,0.0,0.0,0.0,0.0,0.0025044554422493093,0.0,0.0,0.0,0.0,0.0,,,,,,,
-0.008663326501846313,imappo,2.472758531268937e-08,-0.33437463641166687,0.0007275091697232411,908.0,,,,,,,,,,,,,,0.3788929643214405,,,,,0.02932610735297203,5.959019472356886e-05
,imappo,,,,908.0,0.0,0.0,0.0029795098926115315,0.0,0.0,0.0,0.0,0.0029795098926115315,0.0,0.0,0.0,0.0,0.0,,,,,,,
-0.002609661780297756,imappo,2.6212134685010824e-08,0.05176857113838196,0.0007272090696898966,909.0,,,,,,,,,,,,,,0.37875958652884295,,,,,0.03440213203430176,6.775079964427277e-05
,imappo,,,,909.0,0.0,0.0,0.0033875401131808758,0.0,0.0,0.0,0.0,0.0033875401131808758,0.0,0.0,0.0,0.0,0.0,,,,,,,
-0.0038771284744143486,imappo,2.1845744413440116e-07,-0.23436981439590454,0.0007269089696565522,910.0,,,,,,,,,,,,,,0.3786262087362454,,,,,0.035549454391002655,7.048524275887758e-05
,imappo,,,,910.0,0.0,0.0,0.0035242622034274973,0.0,0.0,0.0,0.0,0.0035242622034274973,0.0,0.0,0.0,0.0,0.0,,,,,,,
-0.005763054825365543,imappo,1.9388821215216012e-07,-0.26497936248779297,0.0007266088696232078,911.0,,,,,,,,,,,,,,0.3784928309436479,,,,,0.028281714767217636,5.771074575022794e-05
,imappo,,,,911.0,0.0,0.0,0.002885537480324274,0.0,0.0,0.0,0.0,0.002885537480324274,0.0,0.0,0.0,0.0,0.0,,,,,,,
-0.002565662143751979,imappo,7.275305335951998e-08,-0.19129496812820435,0.0007263087695898634,912.0,,,,,,,,,,,,,,0.37835945315105035,,,,,0.03417172655463219,6.771896732971072e-05
,imappo,,,,912.0,0.0,0.0,0.0033859482027764898,0.0,0.0,0.0,0.0,0.0033859482027764898,0.0,0.0,0.0,0.0,0.0,,,,,,,
-0.007717675995081663,imappo,6.394942886345234e-08,0.07030707597732544,0.0007260086695565188,913.0,,,,,,,,,,,,,,0.3782260753584528,,,,,0.031198136508464813,6.0288148233667016e-05
,imappo,,,,913.0,0.0,0.0,0.003014407426235266,0.0,0.0,0.0,0.0,0.003014407426235266,0.0,0.0,0.0,0.0,0.0,,,,,,,
-0.007496795151382685,imappo,4.6116319651900994e-08,-0.18160571157932281,0.0007257085695231744,914.0,,,,,,,,,,,,,,0.3780926975658553,,,,,0.03264279663562775,6.673228199360892e-05
,imappo,,,,914.0,0.0,0.0,0.0033366140742145944,0.0,0.0,0.0,0.0,0.0033366140742145944,0.0,0.0,0.0,0.0,0.0,,,,,,,
-0.0002755891182459891,imappo,3.864066400183219e-08,-0.16576328873634338,0.00072540846948983,915.0,,,,,,,,,,,,,,0.37795931977325775,,,,,0.03186632692813873,6.597611354663968e-05
,imappo,,,,915.0,0.0,0.0,0.0032988054081215523,0.0,0.0,0.0,0.0,0.0032988054081215523,0.0,0.0,0.0,0.0,0.0,,,,,,,
-0.005387169774621725,imappo,5.611061482113655e-08,0.11935680359601974,0.0007251083694564855,916.0,,,,,,,,,,,,,,0.3778259419806602,,,,,0.03004368767142296,5.9825455537065864e-05
,imappo,,,,916.0,0.0,0.0,0.002991272991494043,0.0,0.0,0.0,0.0,0.002991272991494043,0.0,0.0,0.0,0.0,0.0,,,,,,,
0.0008754458976909518,imappo,1.250313630407618e-07,-0.15255577862262726,0.0007248082694231411,917.0,,,,,,,,,,,,,,0.3776925641880627,,,,,0.031899914145469666,5.824374966323376e-05
,imappo,,,,917.0,0.0,0.0,0.00291218738493626,0.0,0.0,0.0,0.0,0.00291218738493626,0.0,0.0,0.0,0.0,0.0,,,,,,,
-0.008900810033082962,imappo,8.81887984860441e-08,-0.1732015162706375,0.0007245081693897967,918.0,,,,,,,,,,,,,,0.37755918639546515,,,,,0.030109435319900513,5.600109216175042e-05
,imappo,,,,918.0,0.0,0.0,0.002800054742692737,0.0,0.0,0.0,0.0,0.002800054742692737,0.0,0.0,0.0,0.0,0.0,,,,,,,
0.0005249260575510561,imappo,3.8688575898504496e-08,-0.05443406477570534,0.0007242080693564522,919.0,,,,,,,,,,,,,,0.3774258086028676,,,,,0.030774695798754692,5.514185977517627e-05
,imappo,,,,919.0,0.0,0.0,0.0027570928068598732,0.0,0.0,0.0,0.0,0.0027570928068598732,0.0,0.0,0.0,0.0,0.0,,,,,,,
-0.0004536958585958928,imappo,1.8208465846214494e-08,-0.12730391323566437,0.0007239079693231077,920.0,,,,,,,,,,,,,,0.3772924308102701,,,,,0.03282049298286438,6.434904207708314e-05
,imappo,,,,920.0,0.0,0.0,0.003217451994714793,0.0,0.0,0.0,0.0,0.003217451994714793,0.0,0.0,0.0,0.0,0.0,,,,,,,
-0.005511024035513401,imappo,1.9811857043805503e-08,0.11507474631071091,0.0007236078692897632,921.0,,,,,,,,,,,,,,0.37715905301767255,,,,,0.029995739459991455,5.4185566114028916e-05
,imappo,,,,921.0,0.0,0.0,0.00270927838391799,0.0,0.0,0.0,0.0,0.00270927838391799,0.0,0.0,0.0,0.0,0.0,,,,,,,
0.0017216616543009877,imappo,2.8540567242885118e-08,-0.5312095284461975,0.0007233077692564188,922.0,,,,,,,,,,,,,,0.377025675225075,,,,,0.02857416868209839,5.840137237100862e-05
,imappo,,,,922.0,0.0,0.0,0.0029200685312389396,0.0,0.0,0.0,0.0,0.0029200685312389396,0.0,0.0,0.0,0.0,0.0,,,,,,,
-0.00483625428751111,imappo,1.265094766722541e-07,0.11913605779409409,0.0007230076692230744,923.0,,,,,,,,,,,,,,0.3768922974324775,,,,,0.030912544578313828,5.6032571592368186e-05
,imappo,,,,923.0,0.0,0.0,0.0028016286159981973,0.0,0.0,0.0,0.0,0.0028016286159981973,0.0,0.0,0.0,0.0,0.0,,,,,,,
-0.003592021530494094,imappo,7.817320835101782e-08,-0.1509077399969101,0.0007227075691897299,924.0,,,,,,,,,,,,,,0.37675891963987995,,,,,0.029948744922876358,6.0883801779709756e-05
,imappo,,,,924.0,0.0,0.0,0.003044190121727297,0.0,0.0,0.0,0.0,0.003044190121727297,0.0,0.0,0.0,0.0,0.0,,,,,,,
-0.0015338308876380324,imappo,1.2031392770950333e-07,-0.1345701813697815,0.0007224074691563855,925.0,,,,,,,,,,,,,,0.3766255418472824,,,,,0.028780391439795494,5.76636302866973e-05
,imappo,,,,925.0,0.0,0.0,0.002883181565266568,0.0,0.0,0.0,0.0,0.002883181565266568,0.0,0.0,0.0,0.0,0.0,,,,,,,
-0.007479608058929443,imappo,8.32289259733443e-08,0.2573074698448181,0.000722107369123041,926.0,,,,,,,,,,,,,,0.3764921640546849,,,,,0.02960951067507267,5.221319952397607e-05
,imappo,,,,926.0,0.0,0.0,0.002610659877973376,0.0,0.0,0.0,0.0,0.002610659877973376,0.0,0.0,0.0,0.0,0.0,,,,,,,
-0.009307160042226315,imappo,7.367461307694612e-08,0.25930431485176086,0.0007218072690896966,927.0,,,,,,,,,,,,,,0.37635878626208735,,,,,0.028947699815034866,5.376955959945917e-05
,imappo,,,,927.0,0.0,0.0,0.002688478012714768,0.0,0.0,0.0,0.0,0.002688478012714768,0.0,0.0,0.0,0.0,0.0,,,,,,,
-0.007521213963627815,imappo,4.9100364662990614e-08,-0.1517452597618103,0.0007215071690563522,928.0,,,,,,,,,,,,,,0.3762254084694898,,,,,0.029265861958265305,5.440445966087282e-05
,imappo,,,,928.0,0.0,0.0,0.0027202231067349203,0.0,0.0,0.0,0.0,0.0027202231067349203,0.0,0.0,0.0,0.0,0.0,,,,,,,
-0.004073013551533222,imappo,7.039162852606751e-08,-0.025356102734804153,0.0007212070690230078,929.0,,,,,,,,,,,,,,0.3760920306768923,,,,,0.02967420034110546,5.3768828365718946e-05
,imappo,,,,929.0,0.0,0.0,0.0026884414328378625,0.0,0.0,0.0,0.0,0.0026884414328378625,0.0,0.0,0.0,0.0,0.0,,,,,,,
-0.004407397471368313,imappo,8.488262182027029e-08,-0.17974689602851868,0.0007209069689896632,930.0,,,,,,,,,,,,,,0.37595865288429475,,,,,0.028579289093613625,5.656014764099382e-05
,imappo,,,,930.0,0.0,0.0,0.0028280075384827796,0.0,0.0,0.0,0.0,0.0028280075384827796,0.0,0.0,0.0,0.0,0.0,,,,,,,
-0.0018248610431328416,imappo,3.5860324487657635e-08,0.11675607413053513,0.0007206068689563187,931.0,,,,,,,,,,,,,,0.3758252750916972,,,,,0.02875644341111183,5.2480652811937034e-05
,imappo,,,,931.0,0.0,0.0,0.0026240326260449365,0.0,0.0,0.0,0.0,0.0026240326260449365,0.0,0.0,0.0,0.0,0.0,,,,,,,
-0.009360227733850479,imappo,4.7944595849003235e-08,-0.133356511592865,0.0007203067689229743,932.0,,,,,,,,,,,,,,0.3756918972990997,,,,,0.02973947301506996,6.062099782866426e-05
,imappo,,,,932.0,0.0,0.0,0.0030310500078485347,0.0,0.0,0.0,0.0,0.0030310500078485347,0.0,0.0,0.0,0.0,0.0,,,,,,,
-0.0009500425076112151,imappo,7.157835568705195e-08,-0.13189266622066498,0.0007200066688896299,933.0,,,,,,,,,,,,,,0.37555851950650215,,,,,0.03406279534101486,6.390163616742939e-05
,imappo,,,,933.0,0.0,0.0,0.003195082139427541,0.0,0.0,0.0,0.0,0.003195082139427541,0.0,0.0,0.0,0.0,0.0,,,,,,,
-0.002156555885449052,imappo,4.97190058013075e-08,0.2547473609447479,0.0007197065688562855,934.0,,,,,,,,,,,,,,0.3754251417139046,,,,,0.02757868357002735,5.088121542939916e-05
,imappo,,,,934.0,0.0,0.0,0.002544061229855288,0.0,0.0,0.0,0.0,0.002544061229855288,0.0,0.0,0.0,0.0,0.0,,,,,,,
-0.0004424711805768311,imappo,1.3223612427282205e-07,0.1306038796901703,0.000719406468822941,935.0,,,,,,,,,,,,,,0.3752917639213071,,,,,0.03347509354352951,6.53652532491833e-05
,imappo,,,,935.0,0.0,0.0,0.003268263055360876,0.0,0.0,0.0,0.0,0.003268263055360876,0.0,0.0,0.0,0.0,0.0,,,,,,,
-0.006152699235826731,imappo,1.7932505258499987e-08,-0.07184978574514389,0.0007191063687895966,936.0,,,,,,,,,,,,,,0.37515838612870955,,,,,0.03293551132082939,6.523789488710463e-05
,imappo,,,,936.0,0.0,0.0,0.0032618949517200235,0.0,0.0,0.0,0.0,0.0032618949517200235,0.0,0.0,0.0,0.0,0.0,,,,,,,
-0.0029507798608392477,imappo,6.580457778682103e-08,-0.05317991226911545,0.0007188062687562521,937.0,,,,,,,,,,,,,,0.375025008336112,,,,,0.032190952450037,6.446631596190855e-05
,imappo,,,,937.0,0.0,0.0,0.003223315845389152,0.0,0.0,0.0,0.0,0.003223315845389152,0.0,0.0,0.0,0.0,0.0,,,,,,,
-0.0017212986713275313,imappo,5.569342320654869e-08,-0.014088122174143791,0.0007185061687229077,938.0,,,,,,,,,,,,,,0.3748916305435145,,,,,0.031093407422304153,5.809576396131888e-05
,imappo,,,,938.0,0.0,0.0,0.002904787976149237,0.0,0.0,0.0,0.0,0.002904787976149237,0.0,0.0,0.0,0.0,0.0,,,,,,,
-0.0016293792286887765,imappo,0.005122350994497538,0.2769836187362671,0.0007182060686895632,939.0,,,,,,,,,,,,,,0.37475825275091695,,,,,0.029786227270960808,0.00672446982935071
,imappo,,,,939.0,0.0,0.0,0.3362234466112568,0.0,0.0,0.0,0.3333333432674408,0.002890123170800507,0.0,0.0,0.0,0.0,0.0,,,,,,,
-0.006385923363268375,imappo,0.00015454641834367067,0.12051904946565628,0.0007179059686562188,940.0,,,,,,,,,,,,,,0.3746248749583194,,,,,0.031861864030361176,6.238475179998204e-05
,imappo,,,,940.0,0.0,0.0,0.0031192375427053776,0.0,0.0,0.0,0.0,0.0031192375427053776,0.0,0.0,0.0,0.0,0.0,,,,,,,
-0.00040886003989726305,imappo,0.00020410607976373285,0.17994540929794312,0.0007176058686228743,941.0,,,,,,,,,,,,,,0.3744914971657219,,,,,0.028236009180545807,5.165233233128674e-05
,imappo,,,,941.0,0.0,0.0,0.0025826165092439624,0.0,0.0,0.0,0.0,0.0025826165092439624,0.0,0.0,0.0,0.0,0.0,,,,,,,
-0.018247995525598526,imappo,0.00010461205965839326,0.004542160779237747,0.0007173057685895298,942.0,,,,,,,,,,,,,,0.37435811937312435,,,,,0.032186560332775116,6.254453910514712e-05
,imappo,,,,942.0,0.0,0.0,0.0031272268970496953,0.0,0.0,0.0,0.0,0.0031272268970496953,0.0,0.0,0.0,0.0,0.0,,,,,,,
-0.0067634922452270985,imappo,8.049490133998916e-05,0.4202992022037506,0.0007170056685561854,943.0,,,,,,,,,,,,,,0.3742247415805268,,,,,0.034907884895801544,6.59922297927551e-05
,imappo,,,,943.0,0.0,0.0,0.003299611544207437,0.0,0.0,0.0,0.0,0.003299611544207437,0.0,0.0,0.0,0.0,0.0,,,,,,,
-0.006774093024432659,imappo,6.865348404971883e-05,-0.009485440328717232,0.000716705568522841,944.0,,,,,,,,,,,,,,0.3740913637879293,,,,,0.03198738396167755,6.078401565901004e-05
,imappo,,,,944.0,0.0,0.0,0.0030392008884518873,0.0,0.0,0.0,0.0,0.0030392008884518873,0.0,0.0,0.0,0.0,0.0,,,,,,,
-0.006628044880926609,imappo,2.1947458662907593e-05,0.13512155413627625,0.0007164054684894966,945.0,,,,,,,,,,,,,,0.3739579859953318,,,,,0.028761673718690872,5.352162406779826e-05
,imappo,,,,945.0,0.0,0.0,0.002676080821402138,0.0,0.0,0.0,0.0,0.002676080821402138,0.0,0.0,0.0,0.0,0.0,,,,,,,
-0.0010825449135154486,imappo,7.803184416843578e-06,0.1255272626876831,0.0007161053684561521,946.0,,,,,,,,,,,,,,0.3738246082027342,,,,,0.03252484276890755,6.159455369925126e-05
,imappo,,,,946.0,0.0,0.0,0.003079727477597771,0.0,0.0,0.0,0.0,0.003079727477597771,0.0,0.0,0.0,0.0,0.0,,,,,,,
-0.009547900408506393,imappo,4.1055536712519825e-06,0.023567859083414078,0.0007158052684228077,947.0,,,,,,,,,,,,,,0.37369123041013674,,,,,0.029988817870616913,5.712051279260777e-05
,imappo,,,,947.0,0.0,0.0,0.0028560257742356043,0.0,0.0,0.0,0.0,0.0028560257742356043,0.0,0.0,0.0,0.0,0.0,,,,,,,
-0.004998041316866875,imappo,2.589961013654829e-06,0.3619663119316101,0.0007155051683894631,948.0,,,,,,,,,,,,,,0.37355785261753915,,,,,0.029936283826828003,5.776989200967364e-05
,imappo,,,,948.0,0.0,0.0,0.0028884945677418727,0.0,0.0,0.0,0.0,0.0028884945677418727,0.0,0.0,0.0,0.0,0.0,,,,,,,
-0.009796841070055962,imappo,4.116033778700512e-06,0.3869602382183075,0.0007152050683561187,949.0,,,,,,,,,,,,,,0.3734244748249417,,,,,0.028836768120527267,5.220809907768853e-05
,imappo,,,,949.0,0.0,0.0,0.002610405266750604,0.0,0.0,0.0,0.0,0.002610405266750604,0.0,0.0,0.0,0.0,0.0,,,,,,,
-0.0037590295542031527,imappo,4.089810317964293e-06,0.34044697880744934,0.0007149049683227743,950.0,,,,,,,,,,,,,,0.3732910970323441,,,,,0.03091282956302166,6.0032565670553595e-05
,imappo,,,,950.0,0.0,0.0,0.00300162822168204,0.0,0.0,0.0,0.0,0.00300162822168204,0.0,0.0,0.0,0.0,0.0,,,,,,,
0.0024348520673811436,imappo,6.362762974276848e-07,0.17638850212097168,0.0007146048682894299,951.0,,,,,,,,,,,,,,0.3731577192397466,,,,,0.031467586755752563,6.122104969108477e-05
,imappo,,,,951.0,0.0,0.0,0.0030610522408096585,0.0,0.0,0.0,0.0,0.0030610522408096585,0.0,0.0,0.0,0.0,0.0,,,,,,,
-0.001125692273490131,imappo,2.925716671597911e-06,0.3469086289405823,0.0007143047682560854,952.0,,,,,,,,,,,,,,0.373024341447149,,,,,0.029908794909715652,5.858308941242285e-05
,imappo,,,,952.0,0.0,0.0,0.0029291546743479557,0.0,0.0,0.0,0.0,0.0029291546743479557,0.0,0.0,0.0,0.0,0.0,,,,,,,
-0.010242116637527943,imappo,5.25422308328416e-07,0.005587227176874876,0.0007140046682227409,953.0,,,,,,,,,,,,,,0.37289096365455154,,,,,0.03396518900990486,7.107094279490411e-05
,imappo,,,,953.0,0.0,0.0,0.0035535467377485475,0.0,0.0,0.0,0.0,0.0035535467377485475,0.0,0.0,0.0,0.0,0.0,,,,,,,
-0.005422438494861126,imappo,3.6265043945604702e-06,0.4759504795074463,0.0007137045681893965,954.0,,,,,,,,,,,,,,0.37275758586195396,,,,,0.028214458376169205,5.158544809091836e-05
,imappo,,,,954.0,0.0,0.0,0.0025792722990445327,0.0,0.0,0.0,0.0,0.0025792722990445327,0.0,0.0,0.0,0.0,0.0,,,,,,,
-0.004903528373688459,imappo,3.298822548458702e-07,0.3332296907901764,0.0007134044681560521,955.0,,,,,,,,,,,,,,0.3726242080693565,,,,,0.029608558863401413,5.427410360425711e-05
,imappo,,,,955.0,0.0,0.0,0.002713705016503809,0.0,0.0,0.0,0.0,0.002713705016503809,0.0,0.0,0.0,0.0,0.0,,,,,,,
-0.00500550027936697,imappo,5.019485911361699e-07,0.27834516763687134,0.0007131043681227077,956.0,,,,,,,,,,,,,,0.3724908302767589,,,,,0.03013615682721138,5.490394323715009e-05
,imappo,,,,956.0,0.0,0.0,0.002745197260082932,0.0,0.0,0.0,0.0,0.002745197260082932,0.0,0.0,0.0,0.0,0.0,,,,,,,
-0.004629896488040686,imappo,2.1716819276207389e-07,0.2827710807323456,0.0007128042680893631,957.0,,,,,,,,,,,,,,0.3723574524841614,,,,,0.030049342662096024,5.621727177640423e-05
,imappo,,,,957.0,0.0,0.0,0.00281086365430383,0.0,0.0,0.0,0.0,0.00281086365430383,0.0,0.0,0.0,0.0,0.0,,,,,,,
-0.009160343557596207,imappo,1.9032891884762648e-07,0.17873463034629822,0.0007125041680560186,958.0,,,,,,,,,,,,,,0.3722240746915638,,,,,0.029793187975883484,6.074194243410602e-05
,imappo,,,,958.0,0.0,0.0,0.003037097252672538,0.0,0.0,0.0,0.0,0.003037097252672538,0.0,0.0,0.0,0.0,0.0,,,,,,,
-0.009731263853609562,imappo,1.2959100104126264e-07,0.3790360689163208,0.0007122040680226742,959.0,,,,,,,,,,,,,,0.37209069689896634,,,,,0.028021598234772682,5.1864721172023565e-05
,imappo,,,,959.0,0.0,0.0,0.0025932359931175597,0.0,0.0,0.0,0.0,0.0025932359931175597,0.0,0.0,0.0,0.0,0.0,,,,,,,
-0.006060327403247356,imappo,5.361031298889429e-07,0.31874537467956543,0.0007119039679893298,960.0,,,,,,,,,,,,,,0.37195731910636876,,,,,0.030219852924346924,5.411092206486501e-05
,imappo,,,,960.0,0.0,0.0,0.0027055459104303736,0.0,0.0,0.0,0.0,0.0027055459104303736,0.0,0.0,0.0,0.0,0.0,,,,,,,
-0.013377049937844276,imappo,1.224747876449328e-07,0.1533251702785492,0.0007116038679559854,961.0,,,,,,,,,,,,,,0.3718239413137713,,,,,0.0327710397541523,6.461169687099755e-05
,imappo,,,,961.0,0.0,0.0,0.0032305847089446615,0.0,0.0,0.0,0.0,0.0032305847089446615,0.0,0.0,0.0,0.0,0.0,,,,,,,
-0.010661845095455647,imappo,8.430980074081162e-07,0.4189433157444,0.000711303767922641,962.0,,,,,,,,,,,,,,0.3716905635211737,,,,,0.030442511662840843,5.6746022892184556e-05
,imappo,,,,962.0,0.0,0.0,0.0028373013046802953,0.0,0.0,0.0,0.0,0.0028373013046802953,0.0,0.0,0.0,0.0,0.0,,,,,,,
-0.0026818758342415094,imappo,1.6418083248481707e-07,-0.0052927699871361256,0.0007110036678892965,963.0,,,,,,,,,,,,,,0.3715571857285762,,,,,0.03091439977288246,7.316158735193312e-05
,imappo,,,,963.0,0.0,0.0,0.0036580792657332495,0.0,0.0,0.0,0.0,0.0036580792657332495,0.0,0.0,0.0,0.0,0.0,,,,,,,
-0.005782820284366608,imappo,7.252685918501811e-07,0.36324968934059143,0.000710703567855952,964.0,,,,,,,,,,,,,,0.3714238079359786,,,,,0.027344442903995514,4.8867441364564e-05
,imappo,,,,964.0,0.0,0.0,0.0024433719117951114,0.0,0.0,0.0,0.0,0.0024433719117951114,0.0,0.0,0.0,0.0,0.0,,,,,,,
-0.0015301908133551478,imappo,5.450189064504229e-07,0.2725888192653656,0.0007104034678226076,965.0,,,,,,,,,,,,,,0.37129043014338114,,,,,0.032227419316768646,6.518325972137973e-05
,imappo,,,,965.0,0.0,0.0,0.0032591631497780327,0.0,0.0,0.0,0.0,0.0032591631497780327,0.0,0.0,0.0,0.0,0.0,,,,,,,
-0.01239953562617302,imappo,9.234877040853462e-08,0.2321840226650238,0.0007101033677892631,966.0,,,,,,,,,,,,,,0.37115705235078356,,,,,0.030392762273550034,5.939822585787624e-05
,imappo,,,,966.0,0.0,0.0,0.002969911234686151,0.0,0.0,0.0,0.0,0.002969911234686151,0.0,0.0,0.0,0.0,0.0,,,,,,,
-0.004623768851161003,imappo,1.2104027291570674e-07,0.25745564699172974,0.0007098032677559187,967.0,,,,,,,,,,,,,,0.3710236745581861,,,,,0.031112059950828552,6.219849456101656e-05
,imappo,,,,967.0,0.0,0.0,0.003109925051830942,0.0,0.0,0.0,0.0,0.003109925051830942,0.0,0.0,0.0,0.0,0.0,,,,,,,
-0.007114737760275602,imappo,1.090322427899082e-07,0.18868881464004517,0.0007095031677225742,968.0,,,,,,,,,,,,,,0.3708902967655885,,,,,0.029381996020674706,6.050837328075431e-05
,imappo,,,,968.0,0.0,0.0,0.003025418391189305,0.0,0.0,0.0,0.0,0.003025418391189305,0.0,0.0,0.0,0.0,0.0,,,,,,,
-0.008967519737780094,imappo,6.222536086397668e-08,0.2793235778808594,0.0007092030676892297,969.0,,,,,,,,,,,,,,0.370756918972991,,,,,0.03179549425840378,6.27772169536911e-05
,imappo,,,,969.0,0.0,0.0,0.003138861160550732,0.0,0.0,0.0,0.0,0.003138861160550732,0.0,0.0,0.0,0.0,0.0,,,,,,,
-0.005423438735306263,imappo,4.142374336879584e-07,0.5285857915878296,0.0007089029676558853,970.0,,,,,,,,,,,,,,0.3706235411803934,,,,,0.03394611179828644,6.178029434522614e-05
,imappo,,,,970.0,0.0,0.0,0.00308901452444843,0.0,0.0,0.0,0.0,0.00308901452444843,0.0,0.0,0.0,0.0,0.0,,,,,,,
-0.009801269508898258,imappo,2.2836812263449247e-07,0.23360198736190796,0.0007086028676225409,971.0,,,,,,,,,,,,,,0.37049016338779595,,,,,0.02839142084121704,5.790844443254173e-05
,imappo,,,,971.0,0.0,0.0,0.0028954225817869883,0.0,0.0,0.0,0.0,0.0028954225817869883,0.0,0.0,0.0,0.0,0.0,,,,,,,
-0.0049628508277237415,imappo,8.198783518764685e-08,0.3065234124660492,0.0007083027675891965,972.0,,,,,,,,,,,,,,0.37035678559519836,,,,,0.02969985269010067,5.6817923905327916e-05
,imappo,,,,972.0,0.0,0.0,0.0028408961079549044,0.0,0.0,0.0,0.0,0.0028408961079549044,0.0,0.0,0.0,0.0,0.0,,,,,,,
-0.008030638098716736,imappo,7.390229939119308e-08,0.38337671756744385,0.000708002667555852,973.0,,,,,,,,,,,,,,0.3702234078026009,,,,,0.030975840985774994,6.058910003048368e-05
,imappo,,,,973.0,0.0,0.0,0.0030294552561827004,0.0,0.0,0.0,0.0,0.0030294552561827004,0.0,0.0,0.0,0.0,0.0,,,,,,,
-0.007847783155739307,imappo,1.0517857162994915e-07,0.44867628812789917,0.0007077025675225076,974.0,,,,,,,,,,,,,,0.3700900300100033,,,,,0.028916066512465477,5.011854591430165e-05
,imappo,,,,974.0,0.0,0.0,0.002505927257516305,0.0,0.0,0.0,0.0,0.002505927257516305,0.0,0.0,0.0,0.0,0.0,,,,,,,
-0.00622920785099268,imappo,6.081572934135693e-08,0.5580384731292725,0.000707402467489163,975.0,,,,,,,,,,,,,,0.3699566522174058,,,,,0.03292084112763405,6.06440007686615e-05
,imappo,,,,975.0,0.0,0.0,0.0030321997874125373,0.0,0.0,0.0,0.0,0.0030321997874125373,0.0,0.0,0.0,0.0,0.0,,,,,,,
-0.005177204497158527,imappo,8.83127654560667e-07,0.010974891483783722,0.0007071023674558186,976.0,,,,,,,,,,,,,,0.3698232744248082,,,,,0.028540126979351044,6.088024383643642e-05
,imappo,,,,976.0,0.0,0.0,0.0030440119808190502,0.0,0.0,0.0,0.0,0.0030440119808190502,0.0,0.0,0.0,0.0,0.0,,,,,,,
-0.006877969950437546,imappo,4.459945657231401e-08,0.23062708973884583,0.0007068022674224742,977.0,,,,,,,,,,,,,,0.36968989663221075,,,,,0.02768317237496376,5.6968947319546714e-05
,imappo,,,,977.0,0.0,0.0,0.0028484471768024378,0.0,0.0,0.0,0.0,0.0028484471768024378,0.0,0.0,0.0,0.0,0.0,,,,,,,
-0.013504809699952602,imappo,7.730847073617042e-08,0.2834956645965576,0.0007065021673891298,978.0,,,,,,,,,,,,,,0.36955651883961316,,,,,0.030346471816301346,5.84254739806056e-05
,imappo,,,,978.0,0.0,0.0,0.0029212736553745344,0.0,0.0,0.0,0.0,0.0029212736553745344,0.0,0.0,0.0,0.0,0.0,,,,,,,
-0.01174635998904705,imappo,1.9025793562832405e-07,0.4449135959148407,0.0007062020673557853,979.0,,,,,,,,,,,,,,0.3694231410470157,,,,,0.029559750109910965,5.2864590543322265e-05
,imappo,,,,979.0,0.0,0.0,0.0026432295962877106,0.0,0.0,0.0,0.0,0.0026432295962877106,0.0,0.0,0.0,0.0,0.0,,,,,,,
-0.0005421818350441754,imappo,2.600671678010258e-07,0.39420706033706665,0.0007059019673224408,980.0,,,,,,,,,,,,,,0.3692897632544181,,,,,0.02866872400045395,4.931816874886863e-05
,imappo,,,,980.0,0.0,0.0,0.0024659082482685335,0.0,0.0,0.0,0.0,0.0024659082482685335,0.0,0.0,0.0,0.0,0.0,,,,,,,
-0.007503763306885958,imappo,2.515228914035106e-07,0.3696649670600891,0.0007056018672890964,981.0,,,,,,,,,,,,,,0.3691563854618206,,,,,0.03278949111700058,6.216733891051263e-05
,imappo,,,,981.0,0.0,0.0,0.003108366898231907,0.0,0.0,0.0,0.0,0.003108366898231907,0.0,0.0,0.0,0.0,0.0,,,,,,,
-0.007372468244284391,imappo,1.2576657582030748e-07,0.03349743038415909,0.000705301767255752,982.0,,,,,,,,,,,,,,0.369023007669223,,,,,0.02809244394302368,6.081283208914101e-05
,imappo,,,,982.0,0.0,0.0,0.003040641688130563,0.0,0.0,0.0,0.0,0.003040641688130563,0.0,0.0,0.0,0.0,0.0,,,,,,,
-0.008480840362608433,imappo,3.522239211406486e-08,0.23466181755065918,0.0007050016672224076,983.0,,,,,,,,,,,,,,0.36888962987662555,,,,,0.029689861461520195,5.7138429838232696e-05
,imappo,,,,983.0,0.0,0.0,0.0028569215755851474,0.0,0.0,0.0,0.0,0.0028569215755851474,0.0,0.0,0.0,0.0,0.0,,,,,,,
-0.004826087038964033,imappo,5.084343968064786e-08,0.33968207240104675,0.000704701567189063,984.0,,,,,,,,,,,,,,0.36875625208402796,,,,,0.032124266028404236,6.129188113845885e-05
,imappo,,,,984.0,0.0,0.0,0.003064593780436553,0.0,0.0,0.0,0.0,0.003064593780436553,0.0,0.0,0.0,0.0,0.0,,,,,,,
0.004613993223756552,imappo,2.9334185569496185e-07,0.32963883876800537,0.0007044014671557186,985.0,,,,,,,,,,,,,,0.3686228742914305,,,,,0.03148938715457916,6.015055259922519e-05
,imappo,,,,985.0,0.0,0.0,0.003007527564477641,0.0,0.0,0.0,0.0,0.003007527564477641,0.0,0.0,0.0,0.0,0.0,,,,,,,
-0.008188383653759956,imappo,2.5806420467233693e-07,-0.04401187226176262,0.0007041013671223741,986.0,,,,,,,,,,,,,,0.3684894964988329,,,,,0.027115527540445328,5.994359526084736e-05
,imappo,,,,986.0,0.0,0.0,0.002997179690282792,0.0,0.0,0.0,0.0,0.002997179690282792,0.0,0.0,0.0,0.0,0.0,,,,,,,
-0.00580632733181119,imappo,7.529767742653348e-08,0.14257946610450745,0.0007038012670890297,987.0,,,,,,,,,,,,,,0.3683561187062354,,,,,0.02872851863503456,5.8016139519168064e-05
,imappo,,,,987.0,0.0,0.0,0.0029008068013354205,0.0,0.0,0.0,0.0,0.0029008068013354205,0.0,0.0,0.0,0.0,0.0,,,,,,,
-0.007915048860013485,imappo,1.3513765395600785e-07,0.4390820264816284,0.0007035011670556853,988.0,,,,,,,,,,,,,,0.3682227409136378,,,,,0.031186707317829132,5.719878390664235e-05
,imappo,,,,988.0,0.0,0.0,0.0028599391516763717,0.0,0.0,0.0,0.0,0.0028599391516763717,0.0,0.0,0.0,0.0,0.0,,,,,,,
-0.009600946679711342,imappo,4.720422097648225e-08,0.3771738111972809,0.0007032010670223409,989.0,,,,,,,,,,,,,,0.36808936312104035,,,,,0.027860432863235474,4.9156857130583376e-05
,imappo,,,,989.0,0.0,0.0,0.002457842758303741,0.0,0.0,0.0,0.0,0.002457842758303741,0.0,0.0,0.0,0.0,0.0,,,,,,,
-0.009047538973391056,imappo,3.105479606801964e-07,0.4262298345565796,0.0007029009669889964,990.0,,,,,,,,,,,,,,0.3679559853284428,,,,,0.027211209759116173,4.822009213967249e-05
,imappo,,,,990.0,0.0,0.0,0.0024110044123517582,0.0,0.0,0.0,0.0,0.0024110044123517582,0.0,0.0,0.0,0.0,0.0,,,,,,,
-0.009174993261694908,imappo,7.760241516052702e-08,0.25838199257850647,0.0007026008669556519,991.0,,,,,,,,,,,,,,0.3678226075358453,,,,,0.03120049647986889,5.7763241784414276e-05
,imappo,,,,991.0,0.0,0.0,0.0028881624202767853,0.0,0.0,0.0,0.0,0.0028881624202767853,0.0,0.0,0.0,0.0,0.0,,,,,,,
-0.0004935968900099397,imappo,1.6626964338684047e-07,0.39685535430908203,0.0007023007669223074,992.0,,,,,,,,,,,,,,0.36768922974324775,,,,,0.028347767889499664,4.990886736777611e-05
,imappo,,,,992.0,0.0,0.0,0.0024954434902610956,0.0,0.0,0.0,0.0,0.0024954434902610956,0.0,0.0,0.0,0.0,0.0,,,,,,,
0.0004164687998127192,imappo,5.457112450812929e-08,0.07518099993467331,0.000702000666888963,993.0,,,,,,,,,,,,,,0.3675558519506502,,,,,0.0302693210542202,7.333356188610196e-05
,imappo,,,,993.0,0.0,0.0,0.0036666782234533457,0.0,0.0,0.0,0.0,0.0036666782234533457,0.0,0.0,0.0,0.0,0.0,,,,,,,
-0.005798234138637781,imappo,5.907247668801574e-08,0.42447859048843384,0.0007017005668556186,994.0,,,,,,,,,,,,,,0.3674224741580527,,,,,0.029709551483392715,5.311811764840968e-05
,imappo,,,,994.0,0.0,0.0,0.0026559057860140456,0.0,0.0,0.0,0.0,0.0026559057860140456,0.0,0.0,0.0,0.0,0.0,,,,,,,
-0.015848340466618538,imappo,2.651001729248037e-08,0.47841933369636536,0.0007014004668222741,995.0,,,,,,,,,,,,,,0.36728909636545515,,,,,0.025488100945949554,4.531364538706839e-05
,imappo,,,,995.0,0.0,0.0,0.002265682158395066,0.0,0.0,0.0,0.0,0.002265682158395066,0.0,0.0,0.0,0.0,0.0,,,,,,,
-0.0027179501485079527,imappo,2.5418101401442073e-08,0.2657318413257599,0.0007011003667889297,996.0,,,,,,,,,,,,,,0.3671557185728576,,,,,0.028229884803295135,5.7069817557930946e-05
,imappo,,,,996.0,0.0,0.0,0.0028534907614812255,0.0,0.0,0.0,0.0,0.0028534907614812255,0.0,0.0,0.0,0.0,0.0,,,,,,,
-0.005922365467995405,imappo,8.76695054330412e-08,0.5379436016082764,0.0007008002667555852,997.0,,,,,,,,,,,,,,0.3670223407802601,,,,,0.029115067794919014,5.3182458941591904e-05
,imappo,,,,997.0,0.0,0.0,0.0026591231344355037,0.0,0.0,0.0,0.0,0.0026591231344355037,0.0,0.0,0.0,0.0,0.0,,,,,,,
-0.0031334247905761003,imappo,7.012997116362385e-08,0.5173017382621765,0.0007005001667222408,998.0,,,,,,,,,,,,,,0.36688896298766255,,,,,0.02416861802339554,4.2378014768473804e-05
,imappo,,,,998.0,0.0,0.0,0.002118900638379273,0.0,0.0,0.0,0.0,0.002118900638379273,0.0,0.0,0.0,0.0,0.0,,,,,,,
-0.005126558244228363,imappo,5.00278147796962e-08,0.5109788775444031,0.0007002000666888964,999.0,,,,,,,,,,,,,,0.366755585195065,,,,,0.022963017225265503,4.1834573494270444e-05
,imappo,,,,999.0,0.0,0.0,0.002091728449158836,0.0,0.0,0.0,0.0,0.002091728449158836,0.0,0.0,0.0,0.0,0.0,,,,,,,
,imappo,,,,999.0,,,,,,,,,,,,,,,0.0,0.0,0.0,0.0,,
-0.010970568284392357,imappo,4.7944986647507903e-08,0.46099406480789185,0.000699899966655552,1000.0,,,,,,,,,,,,,,0.3666222074024675,,,,,0.027369914576411247,4.858029569732025e-05
,imappo,,,,1000.0,0.0,0.0,0.0024290146757266484,0.0,0.0,0.0,0.0,0.0024290146757266484,0.0,0.0,0.0,0.0,0.0,,,,,,,
-0.00956574734300375,imappo,3.436577244997352e-08,0.4021748900413513,0.0006995998666222073,1001.0,,,,,,,,,,,,,,0.36648882960986995,,,,,0.032692551612854004,6.108616798883304e-05
,imappo,,,,1001.0,0.0,0.0,0.0030543083375960123,0.0,0.0,0.0,0.0,0.0030543083375960123,0.0,0.0,0.0,0.0,0.0,,,,,,,
-0.0034813417587429285,imappo,3.157670391829015e-08,0.3391897678375244,0.0006992997665888629,1002.0,,,,,,,,,,,,,,0.3663554518172724,,,,,0.030252080410718918,5.592656452790834e-05
,imappo,,,,1002.0,0.0,0.0,0.0027963282336713746,0.0,0.0,0.0,0.0,0.0027963282336713746,0.0,0.0,0.0,0.0,0.0,,,,,,,
-0.011469881050288677,imappo,1.2425297768459131e-07,-0.05364730954170227,0.0006989996665555185,1003.0,,,,,,,,,,,,,,0.3662220740246749,,,,,0.027619510889053345,7.106459815986454e-05
,imappo,,,,1003.0,0.0,0.0,0.0035532301924376952,0.0,0.0,0.0,0.0,0.0035532301924376952,0.0,0.0,0.0,0.0,0.0,,,,,,,
-0.00535426614806056,imappo,1.4474065501701716e-08,0.29134589433670044,0.0006986995665221741,1004.0,,,,,,,,,,,,,,0.36608869623207735,,,,,0.03582712262868881,7.01622775522992e-05
,imappo,,,,1004.0,0.0,0.0,0.0035081140194961336,0.0,0.0,0.0,0.0,0.0035081140194961336,0.0,0.0,0.0,0.0,0.0,,,,,,,
-0.007180839776992798,imappo,4.510759410436549e-08,0.3717615604400635,0.0006983994664888297,1005.0,,,,,,,,,,,,,,0.3659553184394798,,,,,0.030580926686525345,5.562877413467504e-05
,imappo,,,,1005.0,0.0,0.0,0.0027814384120574687,0.0,0.0,0.0,0.0,0.0027814384120574687,0.0,0.0,0.0,0.0,0.0,,,,,,,
-0.0024984381161630154,imappo,4.4526998976834875e-08,0.003696188097819686,0.0006980993664554852,1006.0,,,,,,,,,,,,,,0.3658219406468823,,,,,0.026453908532857895,6.780199328204617e-05
,imappo,,,,1006.0,0.0,0.0,0.003390099576790817,0.0,0.0,0.0,0.0,0.003390099576790817,0.0,0.0,0.0,0.0,0.0,,,,,,,
-0.00589540833607316,imappo,2.876512184002422e-08,0.1991249918937683,0.0006977992664221408,1007.0,,,,,,,,,,,,,,0.36568856285428475,,,,,0.027260487899184227,5.962300201645121e-05
,imappo,,,,1007.0,0.0,0.0,0.002981150257255649,0.0,0.0,0.0,0.0,0.002981150257255649,0.0,0.0,0.0,0.0,0.0,,,,,,,
-0.003708421718329191,imappo,1.4227748579287436e-07,0.2566860020160675,0.0006974991663887963,1008.0,,,,,,,,,,,,,,0.3655551850616872,,,,,0.03258582577109337,6.005653995089233e-05
,imappo,,,,1008.0,0.0,0.0,0.0030028271867195144,0.0,0.0,0.0,0.0,0.0030028271867195144,0.0,0.0,0.0,0.0,0.0,,,,,,,
-9.117515583056957e-05,imappo,1.9880472379441017e-08,0.19155003130435944,0.0006971990663554519,1009.0,,,,,,,,,,,,,,0.3654218072690897,,,,,0.0360778383910656,7.268353510880843e-05
,imappo,,,,1009.0,0.0,0.0,0.003634176835475955,0.0,0.0,0.0,0.0,0.003634176835475955,0.0,0.0,0.0,0.0,0.0,,,,,,,
-0.006815540604293346,imappo,4.3497848878359946e-08,0.18757276237010956,0.0006968989663221075,1010.0,,,,,,,,,,,,,,0.36528842947649215,,,,,0.02871878631412983,5.773040538770147e-05
,imappo,,,,1010.0,0.0,0.0,0.002886520136598847,0.0,0.0,0.0,0.0,0.002886520136598847,0.0,0.0,0.0,0.0,0.0,,,,,,,
-0.005542410537600517,imappo,2.5605878306578234e-08,0.14944791793823242,0.000696598866288763,1011.0,,,,,,,,,,,,,,0.3651550516838946,,,,,0.025662872940301895,5.893785419175401e-05
,imappo,,,,1011.0,0.0,0.0,0.002946892824184033,0.0,0.0,0.0,0.0,0.002946892824184033,0.0,0.0,0.0,0.0,0.0,,,,,,,
-0.0036896592937409878,imappo,1.292208295922137e-08,0.11810538917779922,0.0006962987662554184,1012.0,,,,,,,,,,,,,,0.3650216738912971,,,,,0.02965223789215088,6.223327363841236e-05
,imappo,,,,1012.0,0.0,0.0,0.0031116635545913596,0.0,0.0,0.0,0.0,0.0031116635545913596,0.0,0.0,0.0,0.0,0.0,,,,,,,
-0.010054068639874458,imappo,2.0890583485311254e-08,0.021225402131676674,0.000695998666222074,1013.0,,,,,,,,,,,,,,0.36488829609869955,,,,,0.028045959770679474,7.216936501208693e-05
,imappo,,,,1013.0,0.0,0.0,0.0036084681923966855,0.0,0.0,0.0,0.0,0.0036084681923966855,0.0,0.0,0.0,0.0,0.0,,,,,,,
-0.007939768955111504,imappo,1.852646569489025e-08,-0.06410624086856842,0.0006956985661887296,1014.0,,,,,,,,,,,,,,0.364754918306102,,,,,0.023756826296448708,6.146435043774545e-05
,imappo,,,,1014.0,0.0,0.0,0.0030732171780982753,0.0,0.0,0.0,0.0,0.0030732171780982753,0.0,0.0,0.0,0.0,0.0,,,,,,,
0.005619798321276903,imappo,6.837877464249686e-08,0.29807862639427185,0.0006953984661553852,1015.0,,,,,,,,,,,,,,0.3646215405135045,,,,,0.03199448063969612,5.54767539142631e-05
,imappo,,,,1015.0,0.0,0.0,0.0027738377393689007,0.0,0.0,0.0,0.0,0.0027738377393689007,0.0,0.0,0.0,0.0,0.0,,,,,,,
-0.005267789121717215,imappo,2.3084517408733518e-08,0.20625147223472595,0.0006950983661220407,1016.0,,,,,,,,,,,,,,0.36448816272090695,,,,,0.03469613939523697,6.439848220907152e-05
,imappo,,,,1016.0,0.0,0.0,0.003219923899450805,0.0,0.0,0.0,0.0,0.003219923899450805,0.0,0.0,0.0,0.0,0.0,,,,,,,
-0.003488116431981325,imappo,3.375287604967525e-08,0.1990925371646881,0.0006947982660886963,1017.0,,,,,,,,,,,,,,0.3643547849283094,,,,,0.027790594846010208,5.3682982979808e-05
,imappo,,,,1017.0,0.0,0.0,0.0026841491271625273,0.0,0.0,0.0,0.0,0.0026841491271625273,0.0,0.0,0.0,0.0,0.0,,,,,,,
-0.009121819399297237,imappo,3.6640148692868024e-08,0.27062997221946716,0.0006944981660553518,1018.0,,,,,,,,,,,,,,0.3642214071357119,,,,,0.0352557972073555,5.596608389168978e-05
,imappo,,,,1018.0,0.0,0.0,0.002798304001771612,0.0,0.0,0.0,0.0,0.002798304001771612,0.0,0.0,0.0,0.0,0.0,,,,,,,
-0.0007814066484570503,imappo,1.2717167408027308e-07,0.26077067852020264,0.0006941980660220073,1019.0,,,,,,,,,,,,,,0.36408802934311435,,,,,0.02498108521103859,5.556600081035867e-05
,imappo,,,,1019.0,0.0,0.0,0.0027783001605712343,0.0,0.0,0.0,0.0,0.0027783001605712343,0.0,0.0,0.0,0.0,0.0,,,,,,,
-0.0051951780915260315,imappo,1.9405044326958887e-07,0.41544851660728455,0.0006938979659886629,1020.0,,,,,,,,,,,,,,0.36395465155051687,,,,,0.02717578038573265,4.5438730012392625e-05
,imappo,,,,1020.0,0.0,0.0,0.0022719363624901234,0.0,0.0,0.0,0.0,0.0022719363624901234,0.0,0.0,0.0,0.0,0.0,,,,,,,
-0.005188585724681616,imappo,3.683872762394458e-08,0.3051624000072479,0.0006935978659553185,1021.0,,,,,,,,,,,,,,0.3638212737579193,,,,,0.033453453332185745,5.518480247701518e-05
,imappo,,,,1021.0,0.0,0.0,0.002759240127488738,0.0,0.0,0.0,0.0,0.002759240127488738,0.0,0.0,0.0,0.0,0.0,,,,,,,
-0.0064645372331142426,imappo,2.1490947688107553e-08,0.26770710945129395,0.0006932977659219741,1022.0,,,,,,,,,,,,,,0.3636878959653218,,,,,0.033531103283166885,6.021269291522913e-05
,imappo,,,,1022.0,0.0,0.0,0.0030106346202956047,0.0,0.0,0.0,0.0,0.0030106346202956047,0.0,0.0,0.0,0.0,0.0,,,,,,,
-0.00010782381286844611,imappo,2.7089299692306668e-08,0.3549017012119293,0.0006929976658886295,1023.0,,,,,,,,,,,,,,0.3635545181727242,,,,,0.030046476051211357,5.034347123000771e-05
,imappo,,,,1023.0,0.0,0.0,0.0025171737311211473,0.0,0.0,0.0,0.0,0.0025171737311211473,0.0,0.0,0.0,0.0,0.0,,,,,,,
-0.0019041658379137516,imappo,1.5360720695412056e-08,0.26680031418800354,0.0006926975658552851,1024.0,,,,,,,,,,,,,,0.36342114038012674,,,,,0.03107394091784954,5.5327502195723355e-05
,imappo,,,,1024.0,0.0,0.0,0.002766375026112655,0.0,0.0,0.0,0.0,0.002766375026112655,0.0,0.0,0.0,0.0,0.0,,,,,,,
-0.0016846657963469625,imappo,7.48767021718777e-08,0.2765723168849945,0.0006923974658219407,1025.0,,,,,,,,,,,,,,0.36328776258752915,,,,,0.03211505338549614,5.9775331465061754e-05
,imappo,,,,1025.0,0.0,0.0,0.0029887665041314904,0.0,0.0,0.0,0.0,0.0029887665041314904,0.0,0.0,0.0,0.0,0.0,,,,,,,
-0.007510573137551546,imappo,1.231982693639111e-08,-0.14207547903060913,0.0006920973657885963,1026.0,,,,,,,,,,,,,,0.3631543847949317,,,,,0.02594548463821411,6.436126568587497e-05
,imappo,,,,1026.0,0.0,0.0,0.00321806308147643,0.0,0.0,0.0,0.0,0.00321806308147643,0.0,0.0,0.0,0.0,0.0,,,,,,,
0.0012544624041765928,imappo,2.946977240014803e-08,0.35291463136672974,0.0006917972657552518,1027.0,,,,,,,,,,,,,,0.3630210070023341,,,,,0.02477303147315979,4.5963359298184514e-05
,imappo,,,,1027.0,0.0,0.0,0.0022981678976066178,0.0,0.0,0.0,0.0,0.0022981678976066178,0.0,0.0,0.0,0.0,0.0,,,,,,,
-0.00042577093699947,imappo,5.8222273224828314e-08,0.09841322898864746,0.0006914971657219073,1028.0,,,,,,,,,,,,,,0.3628876292097366,,,,,0.03392864018678665,6.845660391263664e-05
,imappo,,,,1028.0,0.0,0.0,0.003422830082854489,0.0,0.0,0.0,0.0,0.003422830082854489,0.0,0.0,0.0,0.0,0.0,,,,,,,
0.0028301612474024296,imappo,5.71227012358122e-08,0.019579682499170303,0.0006911970656885628,1029.0,,,,,,,,,,,,,,0.362754251417139,,,,,0.031175512820482254,5.868411244591698e-05
,imappo,,,,1029.0,0.0,0.0,0.0029342057423491497,0.0,0.0,0.0,0.0,0.0029342057423491497,0.0,0.0,0.0,0.0,0.0,,,,,,,
-0.0026974636130034924,imappo,5.172109496243138e-08,0.14299839735031128,0.0006908969656552184,1030.0,,,,,,,,,,,,,,0.36262087362454154,,,,,0.030969243496656418,5.712928395951167e-05
,imappo,,,,1030.0,0.0,0.0,0.0028564640233526006,0.0,0.0,0.0,0.0,0.0028564640233526006,0.0,0.0,0.0,0.0,0.0,,,,,,,
-0.0044030239805579185,imappo,5.367519406718202e-08,0.26264891028404236,0.000690596865621874,1031.0,,,,,,,,,,,,,,0.36248749583194395,,,,,0.029665715992450714,5.582140147453174e-05
,imappo,,,,1031.0,0.0,0.0,0.002791070317471167,0.0,0.0,0.0,0.0,0.002791070317471167,0.0,0.0,0.0,0.0,0.0,,,,,,,
-0.002957939403131604,imappo,1.252190884315496e-07,0.34410226345062256,0.0006902967655885296,1032.0,,,,,,,,,,,,,,0.3623541180393465,,,,,0.029578078538179398,5.407360367826186e-05
,imappo,,,,1032.0,0.0,0.0,0.0027036801620852202,0.0,0.0,0.0,0.0,0.0027036801620852202,0.0,0.0,0.0,0.0,0.0,,,,,,,
-0.0020012061577290297,imappo,3.832378325796526e-08,0.1376064419746399,0.0006899966655551851,1033.0,,,,,,,,,,,,,,0.3622207402467489,,,,,0.0298771895468235,5.5358374083880335e-05
,imappo,,,,1033.0,0.0,0.0,0.0027679184786393307,0.0,0.0,0.0,0.0,0.0027679184786393307,0.0,0.0,0.0,0.0,0.0,,,,,,,
-0.00911661610007286,imappo,4.881859183569759e-08,0.21995127201080322,0.0006896965655218406,1034.0,,,,,,,,,,,,,,0.3620873624541514,,,,,0.028096642345190048,5.293313006404787e-05
,imappo,,,,1034.0,0.0,0.0,0.0026466564177098917,0.0,0.0,0.0,0.0,0.0026466564177098917,0.0,0.0,0.0,0.0,0.0,,,,,,,
-0.007185669150203466,imappo,4.468816783287366e-08,0.041844479739665985,0.0006893964654884962,1035.0,,,,,,,,,,,,,,0.3619539846615538,,,,,0.030567483976483345,5.872276233276352e-05
,imappo,,,,1035.0,0.0,0.0,0.0029361380547925364,0.0,0.0,0.0,0.0,0.0029361380547925364,0.0,0.0,0.0,0.0,0.0,,,,,,,
-0.00704676378518343,imappo,4.051740987165431e-08,0.19313141703605652,0.0006890963654551518,1036.0,,,,,,,,,,,,,,0.36182060686895634,,,,,0.030141284689307213,5.435298226075247e-05
,imappo,,,,1036.0,0.0,0.0,0.002717649120313581,0.0,0.0,0.0,0.0,0.002717649120313581,0.0,0.0,0.0,0.0,0.0,,,,,,,
-0.005740889348089695,imappo,2.1715719000781064e-08,0.2570854723453522,0.0006887962654218073,1037.0,,,,,,,,,,,,,,0.36168722907635875,,,,,0.02410656213760376,4.275797982700169e-05
,imappo,,,,1037.0,0.0,0.0,0.002137898981345643,0.0,0.0,0.0,0.0,0.002137898981345643,0.0,0.0,0.0,0.0,0.0,,,,,,,
-0.006690685171633959,imappo,4.6695944888597296e-08,0.13338804244995117,0.0006884961653884628,1038.0,,,,,,,,,,,,,,0.3615538512837613,,,,,0.02971888706088066,5.409335790318437e-05
,imappo,,,,1038.0,0.0,0.0,0.002704667960642837,0.0,0.0,0.0,0.0,0.002704667960642837,0.0,0.0,0.0,0.0,0.0,,,,,,,
-0.002662297338247299,imappo,1.3107831264846936e-08,0.15809616446495056,0.0006881960653551184,1039.0,,,,,,,,,,,,,,0.3614204734911637,,,,,0.03190653771162033,6.375778320943937e-05
,imappo,,,,1039.0,0.0,0.0,0.003187889244145481,0.0,0.0,0.0,0.0,0.003187889244145481,0.0,0.0,0.0,0.0,0.0,,,,,,,
-0.0014445340493693948,imappo,5.254973345358849e-09,0.11492078006267548,0.0006878959653217739,1040.0,,,,,,,,,,,,,,0.3612870956985662,,,,,0.032944321632385254,6.1023853049846366e-05
,imappo,,,,1040.0,0.0,0.0,0.003051192699786043,0.0,0.0,0.0,0.0,0.003051192699786043,0.0,0.0,0.0,0.0,0.0,,,,,,,
-0.010285940952599049,imappo,1.132047611207554e-08,0.10029272735118866,0.0006875958652884295,1041.0,,,,,,,,,,,,,,0.3611537179059686,,,,,0.03467225655913353,6.531726103276014e-05
,imappo,,,,1041.0,0.0,0.0,0.0032658628770150244,0.0,0.0,0.0,0.0,0.0032658628770150244,0.0,0.0,0.0,0.0,0.0,,,,,,,
-0.002602530876174569,imappo,3.6883108123220154e-08,0.11360486596822739,0.0006872957652550851,1042.0,,,,,,,,,,,,,,0.36102034011337114,,,,,0.028766561299562454,5.256642907625064e-05
,imappo,,,,1042.0,0.0,0.0,0.0026283213010174222,0.0,0.0,0.0,0.0,0.0026283213010174222,0.0,0.0,0.0,0.0,0.0,,,,,,,
-0.003632479812949896,imappo,2.860071468546721e-08,-0.016924934461712837,0.0006869956652217407,1043.0,,,,,,,,,,,,,,0.36088696232077355,,,,,0.030493438243865967,5.8582922065397725e-05
,imappo,,,,1043.0,0.0,0.0,0.0029291462587934802,0.0,0.0,0.0,0.0,0.0029291462587934802,0.0,0.0,0.0,0.0,0.0,,,,,,,
0.0007642541895620525,imappo,3.847385343647147e-08,0.08260004967451096,0.0006866955651883962,1044.0,,,,,,,,,,,,,,0.3607535845281761,,,,,0.027962926775217056,5.109886478749104e-05
,imappo,,,,1044.0,0.0,0.0,0.0025549434685672168,0.0,0.0,0.0,0.0,0.0025549434685672168,0.0,0.0,0.0,0.0,0.0,,,,,,,
0.0004200327966827899,imappo,1.712115960117444e-08,0.20248399674892426,0.0006863954651550516,1045.0,,,,,,,,,,,,,,0.3606202067355785,,,,,0.029813358560204506,5.548425906454213e-05
,imappo,,,,1045.0,0.0,0.0,0.002774212964141043,0.0,0.0,0.0,0.0,0.002774212964141043,0.0,0.0,0.0,0.0,0.0,,,,,,,
-0.0035816500894725323,imappo,2.581916724864186e-08,0.16213297843933105,0.0006860953651217072,1046.0,,,,,,,,,,,,,,0.360486828942981,,,,,0.025457683950662613,4.647394234780222e-05
,imappo,,,,1046.0,0.0,0.0,0.0023236971827600428,0.0,0.0,0.0,0.0,0.0023236971827600428,0.0,0.0,0.0,0.0,0.0,,,,,,,
-0.004757963120937347,imappo,2.5524627744744066e-08,-0.013858892023563385,0.0006857952650883628,1047.0,,,,,,,,,,,,,,0.3603534511503834,,,,,0.034075669944286346,6.709827721351758e-05
,imappo,,,,1047.0,0.0,0.0,0.003354913902512635,0.0,0.0,0.0,0.0,0.003354913902512635,0.0,0.0,0.0,0.0,0.0,,,,,,,
0.0015825030859559774,imappo,2.0718852411505395e-08,-0.014083326794207096,0.0006854951650550184,1048.0,,,,,,,,,,,,,,0.36022007335778594,,,,,0.031664349138736725,5.918058013776317e-05
,imappo,,,,1048.0,0.0,0.0,0.0029590290614578407,0.0,0.0,0.0,0.0,0.0029590290614578407,0.0,0.0,0.0,0.0,0.0,,,,,,,
-0.004696911666542292,imappo,5.617249243528022e-08,0.0618840791285038,0.0006851950650216739,1049.0,,,,,,,,,,,,,,0.36008669556518835,,,,,0.028195956721901894,5.240944301476702e-05
,imappo,,,,1049.0,0.0,0.0,0.0026204722926195245,0.0,0.0,0.0,0.0,0.0026204722926195245,0.0,0.0,0.0,0.0,0.0,,,,,,,
-0.0029816145543009043,imappo,2.5786130564142695e-08,-0.0025210618041455746,0.0006848949649883294,1050.0,,,,,,,,,,,,,,0.3599533177725909,,,,,0.03336171433329582,6.36738768662326e-05
,imappo,,,,1050.0,0.0,0.0,0.0031836937414482236,0.0,0.0,0.0,0.0,0.0031836937414482236,0.0,0.0,0.0,0.0,0.0,,,,,,,
-0.00754651939496398,imappo,1.1765453500345302e-08,-0.1021290048956871,0.000684594864954985,1051.0,,,,,,,,,,,,,,0.3598199399799933,,,,,0.030462104827165604,5.747072282247245e-05
,imappo,,,,1051.0,0.0,0.0,0.0028735364430758636,0.0,0.0,0.0,0.0,0.0028735364430758636,0.0,0.0,0.0,0.0,0.0,,,,,,,
-0.010578189045190811,imappo,3.800886005933535e-08,0.18563874065876007,0.0006842947649216406,1052.0,,,,,,,,,,,,,,0.3596865621873958,,,,,0.029922310262918472,5.338154369383119e-05
,imappo,,,,1052.0,0.0,0.0,0.002669077110112994,0.0,0.0,0.0,0.0,0.002669077110112994,0.0,0.0,0.0,0.0,0.0,,,,,,,
0.006760505493730307,imappo,2.0530356081849277e-08,-0.03381206840276718,0.0006839946648882962,1053.0,,,,,,,,,,,,,,0.3595531843947982,,,,,0.030228395015001297,5.535270247492008e-05
,imappo,,,,1053.0,0.0,0.0,0.0027676349782268517,0.0,0.0,0.0,0.0,0.0027676349782268517,0.0,0.0,0.0,0.0,0.0,,,,,,,
-0.007097435183823109,imappo,3.264530334945448e-08,-0.0006831685896031559,0.0006836945648549518,1054.0,,,,,,,,,,,,,,0.35941980660220074,,,,,0.029537923634052277,5.354344466468319e-05
,imappo,,,,1054.0,0.0,0.0,0.0026771721240947954,0.0,0.0,0.0,0.0,0.0026771721240947954,0.0,0.0,0.0,0.0,0.0,,,,,,,
-0.0024485820904374123,imappo,1.869937271692379e-08,0.027155740186572075,0.0006833944648216072,1055.0,,,,,,,,,,,,,,0.35928642880960315,,,,,0.028765037655830383,5.264544961391948e-05
,imappo,,,,1055.0,0.0,0.0,0.0026322723751945887,0.0,0.0,0.0,0.0,0.0026322723751945887,0.0,0.0,0.0,0.0,0.0,,,,,,,
0.002805184805765748,imappo,1.6603895147682124e-08,-0.06664463132619858,0.0006830943647882627,1056.0,,,,,,,,,,,,,,0.3591530510170057,,,,,0.032101601362228394,5.748973126173951e-05
,imappo,,,,1056.0,0.0,0.0,0.002874486661312403,0.0,0.0,0.0,0.0,0.002874486661312403,0.0,0.0,0.0,0.0,0.0,,,,,,,
0.0001784064224921167,imappo,6.40549213670738e-09,-0.2712007761001587,0.0006827942647549183,1057.0,,,,,,,,,,,,,,0.3590196732244081,,,,,0.03191852569580078,6.249159923754632e-05
,imappo,,,,1057.0,0.0,0.0,0.0031245799029875343,0.0,0.0,0.0,0.0,0.0031245799029875343,0.0,0.0,0.0,0.0,0.0,,,,,,,
-0.0023525275755673647,imappo,1.0032368713552842e-08,-0.2770842909812927,0.0006824941647215739,1058.0,,,,,,,,,,,,,,0.3588862954318106,,,,,0.030806254595518112,6.044076144462451e-05
,imappo,,,,1058.0,0.0,0.0,0.0030220382068364415,0.0,0.0,0.0,0.0,0.0030220382068364415,0.0,0.0,0.0,0.0,0.0,,,,,,,
-0.013035508804023266,imappo,2.77570944007266e-08,-0.35387635231018066,0.0006821940646882295,1059.0,,,,,,,,,,,,,,0.358752917639213,,,,,0.030612763017416,6.447933265008032e-05
,imappo,,,,1059.0,0.0,0.0,0.003223966419682256,0.0,0.0,0.0,0.0,0.003223966419682256,0.0,0.0,0.0,0.0,0.0,,,,,,,
-0.0017927932785823941,imappo,3.027455619530883e-08,-0.008939104154706001,0.000681893964654885,1060.0,,,,,,,,,,,,,,0.35861953984661554,,,,,0.028276581317186356,5.191170203033835e-05
,imappo,,,,1060.0,0.0,0.0,0.00259558524953718,0.0,0.0,0.0,0.0,0.00259558524953718,0.0,0.0,0.0,0.0,0.0,,,,,,,
-0.007264563348144293,imappo,2.8432738830019844e-08,-0.16912852227687836,0.0006815938646215405,1061.0,,,,,,,,,,,,,,0.35848616205401795,,,,,0.02851887047290802,5.089774276711978e-05
,imappo,,,,1061.0,0.0,0.0,0.002544886940086144,0.0,0.0,0.0,0.0,0.002544886940086144,0.0,0.0,0.0,0.0,0.0,,,,,,,
0.003027539001777768,imappo,2.4998541903187288e-08,-0.3513796627521515,0.0006812937645881961,1062.0,,,,,,,,,,,,,,0.3583527842614205,,,,,0.029273074120283127,6.080499224481173e-05
,imappo,,,,1062.0,0.0,0.0,0.0030402497250179294,0.0,0.0,0.0,0.0,0.0030402497250179294,0.0,0.0,0.0,0.0,0.0,,,,,,,
-0.011019540019333363,imappo,2.2385881592867918e-08,-0.19045700132846832,0.0006809936645548516,1063.0,,,,,,,,,,,,,,0.3582194064688229,,,,,0.03273332864046097,6.497521098935977e-05
,imappo,,,,1063.0,0.0,0.0,0.0032487604003108572,0.0,0.0,0.0,0.0,0.0032487604003108572,0.0,0.0,0.0,0.0,0.0,,,,,,,
-0.0024862359277904034,imappo,3.34343894792255e-08,-0.18124845623970032,0.0006806935645215072,1064.0,,,,,,,,,,,,,,0.3580860286762254,,,,,0.03176172822713852,5.860488454345614e-05
,imappo,,,,1064.0,0.0,0.0,0.002930244128947379,0.0,0.0,0.0,0.0,0.002930244128947379,0.0,0.0,0.0,0.0,0.0,,,,,,,
-0.010114505887031555,imappo,1.0752700063676457e-08,-0.2548678517341614,0.0006803934644881627,1065.0,,,,,,,,,,,,,,0.3579526508836278,,,,,0.03108481504023075,5.369638529373333e-05
,imappo,,,,1065.0,0.0,0.0,0.0026848193592741154,0.0,0.0,0.0,0.0,0.0026848193592741154,0.0,0.0,0.0,0.0,0.0,,,,,,,
-0.0035506603308022022,imappo,8.605027090879958e-08,0.04040591046214104,0.0006800933644548183,1066.0,,,,,,,,,,,,,,0.35781927309103034,,,,,0.031166205182671547,5.576563853537664e-05
,imappo,,,,1066.0,0.0,0.0,0.002788281880611976,0.0,0.0,0.0,0.0,0.002788281880611976,0.0,0.0,0.0,0.0,0.0,,,,,,,
-0.0067245205864310265,imappo,2.449350944289108e-08,-0.2942836880683899,0.0006797932644214738,1067.0,,,,,,,,,,,,,,0.3576858952984328,,,,,0.030203497037291527,5.695579238818027e-05
,imappo,,,,1067.0,0.0,0.0,0.002847789350198582,0.0,0.0,0.0,0.0,0.002847789350198582,0.0,0.0,0.0,0.0,0.0,,,,,,,
-0.010433127172291279,imappo,1.3899970063846467e-08,-0.06189439818263054,0.0006794931643881294,1068.0,,,,,,,,,,,,,,0.3575525175058353,,,,,0.027156177908182144,5.082570351078175e-05
,imappo,,,,1068.0,0.0,0.0,0.002541285288771178,0.0,0.0,0.0,0.0,0.002541285288771178,0.0,0.0,0.0,0.0,0.0,,,,,,,
0.00099930667784065,imappo,5.1241386245237663e-08,-0.056884441524744034,0.000679193064354785,1069.0,,,,,,,,,,,,,,0.35741913971323774,,,,,0.027334261685609818,5.06602373206988e-05
,imappo,,,,1069.0,0.0,0.0,0.0025330116841359995,0.0,0.0,0.0,0.0,0.0025330116841359995,0.0,0.0,0.0,0.0,0.0,,,,,,,
1.8558042938821018e-05,imappo,3.241916246565779e-08,-0.2807244062423706,0.0006788929643214406,1070.0,,,,,,,,,,,,,,0.3572857619206402,,,,,0.030310411006212234,5.480499021359719e-05
,imappo,,,,1070.0,0.0,0.0,0.0027402494597481564,0.0,0.0,0.0,0.0,0.0027402494597481564,0.0,0.0,0.0,0.0,0.0,,,,,,,
-0.01954272761940956,imappo,4.979081325018342e-08,-0.3288652002811432,0.0006785928642880961,1071.0,,,,,,,,,,,,,,0.3571523841280427,,,,,0.029531674459576607,5.432804755400866e-05
,imappo,,,,1071.0,0.0,0.0,0.002716402361784276,0.0,0.0,0.0,0.0,0.002716402361784276,0.0,0.0,0.0,0.0,0.0,,,,,,,
-0.006759636104106903,imappo,8.959915476225433e-08,-0.10939259827136993,0.0006782927642547515,1072.0,,,,,,,,,,,,,,0.35701900633544514,,,,,0.032345592975616455,5.519837941392325e-05
,imappo,,,,1072.0,0.0,0.0,0.0027599190889304737,0.0,0.0,0.0,0.0,0.0027599190889304737,0.0,0.0,0.0,0.0,0.0,,,,,,,
-0.005190365482121706,imappo,4.651280960388249e-08,-0.27945345640182495,0.0006779926642214071,1073.0,,,,,,,,,,,,,,0.3568856285428476,,,,,0.03208440542221069,6.599454354727641e-05
,imappo,,,,1073.0,0.0,0.0,0.00329972710187576,0.0,0.0,0.0,0.0,0.00329972710187576,0.0,0.0,0.0,0.0,0.0,,,,,,,
-0.0041867089457809925,imappo,7.010269342799802e-08,-0.09662548452615738,0.0006776925641880627,1074.0,,,,,,,,,,,,,,0.3567522507502501,,,,,0.028774475678801537,5.330604108166881e-05
,imappo,,,,1074.0,0.0,0.0,0.0026653019358491292,0.0,0.0,0.0,0.0,0.0026653019358491292,0.0,0.0,0.0,0.0,0.0,,,,,,,
-0.003967281896620989,imappo,3.0614888402169527e-08,-0.24107767641544342,0.0006773924641547183,1075.0,,,,,,,,,,,,,,0.35661887295765254,,,,,0.027801211923360825,4.89682934130542e-05
,imappo,,,,1075.0,0.0,0.0,0.002448414576065261,0.0,0.0,0.0,0.0,0.002448414576065261,0.0,0.0,0.0,0.0,0.0,,,,,,,
-0.0011549807386472821,imappo,5.7607575598694893e-08,-0.6553796529769897,0.0006770923641213738,1076.0,,,,,,,,,,,,,,0.356485495165055,,,,,0.03146297484636307,6.79007571307011e-05
,imappo,,,,1076.0,0.0,0.0,0.0033950379001908004,0.0,0.0,0.0,0.0,0.0033950379001908004,0.0,0.0,0.0,0.0,0.0,,,,,,,
-0.005599569529294968,imappo,6.61156533965368e-08,-0.15483617782592773,0.0006767922640880294,1077.0,,,,,,,,,,,,,,0.3563521173724575,,,,,0.02607152611017227,5.0592618208611384e-05
,imappo,,,,1077.0,0.0,0.0,0.0025296308031101944,0.0,0.0,0.0,0.0,0.0025296308031101944,0.0,0.0,0.0,0.0,0.0,,,,,,,
-0.003387314034625888,imappo,2.8347253433480546e-08,-0.2783336639404297,0.0006764921640546849,1078.0,,,,,,,,,,,,,,0.35621873957985994,,,,,0.033557645976543427,6.21909202891402e-05
,imappo,,,,1078.0,0.0,0.0,0.003109545930783497,0.0,0.0,0.0,0.0,0.003109545930783497,0.0,0.0,0.0,0.0,0.0,,,,,,,
-0.009745520539581776,imappo,3.090898204050063e-08,-0.016739998012781143,0.0006761920640213405,1079.0,,,,,,,,,,,,,,0.3560853617872624,,,,,0.02995503693819046,5.503277134266682e-05
,imappo,,,,1079.0,0.0,0.0,0.0027516386699062423,0.0,0.0,0.0,0.0,0.0027516386699062423,0.0,0.0,0.0,0.0,0.0,,,,,,,
-0.00394822983071208,imappo,2.2867782334401454e-08,-0.2503432333469391,0.0006758919639879961,1080.0,,,,,,,,,,,,,,0.3559519839946649,,,,,0.03256332874298096,5.7267046940978616e-05
,imappo,,,,1080.0,0.0,0.0,0.0028633523579628672,0.0,0.0,0.0,0.0,0.0028633523579628672,0.0,0.0,0.0,0.0,0.0,,,,,,,
-0.014307667501270771,imappo,2.536195609081915e-08,-0.3730390667915344,0.0006755918639546517,1081.0,,,,,,,,,,,,,,0.35581860620206734,,,,,0.03192639723420143,5.585073085967451e-05
,imappo,,,,1081.0,0.0,0.0,0.0027925366684939945,0.0,0.0,0.0,0.0,0.0027925366684939945,0.0,0.0,0.0,0.0,0.0,,,,,,,
-0.0026942803524434566,imappo,3.6419251614461245e-08,-0.14740793406963348,0.0006752917639213071,1082.0,,,,,,,,,,,,,,0.3556852284094698,,,,,0.030994810163974762,5.3221687267068774e-05
,imappo,,,,1082.0,0.0,0.0,0.002661084108694922,0.0,0.0,0.0,0.0,0.002661084108694922,0.0,0.0,0.0,0.0,0.0,,,,,,,
0.007097009569406509,imappo,4.182691526466442e-08,-0.803046464920044,0.0006749916638879626,1083.0,,,,,,,,,,,,,,0.3555518506168723,,,,,0.02990933321416378,6.918756116647273e-05
,imappo,,,,1083.0,0.0,0.0,0.00345937803825791,0.0,0.0,0.0,0.0,0.00345937803825791,0.0,0.0,0.0,0.0,0.0,,,,,,,
-0.0069330837577581406,imappo,4.566388156490575e-08,-0.27935829758644104,0.0006746915638546182,1084.0,,,,,,,,,,,,,,0.35541847282427474,,,,,0.02797117829322815,5.1643073675222695e-05
,imappo,,,,1084.0,0.0,0.0,0.0025821538346235684,0.0,0.0,0.0,0.0,0.0025821538346235684,0.0,0.0,0.0,0.0,0.0,,,,,,,
-0.0004962588427588344,imappo,1.607536859182801e-08,-0.21322636306285858,0.0006743914638212738,1085.0,,,,,,,,,,,,,,0.3552850950316772,,,,,0.03435120731592178,6.042969471309334e-05
,imappo,,,,1085.0,0.0,0.0,0.0030214847101888154,0.0,0.0,0.0,0.0,0.0030214847101888154,0.0,0.0,0.0,0.0,0.0,,,,,,,
0.01310701947659254,imappo,1.3248316577119112e-07,-0.5709614157676697,0.0006740913637879294,1086.0,,,,,,,,,,,,,,0.3551517172390797,,,,,0.031946294009685516,6.321553519228473e-05
,imappo,,,,1086.0,0.0,0.0,0.0031607767000423337,0.0,0.0,0.0,0.0,0.0031607767000423337,0.0,0.0,0.0,0.0,0.0,,,,,,,
-0.0034169121645390987,imappo,1.0402136041420817e-08,-0.41827312111854553,0.0006737912637545849,1087.0,,,,,,,,,,,,,,0.35501833944648215,,,,,0.03374333679676056,5.715259976568632e-05
,imappo,,,,1087.0,0.0,0.0,0.002857629957361496,0.0,0.0,0.0,0.0,0.002857629957361496,0.0,0.0,0.0,0.0,0.0,,,,,,,
-0.004810998681932688,imappo,4.475362302969188e-08,-0.3989180624485016,0.0006734911637212405,1088.0,,,,,,,,,,,,,,0.3548849616538846,,,,,0.03087674081325531,5.7465465943096206e-05
,imappo,,,,1088.0,0.0,0.0,0.002873273264413001,0.0,0.0,0.0,0.0,0.002873273264413001,0.0,0.0,0.0,0.0,0.0,,,,,,,
0.00011989043559879065,imappo,5.177446027460064e-08,-1.0758056640625,0.000673191063687896,1089.0,,,,,,,,,,,,,,0.3547515838612871,,,,,0.026208383962512016,6.420674617402256e-05
,imappo,,,,1089.0,0.0,0.0,0.003210337180462375,0.0,0.0,0.0,0.0,0.003210337180462375,0.0,0.0,0.0,0.0,0.0,,,,,,,
-0.0012417039833962917,imappo,6.604516045172204e-08,-0.7998164892196655,0.0006728909636545515,1090.0,,,,,,,,,,,,,,0.35461820606868955,,,,,0.02931692823767662,5.554117160500027e-05
,imappo,,,,1090.0,0.0,0.0,0.00277705856024113,0.0,0.0,0.0,0.0,0.00277705856024113,0.0,0.0,0.0,0.0,0.0,,,,,,,
0.013597140088677406,imappo,3.4651339575475504e-08,-0.9836034178733826,0.0006725908636212071,1091.0,,,,,,,,,,,,,,0.354484828276092,,,,,0.02744097262620926,6.40802682028152e-05
,imappo,,,,1091.0,0.0,0.0,0.0032040135220086086,0.0,0.0,0.0,0.0,0.0032040135220086086,0.0,0.0,0.0,0.0,0.0,,,,,,,
-0.007381261792033911,imappo,2.115680253211849e-08,-0.5023815035820007,0.0006722907635878627,1092.0,,,,,,,,,,,,,,0.3543514504834945,,,,,0.031231658533215523,5.625842459267005e-05
,imappo,,,,1092.0,0.0,0.0,0.0028129212187195662,0.0,0.0,0.0,0.0,0.0028129212187195662,0.0,0.0,0.0,0.0,0.0,,,,,,,
-0.0023661968298256397,imappo,8.455884170643913e-08,-0.5028302073478699,0.0006719906635545181,1093.0,,,,,,,,,,,,,,0.35421807269089695,,,,,0.028767645359039307,5.235530261415988e-05
,imappo,,,,1093.0,0.0,0.0,0.002617765172090003,0.0,0.0,0.0,0.0,0.002617765172090003,0.0,0.0,0.0,0.0,0.0,,,,,,,
-0.0061795939691364765,imappo,1.0178349718614754e-08,-0.7787395715713501,0.0006716905635211737,1094.0,,,,,,,,,,,,,,0.3540846948982994,,,,,0.03073243238031864,5.59019208594691e-05
,imappo,,,,1094.0,0.0,0.0,0.0027950958465225995,0.0,0.0,0.0,0.0,0.0027950958465225995,0.0,0.0,0.0,0.0,0.0,,,,,,,
-0.005458580330014229,imappo,8.144509422436386e-08,-0.5347187519073486,0.0006713904634878293,1095.0,,,,,,,,,,,,,,0.3539513171057019,,,,,0.03288166597485542,5.532539580599405e-05
,imappo,,,,1095.0,0.0,0.0,0.0027662697589221352,0.0,0.0,0.0,0.0,0.0027662697589221352,0.0,0.0,0.0,0.0,0.0,,,,,,,
0.0012578079476952553,imappo,4.1279353268919294e-08,-0.9310439229011536,0.0006710903634544849,1096.0,,,,,,,,,,,,,,0.35381793931310435,,,,,0.02806750498712063,5.3744435717817396e-05
,imappo,,,,1096.0,0.0,0.0,0.002687222191525507,0.0,0.0,0.0,0.0,0.002687222191525507,0.0,0.0,0.0,0.0,0.0,,,,,,,
0.008380028419196606,imappo,5.707249783881707e-08,-0.7803036570549011,0.0006707902634211405,1097.0,,,,,,,,,,,,,,0.35368456152050687,,,,,0.031450580805540085,6.165460945339873e-05
,imappo,,,,1097.0,0.0,0.0,0.0030827303235128056,0.0,0.0,0.0,0.0,0.0030827303235128056,0.0,0.0,0.0,0.0,0.0,,,,,,,
-0.0033083632588386536,imappo,7.240014099352265e-08,-0.6319868564605713,0.000670490163387796,1098.0,,,,,,,,,,,,,,0.3535511837279093,,,,,0.029581498354673386,5.514391523320228e-05
,imappo,,,,1098.0,0.0,0.0,0.0027571959872148,0.0,0.0,0.0,0.0,0.0027571959872148,0.0,0.0,0.0,0.0,0.0,,,,,,,
-0.006967156194150448,imappo,1.6258328017215717e-08,-0.7649320363998413,0.0006701900633544515,1099.0,,,,,,,,,,,,,,0.3534178059353118,,,,,0.030642854049801826,5.994497041683644e-05
,imappo,,,,1099.0,0.0,0.0,0.002997248155224952,0.0,0.0,0.0,0.0,0.002997248155224952,0.0,0.0,0.0,0.0,0.0,,,,,,,
,imappo,,,,1099.0,,,,,,,,,,,,,,,0.0,0.0,0.0,0.0,,
-0.004662982653826475,imappo,2.987472669246927e-08,-0.5967943072319031,0.000669889963321107,1100.0,,,,,,,,,,,,,,0.3532844281427142,,,,,0.033210162073373795,5.7728080719243735e-05
,imappo,,,,1100.0,0.0,0.0,0.0028864038974631967,0.0,0.0,0.0,0.0,0.0028864038974631967,0.0,0.0,0.0,0.0,0.0,,,,,,,
0.003219307865947485,imappo,2.836873704836762e-07,-0.4963175356388092,0.0006695898632877626,1101.0,,,,,,,,,,,,,,0.35315105035011674,,,,,0.029354026541113853,5.541459177038632e-05
,imappo,,,,1101.0,0.0,0.0,0.002770729686062623,0.0,0.0,0.0,0.0,0.002770729686062623,0.0,0.0,0.0,0.0,0.0,,,,,,,
-0.004619836341589689,imappo,7.436018023554425e-08,-0.4912181496620178,0.0006692897632544182,1102.0,,,,,,,,,,,,,,0.35301767255751915,,,,,0.03187766298651695,5.5993386922637e-05
,imappo,,,,1102.0,0.0,0.0,0.002799669159230689,0.0,0.0,0.0,0.0,0.002799669159230689,0.0,0.0,0.0,0.0,0.0,,,,,,,
-0.013936703093349934,imappo,4.239138462480696e-08,-0.5671802759170532,0.0006689896632210738,1103.0,,,,,,,,,,,,,,0.35288429476492167,,,,,0.02896443009376526,5.165766560821794e-05
,imappo,,,,1103.0,0.0,0.0,0.0025828832567640347,0.0,0.0,0.0,0.0,0.0025828832567640347,0.0,0.0,0.0,0.0,0.0,,,,,,,
0.003464398207142949,imappo,6.069775082551132e-08,-1.0741183757781982,0.0006686895631877292,1104.0,,,,,,,,,,,,,,0.3527509169723241,,,,,0.02844242937862873,5.7993194786831737e-05
,imappo,,,,1104.0,0.0,0.0,0.002899659680224431,0.0,0.0,0.0,0.0,0.002899659680224431,0.0,0.0,0.0,0.0,0.0,,,,,,,
-0.011174757033586502,imappo,8.242980698014435e-08,-0.9682921171188354,0.0006683894631543848,1105.0,,,,,,,,,,,,,,0.3526175391797266,,,,,0.029520247131586075,5.6197754020104185e-05
,imappo,,,,1105.0,0.0,0.0,0.0028098874190618517,0.0,0.0,0.0,0.0,0.0028098874190618517,0.0,0.0,0.0,0.0,0.0,,,,,,,
-0.004118803888559341,imappo,2.9198716333667107e-08,-0.7921829223632812,0.0006680893631210404,1106.0,,,,,,,,,,,,,,0.352484161387129,,,,,0.030527956783771515,5.720567423850298e-05
,imappo,,,,1106.0,0.0,0.0,0.002860283623476789,0.0,0.0,0.0,0.0,0.002860283623476789,0.0,0.0,0.0,0.0,0.0,,,,,,,
-0.007202806416898966,imappo,1.802229832037483e-07,-0.49976846575737,0.000667789263087696,1107.0,,,,,,,,,,,,,,0.35235078359453154,,,,,0.0336390882730484,6.19615166215226e-05
,imappo,,,,1107.0,0.0,0.0,0.0030980760220700176,0.0,0.0,0.0,0.0,0.0030980760220700176,0.0,0.0,0.0,0.0,0.0,,,,,,,
0.0011267177760601044,imappo,1.065693311375071e-07,-0.5170093774795532,0.0006674891630543514,1108.0,,,,,,,,,,,,,,0.35221740580193395,,,,,0.033021196722984314,6.200349162099883e-05
,imappo,,,,1108.0,0.0,0.0,0.0031001744537206832,0.0,0.0,0.0,0.0,0.0031001744537206832,0.0,0.0,0.0,0.0,0.0,,,,,,,
-0.008742892183363438,imappo,2.9679846136332344e-08,-0.6844442486763,0.000667189063021007,1109.0,,,,,,,,,,,,,,0.35208402800933647,,,,,0.03167266398668289,5.891746695851907e-05
,imappo,,,,1109.0,0.0,0.0,0.002945873453427339,0.0,0.0,0.0,0.0,0.002945873453427339,0.0,0.0,0.0,0.0,0.0,,,,,,,
0.0005963394069112837,imappo,3.6105294753951966e-08,-0.70118248462677,0.0006668889629876625,1110.0,,,,,,,,,,,,,,0.3519506502167389,,,,,0.03086973913013935,5.783841334050521e-05
,imappo,,,,1110.0,0.0,0.0,0.0028919205851707375,0.0,0.0,0.0,0.0,0.0028919205851707375,0.0,0.0,0.0,0.0,0.0,,,,,,,
-3.739530802704394e-05,imappo,3.6102072442645294e-08,-0.7005606889724731,0.0006665888629543181,1111.0,,,,,,,,,,,,,,0.3518172724241414,,,,,0.028491251170635223,5.301285636960529e-05
,imappo,,,,1111.0,0.0,0.0,0.002650642536536907,0.0,0.0,0.0,0.0,0.002650642536536907,0.0,0.0,0.0,0.0,0.0,,,,,,,
-0.006020548287779093,imappo,1.799741369268304e-07,-0.6337030529975891,0.0006662887629209737,1112.0,,,,,,,,,,,,,,0.3516838946315438,,,,,0.03159858658909798,5.9836998843820766e-05
,imappo,,,,1112.0,0.0,0.0,0.0029918502341388375,0.0,0.0,0.0,0.0,0.0029918502341388375,0.0,0.0,0.0,0.0,0.0,,,,,,,
0.004909707233309746,imappo,1.6957983461907133e-07,-1.0829062461853027,0.0006659886628876293,1113.0,,,,,,,,,,,,,,0.35155051683894634,,,,,0.027917690575122833,5.41161498404108e-05
,imappo,,,,1113.0,0.0,0.0,0.002705807464735699,0.0,0.0,0.0,0.0,0.002705807464735699,0.0,0.0,0.0,0.0,0.0,,,,,,,
-0.007932712323963642,imappo,1.674900396153589e-08,-0.904629647731781,0.0006656885628542849,1114.0,,,,,,,,,,,,,,0.35141713904634875,,,,,0.02797139808535576,5.4292067943606526e-05
,imappo,,,,1114.0,0.0,0.0,0.002714603489948786,0.0,0.0,0.0,0.0,0.002714603489948786,0.0,0.0,0.0,0.0,0.0,,,,,,,
-0.0010153243783861399,imappo,1.8161777859404538e-08,-0.8058863878250122,0.0006653884628209403,1115.0,,,,,,,,,,,,,,0.35128376125375127,,,,,0.03108212910592556,5.3266230679582804e-05
,imappo,,,,1115.0,0.0,0.0,0.0026633115903678117,0.0,0.0,0.0,0.0,0.0026633115903678117,0.0,0.0,0.0,0.0,0.0,,,,,,,
0.007120172027498484,imappo,1.9912247850584208e-08,-1.396951675415039,0.0006650883627875958,1116.0,,,,,,,,,,,,,,0.3511503834611537,,,,,0.027270827442407608,5.9346682974137366e-05
,imappo,,,,1116.0,0.0,0.0,0.0029673341905436246,0.0,0.0,0.0,0.0,0.0029673341905436246,0.0,0.0,0.0,0.0,0.0,,,,,,,
0.009762789122760296,imappo,3.5815784116266514e-08,-0.6986512541770935,0.0006647882627542514,1117.0,,,,,,,,,,,,,,0.3510170056685562,,,,,0.030515868216753006,5.830241207149811e-05
,imappo,,,,1117.0,0.0,0.0,0.002915120689408468,0.0,0.0,0.0,0.0,0.002915120689408468,0.0,0.0,0.0,0.0,0.0,,,,,,,
0.00703446613624692,imappo,3.8156695580937594e-08,-1.0364216566085815,0.000664488162720907,1118.0,,,,,,,,,,,,,,0.3508836278759586,,,,,0.02650952711701393,5.3333566029323265e-05
,imappo,,,,1118.0,0.0,0.0,0.0026666783714972553,0.0,0.0,0.0,0.0,0.0026666783714972553,0.0,0.0,0.0,0.0,0.0,,,,,,,
-0.005254031158983707,imappo,8.391859296352777e-08,-0.8696093559265137,0.0006641880626875625,1119.0,,,,,,,,,,,,,,0.35075025008336114,,,,,0.0340200699865818,5.873863119632006e-05
,imappo,,,,1119.0,0.0,0.0,0.002936931603727544,0.0,0.0,0.0,0.0,0.002936931603727544,0.0,0.0,0.0,0.0,0.0,,,,,,,
0.0009580051410011947,imappo,1.5682871890021488e-07,-0.827022910118103,0.0006638879626542181,1120.0,,,,,,,,,,,,,,0.35061687229076355,,,,,0.02961132675409317,5.528873225557618e-05
,imappo,,,,1120.0,0.0,0.0,0.002764436622157973,0.0,0.0,0.0,0.0,0.002764436622157973,0.0,0.0,0.0,0.0,0.0,,,,,,,
-0.003746842499822378,imappo,1.4702357020723866e-07,-0.7935993671417236,0.0006635878626208736,1121.0,,,,,,,,,,,,,,0.35048349449816607,,,,,0.028508227318525314,5.432900070445612e-05
,imappo,,,,1121.0,0.0,0.0,0.0027164501719028067,0.0,0.0,0.0,0.0,0.0027164501719028067,0.0,0.0,0.0,0.0,0.0,,,,,,,
-0.003418094478547573,imappo,2.1822398110771246e-08,-0.8768487572669983,0.0006632877625875292,1122.0,,,,,,,,,,,,,,0.3503501167055685,,,,,0.02879181131720543,5.669898018823005e-05
,imappo,,,,1122.0,0.0,0.0,0.0028349486478873587,0.0,0.0,0.0,0.0,0.0028349486478873587,0.0,0.0,0.0,0.0,0.0,,,,,,,
-0.005677730776369572,imappo,3.917365276606688e-08,-0.6782692670822144,0.0006629876625541848,1123.0,,,,,,,,,,,,,,0.350216738912971,,,,,0.03083326295018196,5.6783574109431356e-05
,imappo,,,,1123.0,0.0,0.0,0.0028391787737973573,0.0,0.0,0.0,0.0,0.0028391787737973573,0.0,0.0,0.0,0.0,0.0,,,,,,,
0.023587007075548172,imappo,2.2760754347928014e-07,-1.0115925073623657,0.0006626875625208404,1124.0,,,,,,,,,,,,,,0.3500833611203734,,,,,0.03157566487789154,5.830859299749136e-05
,imappo,,,,1124.0,0.0,0.0,0.0029154296425986104,0.0,0.0,0.0,0.0,0.0029154296425986104,0.0,0.0,0.0,0.0,0.0,,,,,,,
-0.00469083059579134,imappo,6.346964198655769e-08,-0.9626085162162781,0.0006623874624874958,1125.0,,,,,,,,,,,,,,0.34994998332777594,,,,,0.02904985472559929,4.9080088501796126e-05
,imappo,,,,1125.0,0.0,0.0,0.002454004554238054,0.0,0.0,0.0,0.0,0.002454004554238054,0.0,0.0,0.0,0.0,0.0,,,,,,,
-0.005080821458250284,imappo,5.811696901503183e-09,-1.0598057508468628,0.0006620873624541514,1126.0,,,,,,,,,,,,,,0.34981660553517835,,,,,0.03375650569796562,5.473785495269112e-05
,imappo,,,,1126.0,0.0,0.0,0.002736892913162592,0.0,0.0,0.0,0.0,0.002736892913162592,0.0,0.0,0.0,0.0,0.0,,,,,,,
0.004799386486411095,imappo,1.412364269981481e-07,-0.8915500640869141,0.0006617872624208069,1127.0,,,,,,,,,,,,,,0.34968322774258087,,,,,0.02661817893385887,4.832496415474452e-05
,imappo,,,,1127.0,0.0,0.0,0.0024162482404790353,0.0,0.0,0.0,0.0,0.0024162482404790353,0.0,0.0,0.0,0.0,0.0,,,,,,,
0.0023613469675183296,imappo,1.2086273670774972e-07,-1.2651771306991577,0.0006614871623874625,1128.0,,,,,,,,,,,,,,0.3495498499499833,,,,,0.032699741423130035,5.99384875386022e-05
,imappo,,,,1128.0,0.0,0.0,0.002996924489707453,0.0,0.0,0.0,0.0,0.002996924489707453,0.0,0.0,0.0,0.0,0.0,,,,,,,
0.0032058062497526407,imappo,1.1159872315147368e-07,-1.467449426651001,0.0006611870623541181,1129.0,,,,,,,,,,,,,,0.3494164721573858,,,,,0.028912607580423355,5.552270158659667e-05
,imappo,,,,1129.0,0.0,0.0,0.002776135002477531,0.0,0.0,0.0,0.0,0.002776135002477531,0.0,0.0,0.0,0.0,0.0,,,,,,,
0.00649522989988327,imappo,2.140725463561921e-08,-1.0246055126190186,0.0006608869623207736,1130.0,,,,,,,,,,,,,,0.3492830943647882,,,,,0.030597221106290817,5.4868822189746425e-05
,imappo,,,,1130.0,0.0,0.0,0.0027434410862952063,0.0,0.0,0.0,0.0,0.0027434410862952063,0.0,0.0,0.0,0.0,0.0,,,,,,,
-0.0019803422037512064,imappo,9.638173992243537e-08,-0.7424699664115906,0.0006605868622874292,1131.0,,,,,,,,,,,,,,0.34914971657219074,,,,,0.028519459068775177,5.354266977519728e-05
,imappo,,,,1131.0,0.0,0.0,0.0026771334980253414,0.0,0.0,0.0,0.0,0.0026771334980253414,0.0,0.0,0.0,0.0,0.0,,,,,,,
-0.0025926814414560795,imappo,4.9879712804568044e-08,-0.9065188765525818,0.0006602867622540847,1132.0,,,,,,,,,,,,,,0.34901633877959315,,,,,0.029852449893951416,5.434568811324425e-05
,imappo,,,,1132.0,0.0,0.0,0.0027172845893801423,0.0,0.0,0.0,0.0,0.0027172845893801423,0.0,0.0,0.0,0.0,0.0,,,,,,,
0.009577589109539986,imappo,1.2828216711113782e-07,-1.0106849670410156,0.0006599866622207403,1133.0,,,,,,,,,,,,,,0.34888296098699567,,,,,0.02513754740357399,5.029341991757974e-05
,imappo,,,,1133.0,0.0,0.0,0.002514671075687147,0.0,0.0,0.0,0.0,0.002514671075687147,0.0,0.0,0.0,0.0,0.0,,,,,,,
0.0017149453051388264,imappo,4.8720977474658866e-08,-1.1974499225616455,0.0006596865621873959,1134.0,,,,,,,,,,,,,,0.3487495831943981,,,,,0.0324726402759552,5.532314025913365e-05
,imappo,,,,1134.0,0.0,0.0,0.002766156871075509,0.0,0.0,0.0,0.0,0.002766156871075509,0.0,0.0,0.0,0.0,0.0,,,,,,,
-0.01022439543157816,imappo,1.6033659733238892e-08,-0.9787887334823608,0.0006593864621540514,1135.0,,,,,,,,,,,,,,0.3486162054018006,,,,,0.03179941326379776,5.410549056250602e-05
,imappo,,,,1135.0,0.0,0.0,0.002705274609809294,0.0,0.0,0.0,0.0,0.002705274609809294,0.0,0.0,0.0,0.0,0.0,,,,,,,
0.007759539410471916,imappo,1.068304129603348e-07,-1.278185486793518,0.0006590863621207069,1136.0,,,,,,,,,,,,,,0.348482827609203,,,,,0.029111552983522415,5.5102704209275544e-05
,imappo,,,,1136.0,0.0,0.0,0.002755135061306646,0.0,0.0,0.0,0.0,0.002755135061306646,0.0,0.0,0.0,0.0,0.0,,,,,,,
0.007648187223821878,imappo,4.856719471035831e-09,-1.2107278108596802,0.0006587862620873625,1137.0,,,,,,,,,,,,,,0.34834944981660554,,,,,0.03143877908587456,5.367373887565918e-05
,imappo,,,,1137.0,0.0,0.0,0.002683687078388175,0.0,0.0,0.0,0.0,0.002683687078388175,0.0,0.0,0.0,0.0,0.0,,,,,,,
0.00021123967599123716,imappo,9.18951883477348e-08,-1.0537453889846802,0.000658486162054018,1138.0,,,,,,,,,,,,,,0.34821607202400795,,,,,0.03024822473526001,5.3481697250390425e-05
,imappo,,,,1138.0,0.0,0.0,0.0026740847986275185,0.0,0.0,0.0,0.0,0.0026740847986275185,0.0,0.0,0.0,0.0,0.0,,,,,,,
-0.00217510131187737,imappo,2.864176806838259e-08,-0.9657053351402283,0.0006581860620206736,1139.0,,,,,,,,,,,,,,0.34808269423141047,,,,,0.02956381067633629,5.410167432273738e-05
,imappo,,,,1139.0,0.0,0.0,0.0027050836126818467,0.0,0.0,0.0,0.0,0.0027050836126818467,0.0,0.0,0.0,0.0,0.0,,,,,,,
0.009391918778419495,imappo,3.584056429417615e-08,-1.8690376281738281,0.0006578859619873292,1140.0,,,,,,,,,,,,,,0.3479493164388129,,,,,0.027377832680940628,6.831868813605979e-05
,imappo,,,,1140.0,0.0,0.0,0.0034159343667852227,0.0,0.0,0.0,0.0,0.0034159343667852227,0.0,0.0,0.0,0.0,0.0,,,,,,,
-0.00485106511041522,imappo,5.097941624399027e-09,-1.081591010093689,0.0006575858619539847,1141.0,,,,,,,,,,,,,,0.3478159386462154,,,,,0.029449786990880966,5.271049667499028e-05
,imappo,,,,1141.0,0.0,0.0,0.002635524760989938,0.0,0.0,0.0,0.0,0.002635524760989938,0.0,0.0,0.0,0.0,0.0,,,,,,,
0.05468161031603813,imappo,2.852649494400339e-08,-1.4705621004104614,0.0006572857619206403,1142.0,,,,,,,,,,,,,,0.3476825608536179,,,,,0.030055128037929535,5.5392221838701516e-05
,imappo,,,,1142.0,0.0,0.0,0.0027696113497768238,0.0,0.0,0.0,0.0,0.0027696113497768238,0.0,0.0,0.0,0.0,0.0,,,,,,,
-0.0007211013580672443,imappo,8.805971418723857e-08,-1.0370944738388062,0.0006569856618872957,1143.0,,,,,,,,,,,,,,0.34754918306102034,,,,,0.03160616755485535,5.413382314145565e-05
,imappo,,,,1143.0,0.0,0.0,0.002706691125240468,0.0,0.0,0.0,0.0,0.002706691125240468,0.0,0.0,0.0,0.0,0.0,,,,,,,
-0.004764871671795845,imappo,2.1230830427043657e-08,-1.2627201080322266,0.0006566855618539513,1144.0,,,,,,,,,,,,,,0.3474158052684228,,,,,0.032152898609638214,5.676867294823751e-05
,imappo,,,,1144.0,0.0,0.0,0.0028384334800648503,0.0,0.0,0.0,0.0,0.0028384334800648503,0.0,0.0,0.0,0.0,0.0,,,,,,,
0.01625404693186283,imappo,1.4564546901851827e-08,-1.331099271774292,0.0006563854618206069,1145.0,,,,,,,,,,,,,,0.3472824274758253,,,,,0.03050089068710804,5.549613342736848e-05
,imappo,,,,1145.0,0.0,0.0,0.0027748066822823603,0.0,0.0,0.0,0.0,0.0027748066822823603,0.0,0.0,0.0,0.0,0.0,,,,,,,
-0.0011702156625688076,imappo,1.8021752978825134e-08,-1.4087008237838745,0.0006560853617872625,1146.0,,,,,,,,,,,,,,0.34714904968322774,,,,,0.030245788395404816,5.659838643623516e-05
,imappo,,,,1146.0,0.0,0.0,0.0028299194782448467,0.0,0.0,0.0,0.0,0.0028299194782448467,0.0,0.0,0.0,0.0,0.0,,,,,,,
-0.0007529616705141962,imappo,2.8522869399694173e-08,-1.1104575395584106,0.000655785261753918,1147.0,,,,,,,,,,,,,,0.3470156718906302,,,,,0.028821442276239395,5.1271905249450356e-05
,imappo,,,,1147.0,0.0,0.0,0.002563595219726267,0.0,0.0,0.0,0.0,0.002563595219726267,0.0,0.0,0.0,0.0,0.0,,,,,,,
-0.002178080379962921,imappo,1.4061778408347436e-08,-1.1016685962677002,0.0006554851617205736,1148.0,,,,,,,,,,,,,,0.3468822940980327,,,,,0.031231919303536415,5.764796514995396e-05
,imappo,,,,1148.0,0.0,0.0,0.002882398101974104,0.0,0.0,0.0,0.0,0.002882398101974104,0.0,0.0,0.0,0.0,0.0,,,,,,,
-0.013876454904675484,imappo,2.061167414524334e-08,-1.1799590587615967,0.0006551850616872291,1149.0,,,,,,,,,,,,,,0.34674891630543514,,,,,0.032736197113990784,5.4528602049686015e-05
,imappo,,,,1149.0,0.0,0.0,0.0027264299351372756,0.0,0.0,0.0,0.0,0.0027264299351372756,0.0,0.0,0.0,0.0,0.0,,,,,,,
0.0029342540074139833,imappo,8.869363909980166e-09,-1.1925971508026123,0.0006548849616538847,1150.0,,,,,,,,,,,,,,0.3466155385128376,,,,,0.03125802055001259,5.328666520654224e-05
,imappo,,,,1150.0,0.0,0.0,0.0026643332312232815,0.0,0.0,0.0,0.0,0.0026643332312232815,0.0,0.0,0.0,0.0,0.0,,,,,,,
0.021823745220899582,imappo,3.211569676864201e-08,-1.0567145347595215,0.0006545848616205403,1151.0,,,,,,,,,,,,,,0.3464821607202401,,,,,0.030503714457154274,5.598780626314692e-05
,imappo,,,,1151.0,0.0,0.0,0.00279939030906462,0.0,0.0,0.0,0.0,0.00279939030906462,0.0,0.0,0.0,0.0,0.0,,,,,,,
-0.010820970870554447,imappo,1.622018857005969e-07,-1.261362910270691,0.0006542847615871957,1152.0,,,,,,,,,,,,,,0.34634878292764254,,,,,0.032604604959487915,6.215802568476647e-05
,imappo,,,,1152.0,0.0,0.0,0.0031079014643182745,0.0,0.0,0.0,0.0,0.0031079014643182745,0.0,0.0,0.0,0.0,0.0,,,,,,,
0.05269811302423477,imappo,4.454377489082617e-08,-1.2446656227111816,0.0006539846615538512,1153.0,,,,,,,,,,,,,,0.346215405135045,,,,,0.02814829722046852,5.415991836343892e-05
,imappo,,,,1153.0,0.0,0.0,0.0027079960445917095,0.0,0.0,0.0,0.0,0.0027079960445917095,0.0,0.0,0.0,0.0,0.0,,,,,,,
0.0056421346962451935,imappo,1.315299300586048e-07,-0.945051372051239,0.0006536845615205068,1154.0,,,,,,,,,,,,,,0.3460820273424475,,,,,0.026630623266100883,5.232115290709771e-05
,imappo,,,,1154.0,0.0,0.0,0.002616057460272714,0.0,0.0,0.0,0.0,0.002616057460272714,0.0,0.0,0.0,0.0,0.0,,,,,,,
0.0007646497688256204,imappo,2.981823854497634e-08,-1.0558489561080933,0.0006533844614871624,1155.0,,,,,,,,,,,,,,0.34594864954984994,,,,,0.027902822941541672,4.9547037633601576e-05
,imappo,,,,1155.0,0.0,0.0,0.0024773516424829722,0.0,0.0,0.0,0.0,0.0024773516424829722,0.0,0.0,0.0,0.0,0.0,,,,,,,
-4.1290244553238153e-05,imappo,7.423214043456028e-08,-0.8713369965553284,0.000653084361453818,1156.0,,,,,,,,,,,,,,0.3458152717572524,,,,,0.028459295630455017,5.2397354011191055e-05
,imappo,,,,1156.0,0.0,0.0,0.0026198678088462657,0.0,0.0,0.0,0.0,0.0026198678088462657,0.0,0.0,0.0,0.0,0.0,,,,,,,
-0.001561386976391077,imappo,3.846341201096948e-08,-1.174498438835144,0.0006527842614204736,1157.0,,,,,,,,,,,,,,0.3456818939646549,,,,,0.030173318460583687,5.043127021053806e-05
,imappo,,,,1157.0,0.0,0.0,0.002521563568734564,0.0,0.0,0.0,0.0,0.002521563568734564,0.0,0.0,0.0,0.0,0.0,,,,,,,
0.049378901720047,imappo,2.557254141777321e-08,-1.8340678215026855,0.0006524841613871291,1158.0,,,,,,,,,,,,,,0.34554851617205734,,,,,0.02616157941520214,6.594682781724259e-05
,imappo,,,,1158.0,0.0,0.0,0.00329734155047845,0.0,0.0,0.0,0.0,0.00329734155047845,0.0,0.0,0.0,0.0,0.0,,,,,,,
-0.004749109502881765,imappo,3.789786973129594e-08,-1.2951897382736206,0.0006521840613537847,1159.0,,,,,,,,,,,,,,0.3454151383794598,,,,,0.033654022961854935,7.141420792322606e-05
,imappo,,,,1159.0,0.0,0.0,0.0035707103670574725,0.0,0.0,0.0,0.0,0.0035707103670574725,0.0,0.0,0.0,0.0,0.0,,,,,,,
-0.007383924443274736,imappo,6.853280609675494e-08,-0.8987067937850952,0.0006518839613204402,1160.0,,,,,,,,,,,,,,0.3452817605868623,,,,,0.02769116498529911,5.058035094407387e-05
,imappo,,,,1160.0,0.0,0.0,0.002529017485812801,0.0,0.0,0.0,0.0,0.002529017485812801,0.0,0.0,0.0,0.0,0.0,,,,,,,
-0.0007041807402856648,imappo,9.632310948859413e-09,-0.9785351753234863,0.0006515838612870957,1161.0,,,,,,,,,,,,,,0.34514838279426474,,,,,0.030059853568673134,5.338517075870186e-05
,imappo,,,,1161.0,0.0,0.0,0.0026692585815908387,0.0,0.0,0.0,0.0,0.0026692585815908387,0.0,0.0,0.0,0.0,0.0,,,,,,,
-0.007372287102043629,imappo,2.1653124804288382e-07,-0.9162221550941467,0.0006512837612537513,1162.0,,,,,,,,,,,,,,0.3450150050016672,,,,,0.025589635595679283,5.2805196901317686e-05
,imappo,,,,1162.0,0.0,0.0,0.0026402601215522736,0.0,0.0,0.0,0.0,0.0026402601215522736,0.0,0.0,0.0,0.0,0.0,,,,,,,
0.0014604361495003104,imappo,2.4214783067577628e-08,-1.1453315019607544,0.0006509836612204068,1163.0,,,,,,,,,,,,,,0.3448816272090697,,,,,0.03373398631811142,5.6727458286331967e-05
,imappo,,,,1163.0,0.0,0.0,0.0028363730313856195,0.0,0.0,0.0,0.0,0.0028363730313856195,0.0,0.0,0.0,0.0,0.0,,,,,,,
-0.003209791611880064,imappo,9.799121158948765e-08,-0.9952075481414795,0.0006506835611870623,1164.0,,,,,,,,,,,,,,0.34474824941647214,,,,,0.033077023923397064,5.7367808039998636e-05
,imappo,,,,1164.0,0.0,0.0,0.00286839028558461,0.0,0.0,0.0,0.0,0.00286839028558461,0.0,0.0,0.0,0.0,0.0,,,,,,,
-0.00021672999719157815,imappo,4.420884636147093e-08,-0.9248589873313904,0.0006503834611537179,1165.0,,,,,,,,,,,,,,0.3446148716238746,,,,,0.031043117865920067,5.493225035024807e-05
,imappo,,,,1165.0,0.0,0.0,0.0027466124265629333,0.0,0.0,0.0,0.0,0.0027466124265629333,0.0,0.0,0.0,0.0,0.0,,,,,,,
0.03237302973866463,imappo,3.7899788196682493e-08,-1.1642274856567383,0.0006500833611203735,1166.0,,,,,,,,,,,,,,0.3444814938312771,,,,,0.030709367245435715,5.186472844798118e-05
,imappo,,,,1166.0,0.0,0.0,0.0025932363896572497,0.0,0.0,0.0,0.0,0.0025932363896572497,0.0,0.0,0.0,0.0,0.0,,,,,,,
-0.0034163878299295902,imappo,7.788546696474441e-08,-1.2254489660263062,0.0006497832610870291,1167.0,,,,,,,,,,,,,,0.34434811603867954,,,,,0.03211949020624161,6.565695366589352e-05
,imappo,,,,1167.0,0.0,0.0,0.0032828478806550265,0.0,0.0,0.0,0.0,0.0032828478806550265,0.0,0.0,0.0,0.0,0.0,,,,,,,
-0.0021788799203932285,imappo,7.239824739713185e-09,-0.9015902876853943,0.0006494831610536846,1168.0,,,,,,,,,,,,,,0.344214738246082,,,,,0.03024737536907196,5.262674676487222e-05
,imappo,,,,1168.0,0.0,0.0,0.002631337567436276,0.0,0.0,0.0,0.0,0.002631337567436276,0.0,0.0,0.0,0.0,0.0,,,,,,,
0.011967228725552559,imappo,5.417007287178421e-09,-0.9882003664970398,0.0006491830610203402,1169.0,,,,,,,,,,,,,,0.3440813604534845,,,,,0.027455385774374008,4.85647251480259e-05
,imappo,,,,1169.0,0.0,0.0,0.0024282363543761676,0.0,0.0,0.0,0.0,0.0024282363543761676,0.0,0.0,0.0,0.0,0.0,,,,,,,
-0.005935859400779009,imappo,3.396074887973555e-08,-0.9339176416397095,0.0006488829609869956,1170.0,,,,,,,,,,,,,,0.34394798266088694,,,,,0.029910095036029816,5.288299507810734e-05
,imappo,,,,1170.0,0.0,0.0,0.0026441496201528025,0.0,0.0,0.0,0.0,0.0026441496201528025,0.0,0.0,0.0,0.0,0.0,,,,,,,
-0.00690789520740509,imappo,1.0367113389975202e-07,-1.2778922319412231,0.0006485828609536512,1171.0,,,,,,,,,,,,,,0.3438146048682894,,,,,0.030669402331113815,6.668326386716217e-05
,imappo,,,,1171.0,0.0,0.0,0.003334163222461939,0.0,0.0,0.0,0.0,0.003334163222461939,0.0,0.0,0.0,0.0,0.0,,,,,,,
-0.0026898737996816635,imappo,4.863368374685706e-08,-0.8600049614906311,0.0006482827609203068,1172.0,,,,,,,,,,,,,,0.3436812270756919,,,,,0.031235545873641968,5.4132440709508955e-05
,imappo,,,,1172.0,0.0,0.0,0.002706622136088299,0.0,0.0,0.0,0.0,0.002706622136088299,0.0,0.0,0.0,0.0,0.0,,,,,,,
0.0013153159525245428,imappo,9.845114057327464e-09,-1.0431256294250488,0.0006479826608869624,1173.0,,,,,,,,,,,,,,0.34354784928309434,,,,,0.02948189713060856,5.057020462118089e-05
,imappo,,,,1173.0,0.0,0.0,0.002528510314732557,0.0,0.0,0.0,0.0,0.002528510314732557,0.0,0.0,0.0,0.0,0.0,,,,,,,
-0.004971726331859827,imappo,1.6588817430829295e-08,-0.898910641670227,0.0006476825608536179,1174.0,,,,,,,,,,,,,,0.34341447149049686,,,,,0.029216529801487923,5.1479870307957754e-05
,imappo,,,,1174.0,0.0,0.0,0.0025739935990714002,0.0,0.0,0.0,0.0,0.0025739935990714002,0.0,0.0,0.0,0.0,0.0,,,,,,,
-0.007666268385946751,imappo,2.270361854073144e-08,-0.9601531028747559,0.0006473824608202734,1175.0,,,,,,,,,,,,,,0.3432810936978993,,,,,0.03091547265648842,5.5233995226444677e-05
,imappo,,,,1175.0,0.0,0.0,0.0027616995935204613,0.0,0.0,0.0,0.0,0.0027616995935204613,0.0,0.0,0.0,0.0,0.0,,,,,,,
-0.005870914086699486,imappo,1.2173003050008901e-08,-0.8966338038444519,0.000647082360786929,1176.0,,,,,,,,,,,,,,0.3431477159053018,,,,,0.0302751362323761,5.336725007509813e-05
,imappo,,,,1176.0,0.0,0.0,0.002668362592885387,0.0,0.0,0.0,0.0,0.002668362592885387,0.0,0.0,0.0,0.0,0.0,,,,,,,
-0.005764754023402929,imappo,1.9665240102995085e-08,-1.088287591934204,0.0006467822607535846,1177.0,,,,,,,,,,,,,,0.3430143381127042,,,,,0.03158041089773178,5.476562728290446e-05
,imappo,,,,1177.0,0.0,0.0,0.00273828149511246,0.0,0.0,0.0,0.0,0.00273828149511246,0.0,0.0,0.0,0.0,0.0,,,,,,,
2.468540333211422e-05,imappo,2.1113940817940602e-08,-1.2623913288116455,0.0006464821607202402,1178.0,,,,,,,,,,,,,,0.34288096032010673,,,,,0.030010433867573738,5.025874270359054e-05
,imappo,,,,1178.0,0.0,0.0,0.0025129372734227218,0.0,0.0,0.0,0.0,0.0025129372734227218,0.0,0.0,0.0,0.0,0.0,,,,,,,
-0.009385769255459309,imappo,4.649651685895151e-08,-0.6712601184844971,0.0006461820606868956,1179.0,,,,,,,,,,,,,,0.34274758252750914,,,,,0.031772613525390625,6.011400546412915e-05
,imappo,,,,1179.0,0.0,0.0,0.003005699945788365,0.0,0.0,0.0,0.0,0.003005699945788365,0.0,0.0,0.0,0.0,0.0,,,,,,,
-0.002358166966587305,imappo,2.3970180507149053e-08,-1.3168216943740845,0.0006458819606535512,1180.0,,,,,,,,,,,,,,0.34261420473491166,,,,,0.02877964824438095,4.924146560369991e-05
,imappo,,,,1180.0,0.0,0.0,0.0024620732729090378,0.0,0.0,0.0,0.0,0.0024620732729090378,0.0,0.0,0.0,0.0,0.0,,,,,,,
-3.632041625678539e-05,imappo,3.187274089100356e-08,-0.9403670430183411,0.0006455818606202067,1181.0,,,,,,,,,,,,,,0.3424808269423141,,,,,0.02679784968495369,4.879140396951698e-05
,imappo,,,,1181.0,0.0,0.0,0.0024395700866080006,0.0,0.0,0.0,0.0,0.0024395700866080006,0.0,0.0,0.0,0.0,0.0,,,,,,,
-0.0037673613987863064,imappo,4.686005539156213e-08,-1.3123360872268677,0.0006452817605868623,1182.0,,,,,,,,,,,,,,0.3423474491497166,,,,,0.033655665814876556,5.61749839107506e-05
,imappo,,,,1182.0,0.0,0.0,0.002808749170981173,0.0,0.0,0.0,0.0,0.002808749170981173,0.0,0.0,0.0,0.0,0.0,,,,,,,
-0.00525823887437582,imappo,2.0974994185962714e-08,-1.4105321168899536,0.0006449816605535179,1183.0,,,,,,,,,,,,,,0.342214071357119,,,,,0.02824210561811924,4.8389480070909485e-05
,imappo,,,,1183.0,0.0,0.0,0.0024194740399252623,0.0,0.0,0.0,0.0,0.0024194740399252623,0.0,0.0,0.0,0.0,0.0,,,,,,,
0.06789235770702362,imappo,4.22953689849237e-08,-1.306122899055481,0.0006446815605201735,1184.0,,,,,,,,,,,,,,0.34208069356452153,,,,,0.03000491112470627,5.288153261062689e-05
,imappo,,,,1184.0,0.0,0.0,0.002644076810554452,0.0,0.0,0.0,0.0,0.002644076810554452,0.0,0.0,0.0,0.0,0.0,,,,,,,
0.003566546132788062,imappo,6.349205250444356e-08,-1.3790043592453003,0.000644381460486829,1185.0,,,,,,,,,,,,,,0.34194731577192394,,,,,0.0322488509118557,6.168682739371434e-05
,imappo,,,,1185.0,0.0,0.0,0.003084341460635187,0.0,0.0,0.0,0.0,0.003084341460635187,0.0,0.0,0.0,0.0,0.0,,,,,,,
-0.004043092951178551,imappo,7.081417408016932e-08,-1.0794519186019897,0.0006440813604534845,1186.0,,,,,,,,,,,,,,0.34181393797932647,,,,,0.030122924596071243,5.308332765707746e-05
,imappo,,,,1186.0,0.0,0.0,0.0026541664665273856,0.0,0.0,0.0,0.0,0.0026541664665273856,0.0,0.0,0.0,0.0,0.0,,,,,,,
-0.0010892680147662759,imappo,8.51825721071009e-09,-1.3559757471084595,0.00064378126042014,1187.0,,,,,,,,,,,,,,0.3416805601867289,,,,,0.0305738914757967,5.3508643759414554e-05
,imappo,,,,1187.0,0.0,0.0,0.002675432098840247,0.0,0.0,0.0,0.0,0.002675432098840247,0.0,0.0,0.0,0.0,0.0,,,,,,,
-0.0034274011850357056,imappo,7.62397363018863e-08,-1.6785368919372559,0.0006434811603867956,1188.0,,,,,,,,,,,,,,0.3415471823941314,,,,,0.029047446325421333,5.757030157838017e-05
,imappo,,,,1188.0,0.0,0.0,0.002878515158954542,0.0,0.0,0.0,0.0,0.002878515158954542,0.0,0.0,0.0,0.0,0.0,,,,,,,
-0.003303816542029381,imappo,6.571846711267426e-08,-1.4493852853775024,0.0006431810603534512,1189.0,,,,,,,,,,,,,,0.3414138046015338,,,,,0.03322868049144745,5.5267923016799614e-05
,imappo,,,,1189.0,0.0,0.0,0.0027633961690298747,0.0,0.0,0.0,0.0,0.0027633961690298747,0.0,0.0,0.0,0.0,0.0,,,,,,,
0.03883245214819908,imappo,1.2201221366581194e-08,-1.601564645767212,0.0006428809603201067,1190.0,,,,,,,,,,,,,,0.34128042680893633,,,,,0.02940349653363228,4.814880958292633e-05
,imappo,,,,1190.0,0.0,0.0,0.0024074402135738637,0.0,0.0,0.0,0.0,0.0024074402135738637,0.0,0.0,0.0,0.0,0.0,,,,,,,
-0.009213130921125412,imappo,1.2266465887478262e-07,-0.8685061931610107,0.0006425808602867623,1191.0,,,,,,,,,,,,,,0.34114704901633874,,,,,0.0308870580047369,6.052296521374956e-05
,imappo,,,,1191.0,0.0,0.0,0.003026148617209401,0.0,0.0,0.0,0.0,0.003026148617209401,0.0,0.0,0.0,0.0,0.0,,,,,,,
-0.003643318545073271,imappo,4.079719246874447e-07,-1.0529190301895142,0.0006422807602534178,1192.0,,,,,,,,,,,,,,0.34101367122374127,,,,,0.026197776198387146,5.9962476370856166e-05
,imappo,,,,1192.0,0.0,0.0,0.0029981238435539126,0.0,0.0,0.0,0.0,0.0029981238435539126,0.0,0.0,0.0,0.0,0.0,,,,,,,
-0.014298430643975735,imappo,4.140751741488202e-08,-1.2083487510681152,0.0006419806602200734,1193.0,,,,,,,,,,,,,,0.3408802934311437,,,,,0.029621586203575134,5.307059836923145e-05
,imappo,,,,1193.0,0.0,0.0,0.0026535299639363075,0.0,0.0,0.0,0.0,0.0026535299639363075,0.0,0.0,0.0,0.0,0.0,,,,,,,
0.011912724934518337,imappo,4.637614736680007e-08,-1.4285341501235962,0.000641680560186729,1194.0,,,,,,,,,,,,,,0.3407469156385462,,,,,0.031966157257556915,5.39776447112672e-05
,imappo,,,,1194.0,0.0,0.0,0.0026988820573023986,0.0,0.0,0.0,0.0,0.0026988820573023986,0.0,0.0,0.0,0.0,0.0,,,,,,,
0.00635125394910574,imappo,1.99553351620807e-08,-1.1302820444107056,0.0006413804601533846,1195.0,,,,,,,,,,,,,,0.3406135378459486,,,,,0.029337724670767784,4.871832061326131e-05
,imappo,,,,1195.0,0.0,0.0,0.002435916267131688,0.0,0.0,0.0,0.0,0.002435916267131688,0.0,0.0,0.0,0.0,0.0,,,,,,,
0.001855773152783513,imappo,7.682539049369552e-09,-1.083146095275879,0.00064108036012004,1196.0,,,,,,,,,,,,,,0.34048016005335113,,,,,0.029897522181272507,4.899119448964484e-05
,imappo,,,,1196.0,0.0,0.0,0.0024495595098414924,0.0,0.0,0.0,0.0,0.0024495595098414924,0.0,0.0,0.0,0.0,0.0,,,,,,,
-0.006040219683200121,imappo,1.3867463621863862e-08,-1.1408709287643433,0.0006407802600866955,1197.0,,,,,,,,,,,,,,0.34034678226075354,,,,,0.03034818544983864,5.2694642363348976e-05
,imappo,,,,1197.0,0.0,0.0,0.0026347317689214833,0.0,0.0,0.0,0.0,0.0026347317689214833,0.0,0.0,0.0,0.0,0.0,,,,,,,
-0.0033015760127454996,imappo,3.8007797797945386e-08,-1.2207258939743042,0.0006404801600533511,1198.0,,,,,,,,,,,,,,0.34021340446815607,,,,,0.03277212381362915,5.6424043577862903e-05
,imappo,,,,1198.0,0.0,0.0,0.0028212019988131942,0.0,0.0,0.0,0.0,0.0028212019988131942,0.0,0.0,0.0,0.0,0.0,,,,,,,
0.0028078595642000437,imappo,4.13750598227125e-08,-1.3707062005996704,0.0006401800600200067,1199.0,,,,,,,,,,,,,,0.3400800266755585,,,,,0.031984973698854446,5.450859316624701e-05
,imappo,,,,1199.0,0.0,0.0,0.002725429501879262,0.0,0.0,0.0,0.0,0.002725429501879262,0.0,0.0,0.0,0.0,0.0,,,,,,,
,imappo,,,,1199.0,,,,,,,,,,,,,,,0.0,0.0,0.0,0.0,,
0.010994434356689453,imappo,1.2625095280327514e-07,-1.4457135200500488,0.0006398799599866623,1200.0,,,,,,,,,,,,,,0.339946648882961,,,,,0.03092023730278015,6.229470454854891e-05
,imappo,,,,1200.0,0.0,0.0,0.003114735442068195,0.0,0.0,0.0,0.0,0.003114735442068195,0.0,0.0,0.0,0.0,0.0,,,,,,,
-0.00360331148840487,imappo,7.647827260370832e-07,-0.955320417881012,0.0006395798599533178,1201.0,,,,,,,,,,,,,,0.3398132710903634,,,,,0.02444075420498848,5.756928658229299e-05
,imappo,,,,1201.0,0.0,0.0,0.002878464172738404,0.0,0.0,0.0,0.0,0.002878464172738404,0.0,0.0,0.0,0.0,0.0,,,,,,,
-0.0024638560134917498,imappo,1.2604948551597772e-07,-1.3980026245117188,0.0006392797599199733,1202.0,,,,,,,,,,,,,,0.33967989329776593,,,,,0.03092726692557335,5.198985309107229e-05
,imappo,,,,1202.0,0.0,0.0,0.0025994926727435086,0.0,0.0,0.0,0.0,0.0025994926727435086,0.0,0.0,0.0,0.0,0.0,,,,,,,
-0.004065618384629488,imappo,6.501036153849782e-08,-0.7901372313499451,0.0006389796598866289,1203.0,,,,,,,,,,,,,,0.33954651550516834,,,,,0.028778545558452606,5.539838821277954e-05
,imappo,,,,1203.0,0.0,0.0,0.002769919236925489,0.0,0.0,0.0,0.0,0.002769919236925489,0.0,0.0,0.0,0.0,0.0,,,,,,,
-9.902962483465672e-05,imappo,2.93262360173685e-07,-1.3765108585357666,0.0006386795598532845,1204.0,,,,,,,,,,,,,,0.33941313771257087,,,,,0.029647842049598694,4.945261753164232e-05
,imappo,,,,1204.0,0.0,0.0,0.0024726309697484794,0.0,0.0,0.0,0.0,0.0024726309697484794,0.0,0.0,0.0,0.0,0.0,,,,,,,
0.039763130247592926,imappo,1.4439319784287363e-07,-2.053959846496582,0.00063837945981994,1205.0,,,,,,,,,,,,,,0.3392797599199733,,,,,0.027970246970653534,5.684460120392032e-05
,imappo,,,,1205.0,0.0,0.0,0.0028422299910744186,0.0,0.0,0.0,0.0,0.0028422299910744186,0.0,0.0,0.0,0.0,0.0,,,,,,,
0.006202111952006817,imappo,5.966020921732706e-08,-1.2195754051208496,0.0006380793597865956,1206.0,,,,,,,,,,,,,,0.3391463821273758,,,,,0.02923785150051117,4.7990466555347666e-05
,imappo,,,,1206.0,0.0,0.0,0.0023995233277673833,0.0,0.0,0.0,0.0,0.0023995233277673833,0.0,0.0,0.0,0.0,0.0,,,,,,,
0.0020815222524106503,imappo,1.8863792661250045e-07,-1.4464359283447266,0.0006377792597532511,1207.0,,,,,,,,,,,,,,0.3390130043347782,,,,,0.029522519558668137,6.297883373918012e-05
,imappo,,,,1207.0,0.0,0.0,0.003148941632389324,0.0,0.0,0.0,0.0,0.003148941632389324,0.0,0.0,0.0,0.0,0.0,,,,,,,
0.004843545146286488,imappo,6.37711750073322e-08,-1.097157597541809,0.0006374791597199066,1208.0,,,,,,,,,,,,,,0.33887962654218073,,,,,0.03006856143474579,5.071372652309947e-05
,imappo,,,,1208.0,0.0,0.0,0.002535686521014213,0.0,0.0,0.0,0.0,0.002535686521014213,0.0,0.0,0.0,0.0,0.0,,,,,,,
0.016780493780970573,imappo,3.3632019835749816e-08,-1.154340386390686,0.0006371790596865622,1209.0,,,,,,,,,,,,,,0.33874624874958315,,,,,0.03506704792380333,5.8408921177033335e-05
,imappo,,,,1209.0,0.0,0.0,0.0029204461404788162,0.0,0.0,0.0,0.0,0.0029204461404788162,0.0,0.0,0.0,0.0,0.0,,,,,,,
0.010942844673991203,imappo,3.050757868550136e-07,-1.5491513013839722,0.0006368789596532178,1210.0,,,,,,,,,,,,,,0.33861287095698567,,,,,0.027979038655757904,6.321306864265352e-05
,imappo,,,,1210.0,0.0,0.0,0.0031606533120793756,0.0,0.0,0.0,0.0,0.0031606533120793756,0.0,0.0,0.0,0.0,0.0,,,,,,,
0.003353516338393092,imappo,3.196240072611545e-08,-1.5686562061309814,0.0006365788596198734,1211.0,,,,,,,,,,,,,,0.3384794931643881,,,,,0.03135358542203903,5.426410643849522e-05
,imappo,,,,1211.0,0.0,0.0,0.0027132054146932205,0.0,0.0,0.0,0.0,0.0027132054146932205,0.0,0.0,0.0,0.0,0.0,,,,,,,
0.004066766239702702,imappo,2.9622079011915048e-08,-1.6488161087036133,0.0006362787595865289,1212.0,,,,,,,,,,,,,,0.3383461153717906,,,,,0.032730765640735626,5.777158003184013e-05
,imappo,,,,1212.0,0.0,0.0,0.002888578732381575,0.0,0.0,0.0,0.0,0.002888578732381575,0.0,0.0,0.0,0.0,0.0,,,,,,,
0.013227339833974838,imappo,4.185668345257909e-08,-1.6492246389389038,0.0006359786595531844,1213.0,,,,,,,,,,,,,,0.338212737579193,,,,,0.031967006623744965,5.6819128076313064e-05
,imappo,,,,1213.0,0.0,0.0,0.0028409562655724585,0.0,0.0,0.0,0.0,0.0028409562655724585,0.0,0.0,0.0,0.0,0.0,,,,,,,
0.015154179185628891,imappo,4.3633271218368463e-08,-1.608611822128296,0.00063567855951984,1214.0,,,,,,,,,,,,,,0.33807935978659553,,,,,0.03256555646657944,5.3869887779001147e-05
,imappo,,,,1214.0,0.0,0.0,0.0026934943125525024,0.0,0.0,0.0,0.0,0.0026934943125525024,0.0,0.0,0.0,0.0,0.0,,,,,,,
0.01984783262014389,imappo,4.6898804839656805e-08,-1.6139072179794312,0.0006353784594864955,1215.0,,,,,,,,,,,,,,0.33794598199399795,,,,,0.028602279722690582,5.064422293798998e-05
,imappo,,,,1215.0,0.0,0.0,0.0025322113351649023,0.0,0.0,0.0,0.0,0.0025322113351649023,0.0,0.0,0.0,0.0,0.0,,,,,,,
-0.004749225918203592,imappo,1.2125992654432594e-08,-1.3629639148712158,0.0006350783594531511,1216.0,,,,,,,,,,,,,,0.33781260420140047,,,,,0.029946504160761833,5.138687265571207e-05
,imappo,,,,1216.0,0.0,0.0,0.002569343731011031,0.0,0.0,0.0,0.0,0.002569343731011031,0.0,0.0,0.0,0.0,0.0,,,,,,,
-0.005218423902988434,imappo,1.2180571218323166e-08,-1.4494541883468628,0.0006347782594198066,1217.0,,,,,,,,,,,,,,0.3376792264088029,,,,,0.029646769165992737,5.192615935811773e-05
,imappo,,,,1217.0,0.0,0.0,0.0025963078151107766,0.0,0.0,0.0,0.0,0.0025963078151107766,0.0,0.0,0.0,0.0,0.0,,,,,,,
0.03398353233933449,imappo,1.5181051082890917e-08,-1.6284055709838867,0.0006344781593864622,1218.0,,,,,,,,,,,,,,0.3375458486162054,,,,,0.029971636831760406,4.855929364566691e-05
,imappo,,,,1218.0,0.0,0.0,0.0024279647532239323,0.0,0.0,0.0,0.0,0.0024279647532239323,0.0,0.0,0.0,0.0,0.0,,,,,,,
0.00019593624165281653,imappo,3.106460155777313e-08,-1.4435749053955078,0.0006341780593531177,1219.0,,,,,,,,,,,,,,0.33741247082360787,,,,,0.028768694028258324,5.0658738473430276e-05
,imappo,,,,1219.0,0.0,0.0,0.0025329366417281562,0.0,0.0,0.0,0.0,0.0025329366417281562,0.0,0.0,0.0,0.0,0.0,,,,,,,
-0.0007691377541050315,imappo,4.489165306154064e-08,-1.2694319486618042,0.0006338779593197733,1220.0,,,,,,,,,,,,,,0.33727909303101034,,,,,0.02862013690173626,5.1652394176926464e-05
,imappo,,,,1220.0,0.0,0.0,0.0025826196917932975,0.0,0.0,0.0,0.0,0.0025826196917932975,0.0,0.0,0.0,0.0,0.0,,,,,,,
0.03070518560707569,imappo,7.028361892480461e-09,-1.9228103160858154,0.0006335778592864289,1221.0,,,,,,,,,,,,,,0.3371457152384128,,,,,0.029293902218341827,5.64227084396407e-05
,imappo,,,,1221.0,0.0,0.0,0.002821135309204692,0.0,0.0,0.0,0.0,0.002821135309204692,0.0,0.0,0.0,0.0,0.0,,,,,,,
-0.00700473552569747,imappo,1.0275975625972933e-07,-1.269631266593933,0.0006332777592530845,1222.0,,,,,,,,,,,,,,0.33701233744581527,,,,,0.027723025530576706,5.038267045165412e-05
,imappo,,,,1222.0,0.0,0.0,0.0025191333807015326,0.0,0.0,0.0,0.0,0.0025191333807015326,0.0,0.0,0.0,0.0,0.0,,,,,,,
-0.0028076048474758863,imappo,1.0716306952929244e-08,-1.6759792566299438,0.00063297765921974,1223.0,,,,,,,,,,,,,,0.33687895965321774,,,,,0.028941795229911804,4.649120455724187e-05
,imappo,,,,1223.0,0.0,0.0,0.002324560311535606,0.0,0.0,0.0,0.0,0.002324560311535606,0.0,0.0,0.0,0.0,0.0,,,,,,,
-0.00261983391828835,imappo,4.641160700202818e-08,-1.48117196559906,0.0006326775591863954,1224.0,,,,,,,,,,,,,,0.3367455818606202,,,,,0.029809318482875824,4.926799374516122e-05
,imappo,,,,1224.0,0.0,0.0,0.0024633995490148664,0.0,0.0,0.0,0.0,0.0024633995490148664,0.0,0.0,0.0,0.0,0.0,,,,,,,
-0.009008144028484821,imappo,4.594004110458627e-08,-1.6860994100570679,0.000632377459153051,1225.0,,,,,,,,,,,,,,0.33661220406802267,,,,,0.03172244131565094,5.3989289881428704e-05
,imappo,,,,1225.0,0.0,0.0,0.0026994644504156895,0.0,0.0,0.0,0.0,0.0026994644504156895,0.0,0.0,0.0,0.0,0.0,,,,,,,
0.04032236710190773,imappo,1.0533857341954445e-08,-1.6494632959365845,0.0006320773591197066,1226.0,,,,,,,,,,,,,,0.33647882627542514,,,,,0.031069578602910042,5.347413389245048e-05
,imappo,,,,1226.0,0.0,0.0,0.0026737066873465665,0.0,0.0,0.0,0.0,0.0026737066873465665,0.0,0.0,0.0,0.0,0.0,,,,,,,
-0.0023488961160182953,imappo,8.699013953616941e-09,-1.1965696811676025,0.0006317772590863622,1227.0,,,,,,,,,,,,,,0.3363454484828276,,,,,0.026080429553985596,4.8045945732155815e-05
,imappo,,,,1227.0,0.0,0.0,0.002402297171556711,0.0,0.0,0.0,0.0,0.002402297171556711,0.0,0.0,0.0,0.0,0.0,,,,,,,
0.02736164815723896,imappo,1.3065569071102345e-08,-1.7301549911499023,0.0006314771590530177,1228.0,,,,,,,,,,,,,,0.33621207069023007,,,,,0.03134869039058685,5.2164912631269544e-05
,imappo,,,,1228.0,0.0,0.0,0.0026082455206051236,0.0,0.0,0.0,0.0,0.0026082455206051236,0.0,0.0,0.0,0.0,0.0,,,,,,,
0.04120497405529022,imappo,1.8903792309288292e-08,-2.260228157043457,0.0006311770590196733,1229.0,,,,,,,,,,,,,,0.33607869289763254,,,,,0.028447367250919342,5.6302818848052993e-05
,imappo,,,,1229.0,0.0,0.0,0.002815140941493155,0.0,0.0,0.0,0.0,0.002815140941493155,0.0,0.0,0.0,0.0,0.0,,,,,,,
0.01057503093034029,imappo,1.3983774138637273e-08,-1.4275325536727905,0.0006308769589863288,1230.0,,,,,,,,,,,,,,0.335945315105035,,,,,0.031270839273929596,5.647365833283402e-05
,imappo,,,,1230.0,0.0,0.0,0.002823683182214154,0.0,0.0,0.0,0.0,0.002823683182214154,0.0,0.0,0.0,0.0,0.0,,,,,,,
-0.0012796975206583738,imappo,9.033740155928172e-08,-1.478249192237854,0.0006305768589529844,1231.0,,,,,,,,,,,,,,0.33581193731243747,,,,,0.028952520340681076,5.033059642300941e-05
,imappo,,,,1231.0,0.0,0.0,0.002516529614922547,0.0,0.0,0.0,0.0,0.002516529614922547,0.0,0.0,0.0,0.0,0.0,,,,,,,
0.005250349175184965,imappo,5.586271001334353e-09,-1.4885873794555664,0.00063027675891964,1232.0,,,,,,,,,,,,,,0.33567855951983994,,,,,0.028341392055153847,4.932633601129055e-05
,imappo,,,,1232.0,0.0,0.0,0.002466316838763305,0.0,0.0,0.0,0.0,0.002466316838763305,0.0,0.0,0.0,0.0,0.0,,,,,,,
-0.0048306779935956,imappo,7.0408159302814965e-09,-1.3756177425384521,0.0006299766588862955,1233.0,,,,,,,,,,,,,,0.3355451817272424,,,,,0.030059944838285446,5.467846858664416e-05
,imappo,,,,1233.0,0.0,0.0,0.0027339232910890132,0.0,0.0,0.0,0.0,0.0027339232910890132,0.0,0.0,0.0,0.0,0.0,,,,,,,
-0.0018559200689196587,imappo,6.155677745312005e-09,-1.4452608823776245,0.000629676558852951,1234.0,,,,,,,,,,,,,,0.33541180393464487,,,,,0.027777187526226044,4.836883817915805e-05
,imappo,,,,1234.0,0.0,0.0,0.002418441812551464,0.0,0.0,0.0,0.0,0.002418441812551464,0.0,0.0,0.0,0.0,0.0,,,,,,,
-0.009111632592976093,imappo,5.7525266328184443e-08,-1.2903804779052734,0.0006293764588196065,1235.0,,,,,,,,,,,,,,0.33527842614204734,,,,,0.03355943411588669,5.560917270486243e-05
,imappo,,,,1235.0,0.0,0.0,0.002780458651614026,0.0,0.0,0.0,0.0,0.002780458651614026,0.0,0.0,0.0,0.0,0.0,,,,,,,
-7.114867912605405e-05,imappo,2.8910625005096335e-09,-1.428794264793396,0.0006290763587862621,1236.0,,,,,,,,,,,,,,0.3351450483494498,,,,,0.03311961144208908,5.834194234921597e-05
,imappo,,,,1236.0,0.0,0.0,0.0029170972793508554,0.0,0.0,0.0,0.0,0.0029170972793508554,0.0,0.0,0.0,0.0,0.0,,,,,,,
0.02484690025448799,imappo,1.0533939587276109e-07,-1.679081678390503,0.0006287762587529177,1237.0,,,,,,,,,,,,,,0.33501167055685227,,,,,0.03301927447319031,6.605761882383376e-05
,imappo,,,,1237.0,0.0,0.0,0.0033028810321411584,0.0,0.0,0.0,0.0,0.0033028810321411584,0.0,0.0,0.0,0.0,0.0,,,,,,,
0.010816255584359169,imappo,3.653854818708169e-08,-2.2373759746551514,0.0006284761587195733,1238.0,,,,,,,,,,,,,,0.33487829276425474,,,,,0.02727663144469261,5.247887747827917e-05
,imappo,,,,1238.0,0.0,0.0,0.0026239435624120233,0.0,0.0,0.0,0.0,0.0026239435624120233,0.0,0.0,0.0,0.0,0.0,,,,,,,
0.001291411928832531,imappo,2.198880721948626e-08,-1.6899698972702026,0.0006281760586862288,1239.0,,,,,,,,,,,,,,0.3347449149716572,,,,,0.029872063547372818,4.907472975901328e-05
,imappo,,,,1239.0,0.0,0.0,0.0024537363769923104,0.0,0.0,0.0,0.0,0.0024537363769923104,0.0,0.0,0.0,0.0,0.0,,,,,,,
0.0040587810799479485,imappo,5.160893223887797e-08,-1.198604702949524,0.0006278759586528844,1240.0,,,,,,,,,,,,,,0.33461153717905967,,,,,0.027615059167146683,5.19460991199594e-05
,imappo,,,,1240.0,0.0,0.0,0.002597304908931619,0.0,0.0,0.0,0.0,0.002597304908931619,0.0,0.0,0.0,0.0,0.0,,,,,,,
0.009930992498993874,imappo,1.5156948052208463e-07,-1.7274754047393799,0.0006275758586195398,1241.0,,,,,,,,,,,,,,0.33447815938646214,,,,,0.03136633336544037,6.253032188396901e-05
,imappo,,,,1241.0,0.0,0.0,0.0031265161069313763,0.0,0.0,0.0,0.0,0.0031265161069313763,0.0,0.0,0.0,0.0,0.0,,,,,,,
0.03759070858359337,imappo,1.1536511124177196e-07,-1.7341359853744507,0.0006272757585861954,1242.0,,,,,,,,,,,,,,0.3343447815938646,,,,,0.030510809272527695,6.196409958647564e-05
,imappo,,,,1242.0,0.0,0.0,0.0030982050229795277,0.0,0.0,0.0,0.0,0.0030982050229795277,0.0,0.0,0.0,0.0,0.0,,,,,,,
-0.012463001534342766,imappo,2.5587015173300642e-08,-1.5754988193511963,0.000626975658552851,1243.0,,,,,,,,,,,,,,0.33421140380126707,,,,,0.02922530472278595,5.646693171001971e-05
,imappo,,,,1243.0,0.0,0.0,0.002823346745572053,0.0,0.0,0.0,0.0,0.002823346745572053,0.0,0.0,0.0,0.0,0.0,,,,,,,
-0.0018948179204016924,imappo,2.4868050729764946e-08,-1.4358646869659424,0.0006266755585195066,1244.0,,,,,,,,,,,,,,0.33407802600866954,,,,,0.02730698511004448,4.914270539302379e-05
,imappo,,,,1244.0,0.0,0.0,0.0024571356698288582,0.0,0.0,0.0,0.0,0.0024571356698288582,0.0,0.0,0.0,0.0,0.0,,,,,,,
0.07251939177513123,imappo,2.1940422811894678e-08,-1.6138588190078735,0.000626375458486162,1245.0,,,,,,,,,,,,,,0.333944648216072,,,,,0.03022398054599762,5.00149471918121e-05
,imappo,,,,1245.0,0.0,0.0,0.0025007474068843294,0.0,0.0,0.0,0.0,0.0025007474068843294,0.0,0.0,0.0,0.0,0.0,,,,,,,
-0.000970792374573648,imappo,5.595883862952178e-07,-1.333027720451355,0.0006260753584528176,1246.0,,,,,,,,,,,,,,0.33381127042347447,,,,,0.02675309032201767,7.113673200365156e-05
,imappo,,,,1246.0,0.0,0.0,0.003556836587449652,0.0,0.0,0.0,0.0,0.003556836587449652,0.0,0.0,0.0,0.0,0.0,,,,,,,
-0.004821577575057745,imappo,9.160599034885308e-08,-1.7731395959854126,0.0006257752584194732,1247.0,,,,,,,,,,,,,,0.33367789263087694,,,,,0.030791401863098145,5.0921476940857247e-05
,imappo,,,,1247.0,0.0,0.0,0.0025460738215770107,0.0,0.0,0.0,0.0,0.0025460738215770107,0.0,0.0,0.0,0.0,0.0,,,,,,,
0.010359121486544609,imappo,3.292770500706865e-08,-1.8167842626571655,0.0006254751583861288,1248.0,,,,,,,,,,,,,,0.3335445148382794,,,,,0.028887856751680374,4.887553950538859e-05
,imappo,,,,1248.0,0.0,0.0,0.0024437768624920864,0.0,0.0,0.0,0.0,0.0024437768624920864,0.0,0.0,0.0,0.0,0.0,,,,,,,
0.043739624321460724,imappo,6.842141431206983e-08,-1.9227896928787231,0.0006251750583527844,1249.0,,,,,,,,,,,,,,0.3334111370456819,,,,,0.030657734721899033,4.9173882871400565e-05
,imappo,,,,1249.0,0.0,0.0,0.00245869438185764,0.0,0.0,0.0,0.0,0.00245869438185764,0.0,0.0,0.0,0.0,0.0,,,,,,,
0.018107358366250992,imappo,1.232008983720334e-08,-1.9022890329360962,0.0006248749583194398,1250.0,,,,,,,,,,,,,,0.33327775925308434,,,,,0.028078852221369743,4.650262781069614e-05
,imappo,,,,1250.0,0.0,0.0,0.0023251313032233156,0.0,0.0,0.0,0.0,0.0023251313032233156,0.0,0.0,0.0,0.0,0.0,,,,,,,
0.021238960325717926,imappo,1.0781823789329792e-07,-2.2091755867004395,0.0006245748582860954,1251.0,,,,,,,,,,,,,,0.33314438146048686,,,,,0.029673026874661446,5.670902828569524e-05
,imappo,,,,1251.0,0.0,0.0,0.002835451377904974,0.0,0.0,0.0,0.0,0.002835451377904974,0.0,0.0,0.0,0.0,0.0,,,,,,,
0.02969394437968731,imappo,8.13440159674883e-09,-1.5734071731567383,0.0006242747582527509,1252.0,,,,,,,,,,,,,,0.33301100366788927,,,,,0.03271926939487457,5.5803408031351864e-05
,imappo,,,,1252.0,0.0,0.0,0.002790170527759983,0.0,0.0,0.0,0.0,0.002790170527759983,0.0,0.0,0.0,0.0,0.0,,,,,,,
-0.0030468604527413845,imappo,1.203101476221491e-07,-1.2463911771774292,0.0006239746582194065,1253.0,,,,,,,,,,,,,,0.3328776258752918,,,,,0.029516568407416344,6.506534555228427e-05
,imappo,,,,1253.0,0.0,0.0,0.0032532674604226486,0.0,0.0,0.0,0.0,0.0032532674604226486,0.0,0.0,0.0,0.0,0.0,,,,,,,
0.006613599136471748,imappo,1.5209698389639925e-08,-1.6560360193252563,0.0006236745581860621,1254.0,,,,,,,,,,,,,,0.3327442480826942,,,,,0.03138159215450287,5.227720976108685e-05
,imappo,,,,1254.0,0.0,0.0,0.0026138603416256956,0.0,0.0,0.0,0.0,0.0026138603416256956,0.0,0.0,0.0,0.0,0.0,,,,,,,
0.00253889849409461,imappo,6.383717554570012e-09,-1.6194177865982056,0.0006233744581527177,1255.0,,,,,,,,,,,,,,0.3326108702900967,,,,,0.030271347612142563,5.396212873165496e-05
,imappo,,,,1255.0,0.0,0.0,0.002698106396564981,0.0,0.0,0.0,0.0,0.002698106396564981,0.0,0.0,0.0,0.0,0.0,,,,,,,
0.032816510647535324,imappo,1.6380543144123294e-08,-1.9527875185012817,0.0006230743581193731,1256.0,,,,,,,,,,,,,,0.33247749249749914,,,,,0.029203126206994057,5.031082400819287e-05
,imappo,,,,1256.0,0.0,0.0,0.002515541140382993,0.0,0.0,0.0,0.0,0.002515541140382993,0.0,0.0,0.0,0.0,0.0,,,,,,,
0.022454647347331047,imappo,6.40942445784276e-08,-2.1294825077056885,0.0006227742580860287,1257.0,,,,,,,,,,,,,,0.33234411470490166,,,,,0.028537089005112648,5.9921698266407475e-05
,imappo,,,,1257.0,0.0,0.0,0.0029960851370560704,0.0,0.0,0.0,0.0,0.0029960851370560704,0.0,0.0,0.0,0.0,0.0,,,,,,,
0.00169209367595613,imappo,1.452049591676996e-08,-1.291993260383606,0.0006224741580526843,1258.0,,,,,,,,,,,,,,0.33221073691230407,,,,,0.02774197980761528,4.729004285763949e-05
,imappo,,,,1258.0,0.0,0.0,0.0023645021365155117,0.0,0.0,0.0,0.0,0.0023645021365155117,0.0,0.0,0.0,0.0,0.0,,,,,,,
0.020785054191946983,imappo,4.415203846974691e-08,-2.1050448417663574,0.0006221740580193398,1259.0,,,,,,,,,,,,,,0.3320773591197066,,,,,0.027528274804353714,5.747105024056509e-05
,imappo,,,,1259.0,0.0,0.0,0.002873552577511873,0.0,0.0,0.0,0.0,0.002873552577511873,0.0,0.0,0.0,0.0,0.0,,,,,,,
-0.008510224521160126,imappo,3.7940449004736365e-08,-1.494748592376709,0.0006218739579859953,1260.0,,,,,,,,,,,,,,0.331943981327109,,,,,0.03080718033015728,5.3979718359187245e-05
,imappo,,,,1260.0,0.0,0.0,0.0026989859452442033,0.0,0.0,0.0,0.0,0.0026989859452442033,0.0,0.0,0.0,0.0,0.0,,,,,,,
0.01898631453514099,imappo,1.542826844058709e-08,-2.2649612426757812,0.0006215738579526509,1261.0,,,,,,,,,,,,,,0.33181060353451153,,,,,0.03226728364825249,5.967926335870288e-05
,imappo,,,,1261.0,0.0,0.0,0.002983963320730254,0.0,0.0,0.0,0.0,0.002983963320730254,0.0,0.0,0.0,0.0,0.0,,,,,,,
-0.005583802703768015,imappo,1.481531608504838e-08,-1.8216443061828613,0.0006212737579193064,1262.0,,,,,,,,,,,,,,0.33167722574191394,,,,,0.02708040177822113,4.29219362558797e-05
,imappo,,,,1262.0,0.0,0.0,0.00214609698014101,0.0,0.0,0.0,0.0,0.00214609698014101,0.0,0.0,0.0,0.0,0.0,,,,,,,
0.012503646314144135,imappo,4.043200618752962e-08,-1.3879252672195435,0.000620973657885962,1263.0,,,,,,,,,,,,,,0.33154384794931646,,,,,0.03385721147060394,5.735743616241962e-05
,imappo,,,,1263.0,0.0,0.0,0.002867872053229803,0.0,0.0,0.0,0.0,0.002867872053229803,0.0,0.0,0.0,0.0,0.0,,,,,,,
0.010009994730353355,imappo,4.76571599961062e-08,-1.9661810398101807,0.0006206735578526176,1264.0,,,,,,,,,,,,,,0.3314104701567189,,,,,0.025702156126499176,5.1300339691806585e-05
,imappo,,,,1264.0,0.0,0.0,0.0025650170973676722,0.0,0.0,0.0,0.0,0.0025650170973676722,0.0,0.0,0.0,0.0,0.0,,,,,,,
0.004406478721648455,imappo,2.0441486725530922e-08,-2.3182759284973145,0.0006203734578192732,1265.0,,,,,,,,,,,,,,0.3312770923641214,,,,,0.02920977771282196,5.228061127127148e-05
,imappo,,,,1265.0,0.0,0.0,0.002614030572658521,0.0,0.0,0.0,0.0,0.002614030572658521,0.0,0.0,0.0,0.0,0.0,,,,,,,
-0.008700167760252953,imappo,5.730586138952276e-08,-1.5894725322723389,0.0006200733577859288,1266.0,,,,,,,,,,,,,,0.3311437145715238,,,,,0.029661621898412704,5.759236228186637e-05
,imappo,,,,1266.0,0.0,0.0,0.002879618314182153,0.0,0.0,0.0,0.0,0.002879618314182153,0.0,0.0,0.0,0.0,0.0,,,,,,,
0.014036213047802448,imappo,1.539734881816912e-07,-1.5190962553024292,0.0006197732577525841,1267.0,,,,,,,,,,,,,,0.33101033677892633,,,,,0.028628770262002945,5.298912219586782e-05
,imappo,,,,1267.0,0.0,0.0,0.002649455950574975,0.0,0.0,0.0,0.0,0.002649455950574975,0.0,0.0,0.0,0.0,0.0,,,,,,,
0.016939012333750725,imappo,1.4316940522007826e-08,-1.5529911518096924,0.0006194731577192397,1268.0,,,,,,,,,,,,,,0.33087695898632874,,,,,0.028200453147292137,5.860610690433532e-05
,imappo,,,,1268.0,0.0,0.0,0.0029303055180207593,0.0,0.0,0.0,0.0,0.0029303055180207593,0.0,0.0,0.0,0.0,0.0,,,,,,,
0.006048808339983225,imappo,2.8104183869004373e-08,-1.1777101755142212,0.0006191730576858953,1269.0,,,,,,,,,,,,,,0.33074358119373126,,,,,0.02936960756778717,5.176019840291701e-05
,imappo,,,,1269.0,0.0,0.0,0.0025880100783979287,0.0,0.0,0.0,0.0,0.0025880100783979287,0.0,0.0,0.0,0.0,0.0,,,,,,,
0.02678268402814865,imappo,4.0752770047447484e-08,-1.663569688796997,0.0006188729576525509,1270.0,,,,,,,,,,,,,,0.3306102034011337,,,,,0.030345285311341286,4.9555408622836694e-05
,imappo,,,,1270.0,0.0,0.0,0.0024777702492428944,0.0,0.0,0.0,0.0,0.0024777702492428944,0.0,0.0,0.0,0.0,0.0,,,,,,,
0.009448985569179058,imappo,9.03867913848444e-08,-2.316734790802002,0.0006185728576192064,1271.0,,,,,,,,,,,,,,0.3304768256085362,,,,,0.027491901069879532,5.2362567657837644e-05
,imappo,,,,1271.0,0.0,0.0,0.002618128261019592,0.0,0.0,0.0,0.0,0.002618128261019592,0.0,0.0,0.0,0.0,0.0,,,,,,,
0.018424315378069878,imappo,2.6905864203286e-08,-1.3554080724716187,0.000618272757585862,1272.0,,,,,,,,,,,,,,0.3303434478159386,,,,,0.03137814998626709,5.407333082985133e-05
,imappo,,,,1272.0,0.0,0.0,0.0027036664560000645,0.0,0.0,0.0,0.0,0.0027036664560000645,0.0,0.0,0.0,0.0,0.0,,,,,,,
6.410526111721992e-05,imappo,2.4973582313236875e-08,-1.7219278812408447,0.0006179726575525175,1273.0,,,,,,,,,,,,,,0.33021007002334113,,,,,0.031841665506362915,5.313145447871648e-05
,imappo,,,,1273.0,0.0,0.0,0.0026565728439891245,0.0,0.0,0.0,0.0,0.0026565728439891245,0.0,0.0,0.0,0.0,0.0,,,,,,,
0.01031467318534851,imappo,1.1312883962943943e-08,-1.4443098306655884,0.0006176725575191731,1274.0,,,,,,,,,,,,,,0.33007669223074354,,,,,0.028085213154554367,4.657225508708507e-05
,imappo,,,,1274.0,0.0,0.0,0.0023286128362087766,0.0,0.0,0.0,0.0,0.0023286128362087766,0.0,0.0,0.0,0.0,0.0,,,,,,,
-0.005605760961771011,imappo,2.356449328999588e-07,-1.4295772314071655,0.0006173724574858287,1275.0,,,,,,,,,,,,,,0.32994331443814606,,,,,0.02432887628674507,6.561126792803407e-05
,imappo,,,,1275.0,0.0,0.0,0.0032805632665713347,0.0,0.0,0.0,0.0,0.0032805632665713347,0.0,0.0,0.0,0.0,0.0,,,,,,,
0.005396541208028793,imappo,1.1357787599308722e-08,-1.4530112743377686,0.0006170723574524843,1276.0,,,,,,,,,,,,,,0.3298099366455485,,,,,0.031230773776769638,5.015547503717244e-05
,imappo,,,,1276.0,0.0,0.0,0.002507773709112371,0.0,0.0,0.0,0.0,0.002507773709112371,0.0,0.0,0.0,0.0,0.0,,,,,,,
0.013857495971024036,imappo,3.6288070326406796e-09,-1.888221025466919,0.0006167722574191397,1277.0,,,,,,,,,,,,,,0.329676558852951,,,,,0.031605832278728485,5.663717456627637e-05
,imappo,,,,1277.0,0.0,0.0,0.0028318589720583986,0.0,0.0,0.0,0.0,0.0028318589720583986,0.0,0.0,0.0,0.0,0.0,,,,,,,
-0.000730365514755249,imappo,6.3032192798573305e-09,-1.6767836809158325,0.0006164721573857952,1278.0,,,,,,,,,,,,,,0.3295431810603534,,,,,0.025976762175559998,4.3766413000412285e-05
,imappo,,,,1278.0,0.0,0.0,0.0021883208328290493,0.0,0.0,0.0,0.0,0.0021883208328290493,0.0,0.0,0.0,0.0,0.0,,,,,,,
0.019907385110855103,imappo,6.315953982038991e-09,-1.491984248161316,0.0006161720573524508,1279.0,,,,,,,,,,,,,,0.32940980326775593,,,,,0.029798615723848343,4.689013439929113e-05
,imappo,,,,1279.0,0.0,0.0,0.002344506666304369,0.0,0.0,0.0,0.0,0.002344506666304369,0.0,0.0,0.0,0.0,0.0,,,,,,,
-6.594602018594742e-05,imappo,2.1511110670502376e-09,-1.8528287410736084,0.0006158719573191064,1280.0,,,,,,,,,,,,,,0.32927642547515834,,,,,0.031992357224226,5.798001802759245e-05
,imappo,,,,1280.0,0.0,0.0,0.0028990007122047246,0.0,0.0,0.0,0.0,0.0028990007122047246,0.0,0.0,0.0,0.0,0.0,,,,,,,
0.03623240813612938,imappo,3.107793489220967e-08,-1.6344215869903564,0.000615571857285762,1281.0,,,,,,,,,,,,,,0.32914304768256086,,,,,0.028236187994480133,7.551632734248415e-05
,imappo,,,,1281.0,0.0,0.0,0.0037758164477850187,0.0,0.0,0.0,0.0,0.0037758164477850187,0.0,0.0,0.0,0.0,0.0,,,,,,,
0.002034728415310383,imappo,3.410883309129531e-08,-1.4735727310180664,0.0006152717572524175,1282.0,,,,,,,,,,,,,,0.3290096698899633,,,,,0.02021246775984764,5.8905439800582826e-05
,imappo,,,,1282.0,0.0,0.0,0.0029452720773406327,0.0,0.0,0.0,0.0,0.0029452720773406327,0.0,0.0,0.0,0.0,0.0,,,,,,,
-0.0028094183653593063,imappo,4.917868778875345e-08,-1.7846999168395996,0.0006149716572190731,1283.0,,,,,,,,,,,,,,0.3288762920973658,,,,,0.02895374968647957,5.5134525609901175e-05
,imappo,,,,1283.0,0.0,0.0,0.002756726196821546,0.0,0.0,0.0,0.0,0.002756726196821546,0.0,0.0,0.0,0.0,0.0,,,,,,,
-0.0072386981919407845,imappo,3.411464177816015e-08,-1.6136492490768433,0.0006146715571857286,1284.0,,,,,,,,,,,,,,0.3287429143047682,,,,,0.024182235822081566,3.9554466638946906e-05
,imappo,,,,1284.0,0.0,0.0,0.00197772328647261,0.0,0.0,0.0,0.0,0.00197772328647261,0.0,0.0,0.0,0.0,0.0,,,,,,,
0.007027201354503632,imappo,3.45570398962991e-08,-1.4717128276824951,0.0006143714571523841,1285.0,,,,,,,,,,,,,,0.32860953651217073,,,,,0.030428431928157806,6.23084997641854e-05
,imappo,,,,1285.0,0.0,0.0,0.00311542507915874,0.0,0.0,0.0,0.0,0.00311542507915874,0.0,0.0,0.0,0.0,0.0,,,,,,,
0.055308178067207336,imappo,3.5565292932915327e-08,-2.3595263957977295,0.0006140713571190397,1286.0,,,,,,,,,,,,,,0.32847615871957314,,,,,0.027024101465940475,5.505776789505035e-05
,imappo,,,,1286.0,0.0,0.0,0.0027528885584615637,0.0,0.0,0.0,0.0,0.0027528885584615637,0.0,0.0,0.0,0.0,0.0,,,,,,,
-0.005297843832522631,imappo,1.406647598400923e-08,-1.478745698928833,0.0006137712570856953,1287.0,,,,,,,,,,,,,,0.32834278092697566,,,,,0.02926667407155037,6.071302050258964e-05
,imappo,,,,1287.0,0.0,0.0,0.0030356507704709657,0.0,0.0,0.0,0.0,0.0030356507704709657,0.0,0.0,0.0,0.0,0.0,,,,,,,
-0.0006479026051238179,imappo,1.6087250642726758e-08,-2.1965928077697754,0.0006134711570523508,1288.0,,,,,,,,,,,,,,0.3282094031343781,,,,,0.030217446386814117,6.481962918769568e-05
,imappo,,,,1288.0,0.0,0.0,0.0032409814848506358,0.0,0.0,0.0,0.0,0.0032409814848506358,0.0,0.0,0.0,0.0,0.0,,,,,,,
-0.0015559575986117125,imappo,2.602018867037259e-08,-1.45272696018219,0.0006131710570190063,1289.0,,,,,,,,,,,,,,0.3280760253417806,,,,,0.02758590131998062,5.578517811954953e-05
,imappo,,,,1289.0,0.0,0.0,0.002789259035125724,0.0,0.0,0.0,0.0,0.002789259035125724,0.0,0.0,0.0,0.0,0.0,,,,,,,
0.010791316628456116,imappo,1.9784001992206868e-08,-1.3320417404174805,0.0006128709569856619,1290.0,,,,,,,,,,,,,,0.327942647549183,,,,,0.034285757690668106,5.3652795031666756e-05
,imappo,,,,1290.0,0.0,0.0,0.0026826397602235375,0.0,0.0,0.0,0.0,0.0026826397602235375,0.0,0.0,0.0,0.0,0.0,,,,,,,
-0.0031098139006644487,imappo,1.3324733316721904e-08,-1.3298579454421997,0.0006125708569523175,1291.0,,,,,,,,,,,,,,0.32780926975658553,,,,,0.03291819244623184,5.2141909691272303e-05
,imappo,,,,1291.0,0.0,0.0,0.0026070956350849883,0.0,0.0,0.0,0.0,0.0026070956350849883,0.0,0.0,0.0,0.0,0.0,,,,,,,
-0.0006307929288595915,imappo,1.6731998897512312e-08,-1.3526955842971802,0.0006122707569189731,1292.0,,,,,,,,,,,,,,0.32767589196398794,,,,,0.0310620479285717,5.231929389992729e-05
,imappo,,,,1292.0,0.0,0.0,0.0026159647356962523,0.0,0.0,0.0,0.0,0.0026159647356962523,0.0,0.0,0.0,0.0,0.0,,,,,,,
0.008679072372615337,imappo,3.12262926627227e-08,-1.4532127380371094,0.0006119706568856286,1293.0,,,,,,,,,,,,,,0.32754251417139046,,,,,0.03052576631307602,5.4357740737032145e-05
,imappo,,,,1293.0,0.0,0.0,0.0027178871860087384,0.0,0.0,0.0,0.0,0.0027178871860087384,0.0,0.0,0.0,0.0,0.0,,,,,,,
0.019692569971084595,imappo,9.828550417978477e-09,-1.3804081678390503,0.0006116705568522841,1294.0,,,,,,,,,,,,,,0.32740913637879293,,,,,0.028548095375299454,4.903447916149162e-05
,imappo,,,,1294.0,0.0,0.0,0.0024517239266970137,0.0,0.0,0.0,0.0,0.0024517239266970137,0.0,0.0,0.0,0.0,0.0,,,,,,,
-0.0005604664911516011,imappo,3.404129600426131e-08,-1.4640741348266602,0.0006113704568189396,1295.0,,,,,,,,,,,,,,0.3272757585861954,,,,,0.031953614205121994,5.6977864005602896e-05
,imappo,,,,1295.0,0.0,0.0,0.0028488931820902508,0.0,0.0,0.0,0.0,0.0028488931820902508,0.0,0.0,0.0,0.0,0.0,,,,,,,
0.00398936728015542,imappo,9.354297780816978e-09,-1.794232964515686,0.0006110703567855952,1296.0,,,,,,,,,,,,,,0.32714238079359786,,,,,0.03060075268149376,5.162174784345552e-05
,imappo,,,,1296.0,0.0,0.0,0.0025810873112277477,0.0,0.0,0.0,0.0,0.0025810873112277477,0.0,0.0,0.0,0.0,0.0,,,,,,,
0.01913962885737419,imappo,3.3804896659717087e-09,-1.7483524084091187,0.0006107702567522508,1297.0,,,,,,,,,,,,,,0.32700900300100033,,,,,0.03208120912313461,5.008688094676472e-05
,imappo,,,,1297.0,0.0,0.0,0.00250434421832324,0.0,0.0,0.0,0.0,0.00250434421832324,0.0,0.0,0.0,0.0,0.0,,,,,,,
0.0009821963030844927,imappo,6.436400301623735e-09,-1.6876739263534546,0.0006104701567189064,1298.0,,,,,,,,,,,,,,0.3268756252084028,,,,,0.032343074679374695,5.7487181038595736e-05
,imappo,,,,1298.0,0.0,0.0,0.0028743586499331286,0.0,0.0,0.0,0.0,0.0028743586499331286,0.0,0.0,0.0,0.0,0.0,,,,,,,
0.01813630573451519,imappo,1.4002060844120479e-08,-1.7612701654434204,0.0006101700566855619,1299.0,,,,,,,,,,,,,,0.32674224741580526,,,,,0.03032386302947998,5.145174509380013e-05
,imappo,,,,1299.0,0.0,0.0,0.002572587167378515,0.0,0.0,0.0,0.0,0.002572587167378515,0.0,0.0,0.0,0.0,0.0,,,,,,,
,imappo,,,,1299.0,,,,,,,,,,,,,,,0.0,0.0,0.0,0.0,,
0.004340203478932381,imappo,4.966797195748995e-09,-1.3793383836746216,0.0006098699566522174,1300.0,,,,,,,,,,,,,,0.32660886962320773,,,,,0.030486183241009712,5.352178413886577e-05
,imappo,,,,1300.0,0.0,0.0,0.0026760890141304117,0.0,0.0,0.0,0.0,0.0026760890141304117,0.0,0.0,0.0,0.0,0.0,,,,,,,
0.010512912645936012,imappo,5.644951617256311e-09,-1.7424310445785522,0.000609569856618873,1301.0,,,,,,,,,,,,,,0.3264754918306102,,,,,0.03050226718187332,5.309656262397766e-05
,imappo,,,,1301.0,0.0,0.0,0.0026548280839051586,0.0,0.0,0.0,0.0,0.0026548280839051586,0.0,0.0,0.0,0.0,0.0,,,,,,,
-0.0043222662061452866,imappo,7.184643990854056e-09,-1.7473081350326538,0.0006092697565855286,1302.0,,,,,,,,,,,,,,0.32634211403801267,,,,,0.0299217626452446,5.255865107756108e-05
,imappo,,,,1302.0,0.0,0.0,0.002627932703035185,0.0,0.0,0.0,0.0,0.002627932703035185,0.0,0.0,0.0,0.0,0.0,,,,,,,
0.000966808176599443,imappo,1.2632524359901254e-08,-1.1282970905303955,0.0006089696565521842,1303.0,,,,,,,,,,,,,,0.32620873624541513,,,,,0.0300510972738266,4.940544749842957e-05
,imappo,,,,1303.0,0.0,0.0,0.0024702722093934426,0.0,0.0,0.0,0.0,0.0024702722093934426,0.0,0.0,0.0,0.0,0.0,,,,,,,
-0.003751543816179037,imappo,7.125380729888775e-09,-1.8386938571929932,0.0006086695565188396,1304.0,,,,,,,,,,,,,,0.3260753584528176,,,,,0.02871936932206154,5.1036473450949416e-05
,imappo,,,,1304.0,0.0,0.0,0.0025518239053781144,0.0,0.0,0.0,0.0,0.0025518239053781144,0.0,0.0,0.0,0.0,0.0,,,,,,,
0.0027977104764431715,imappo,6.133132668395547e-09,-1.772762656211853,0.0006083694564854951,1305.0,,,,,,,,,,,,,,0.32594198066022007,,,,,0.031066572293639183,4.8371442971983925e-05
,imappo,,,,1305.0,0.0,0.0,0.0024185719521483406,0.0,0.0,0.0,0.0,0.0024185719521483406,0.0,0.0,0.0,0.0,0.0,,,,,,,
-0.005611117463558912,imappo,1.4891393007587794e-08,-1.4999974966049194,0.0006080693564521507,1306.0,,,,,,,,,,,,,,0.32580860286762253,,,,,0.02865562215447426,5.262370177661069e-05
,imappo,,,,1306.0,0.0,0.0,0.002631185154314153,0.0,0.0,0.0,0.0,0.002631185154314153,0.0,0.0,0.0,0.0,0.0,,,,,,,
0.045987844467163086,imappo,1.2151572192919957e-08,-2.2909646034240723,0.0006077692564188063,1307.0,,,,,,,,,,,,,,0.325675225075025,,,,,0.030163787305355072,6.0780352214351296e-05
,imappo,,,,1307.0,0.0,0.0,0.0030390174069907516,0.0,0.0,0.0,0.0,0.0030390174069907516,0.0,0.0,0.0,0.0,0.0,,,,,,,
-0.002931535942479968,imappo,1.0268632166798852e-08,-1.5110068321228027,0.0006074691563854619,1308.0,,,,,,,,,,,,,,0.32554184728242747,,,,,0.029393566772341728,4.996219286113046e-05
,imappo,,,,1308.0,0.0,0.0,0.0024981097394629614,0.0,0.0,0.0,0.0,0.0024981097394629614,0.0,0.0,0.0,0.0,0.0,,,,,,,
-0.0031558333430439234,imappo,5.116699508533884e-09,-1.4386297464370728,0.0006071690563521174,1309.0,,,,,,,,,,,,,,0.32540846948982993,,,,,0.03056694194674492,5.208444417803548e-05
,imappo,,,,1309.0,0.0,0.0,0.0026042224308184814,0.0,0.0,0.0,0.0,0.0026042224308184814,0.0,0.0,0.0,0.0,0.0,,,,,,,
-0.009039929136633873,imappo,2.1546058270871526e-09,-1.703711748123169,0.000606868956318773,1310.0,,,,,,,,,,,,,,0.3252750916972324,,,,,0.032756440341472626,5.396817505243234e-05
,imappo,,,,1310.0,0.0,0.0,0.002698408832657151,0.0,0.0,0.0,0.0,0.002698408832657151,0.0,0.0,0.0,0.0,0.0,,,,,,,
-0.006028070114552975,imappo,3.035357920566639e-08,-1.466248631477356,0.0006065688562854285,1311.0,,,,,,,,,,,,,,0.32514171390463487,,,,,0.024185840040445328,6.10015558777377e-05
,imappo,,,,1311.0,0.0,0.0,0.003050077908937965,0.0,0.0,0.0,0.0,0.003050077908937965,0.0,0.0,0.0,0.0,0.0,,,,,,,
0.0605851411819458,imappo,1.966762752658724e-08,-1.5349143743515015,0.000606268756252084,1312.0,,,,,,,,,,,,,,0.32500833611203733,,,,,0.02814861387014389,5.193537435843609e-05
,imappo,,,,1312.0,0.0,0.0,0.0025967686597141437,0.0,0.0,0.0,0.0,0.0025967686597141437,0.0,0.0,0.0,0.0,0.0,,,,,,,
0.07571063190698624,imappo,6.954736164743736e-08,-1.4981108903884888,0.0006059686562187396,1313.0,,,,,,,,,,,,,,0.3248749583194398,,,,,0.027343623340129852,5.249133027973585e-05
,imappo,,,,1313.0,0.0,0.0,0.0026245664703310467,0.0,0.0,0.0,0.0,0.0026245664703310467,0.0,0.0,0.0,0.0,0.0,,,,,,,
0.004338706377893686,imappo,1.606858468505834e-08,-1.8043293952941895,0.0006056685561853952,1314.0,,,,,,,,,,,,,,0.32474158052684227,,,,,0.030176673084497452,5.199261067900807e-05
,imappo,,,,1314.0,0.0,0.0,0.002599630599434022,0.0,0.0,0.0,0.0,0.002599630599434022,0.0,0.0,0.0,0.0,0.0,,,,,,,
0.035007625818252563,imappo,1.50440868651458e-08,-1.867154598236084,0.0006053684561520507,1315.0,,,,,,,,,,,,,,0.32460820273424473,,,,,0.029439734295010567,5.178584615350701e-05
,imappo,,,,1315.0,0.0,0.0,0.002589292485936312,0.0,0.0,0.0,0.0,0.002589292485936312,0.0,0.0,0.0,0.0,0.0,,,,,,,
-0.008194029331207275,imappo,1.4150555394110143e-08,-1.9464010000228882,0.0006050683561187062,1316.0,,,,,,,,,,,,,,0.3244748249416472,,,,,0.030918991193175316,5.397636414272711e-05
,imappo,,,,1316.0,0.0,0.0,0.002698818439966999,0.0,0.0,0.0,0.0,0.002698818439966999,0.0,0.0,0.0,0.0,0.0,,,,,,,
-0.005219459533691406,imappo,2.2546918998500587e-08,-1.549013376235962,0.0006047682560853618,1317.0,,,,,,,,,,,,,,0.32434144714904967,,,,,0.03197704255580902,5.136571417097002e-05
,imappo,,,,1317.0,0.0,0.0,0.002568285770394141,0.0,0.0,0.0,0.0,0.002568285770394141,0.0,0.0,0.0,0.0,0.0,,,,,,,
0.0007924765814095736,imappo,1.3552106992165136e-08,-1.98735773563385,0.0006044681560520174,1318.0,,,,,,,,,,,,,,0.32420806935645213,,,,,0.027728203684091568,4.912436997983605e-05
,imappo,,,,1318.0,0.0,0.0,0.00245621850626776,0.0,0.0,0.0,0.0,0.00245621850626776,0.0,0.0,0.0,0.0,0.0,,,,,,,
0.21103104948997498,imappo,7.54609352782154e-09,-1.8532925844192505,0.000604168056018673,1319.0,,,,,,,,,,,,,,0.3240746915638546,,,,,0.030720729380846024,4.686773900175467e-05
,imappo,,,,1319.0,0.0,0.0,0.0023433867154381005,0.0,0.0,0.0,0.0,0.0023433867154381005,0.0,0.0,0.0,0.0,0.0,,,,,,,
0.015038194134831429,imappo,1.5066946801312042e-08,-1.7833499908447266,0.0006038679559853285,1320.0,,,,,,,,,,,,,,0.32394131377125707,,,,,0.0329694002866745,5.67147035326343e-05
,imappo,,,,1320.0,0.0,0.0,0.002835735293047037,0.0,0.0,0.0,0.0,0.002835735293047037,0.0,0.0,0.0,0.0,0.0,,,,,,,
0.009118848480284214,imappo,5.2695581231887445e-09,-1.5930984020233154,0.000603567855951984,1321.0,,,,,,,,,,,,,,0.32380793597865953,,,,,0.030252082273364067,4.948221976519562e-05
,imappo,,,,1321.0,0.0,0.0,0.0024741110082686646,0.0,0.0,0.0,0.0,0.0024741110082686646,0.0,0.0,0.0,0.0,0.0,,,,,,,
0.00024837919045239687,imappo,5.759767329749366e-09,-1.8814764022827148,0.0006032677559186395,1322.0,,,,,,,,,,,,,,0.323674558186062,,,,,0.030115492641925812,5.176036574994214e-05
,imappo,,,,1322.0,0.0,0.0,0.002588018080132315,0.0,0.0,0.0,0.0,0.002588018080132315,0.0,0.0,0.0,0.0,0.0,,,,,,,
0.0077905673533678055,imappo,5.366962696484734e-08,-1.1252937316894531,0.0006029676558852951,1323.0,,,,,,,,,,,,,,0.32354118039346447,,,,,0.03050610050559044,6.41274091321975e-05
,imappo,,,,1323.0,0.0,0.0,0.0032063705402833875,0.0,0.0,0.0,0.0,0.0032063705402833875,0.0,0.0,0.0,0.0,0.0,,,,,,,
0.008838318288326263,imappo,7.284952641128939e-09,-1.731024980545044,0.0006026675558519507,1324.0,,,,,,,,,,,,,,0.32340780260086693,,,,,0.033072687685489655,5.4595038818661124e-05
,imappo,,,,1324.0,0.0,0.0,0.002729751886363374,0.0,0.0,0.0,0.0,0.002729751886363374,0.0,0.0,0.0,0.0,0.0,,,,,,,
0.02529379166662693,imappo,1.757986112238541e-08,-2.3868038654327393,0.0006023674558186063,1325.0,,,,,,,,,,,,,,0.3232744248082694,,,,,0.028282277286052704,5.443216650746763e-05
,imappo,,,,1325.0,0.0,0.0,0.002721608499996364,0.0,0.0,0.0,0.0,0.002721608499996364,0.0,0.0,0.0,0.0,0.0,,,,,,,
0.002300223568454385,imappo,8.103625326327801e-09,-1.3390617370605469,0.0006020673557852618,1326.0,,,,,,,,,,,,,,0.3231410470156719,,,,,0.030116796493530273,5.140290522831492e-05
,imappo,,,,1326.0,0.0,0.0,0.002570145095916132,0.0,0.0,0.0,0.0,0.002570145095916132,0.0,0.0,0.0,0.0,0.0,,,,,,,
0.006815573200583458,imappo,1.2499542734190072e-08,-1.598116397857666,0.0006017672557519173,1327.0,,,,,,,,,,,,,,0.32300766922307433,,,,,0.03029762953519821,7.174799975473434e-05
,imappo,,,,1327.0,0.0,0.0,0.003587400035939936,0.0,0.0,0.0,0.0,0.003587400035939936,0.0,0.0,0.0,0.0,0.0,,,,,,,
-0.0052447193302214146,imappo,8.149068086993339e-09,-1.5138643980026245,0.0006014671557185729,1328.0,,,,,,,,,,,,,,0.32287429143047686,,,,,0.028862977400422096,4.9355152441421524e-05
,imappo,,,,1328.0,0.0,0.0,0.0024677576420799596,0.0,0.0,0.0,0.0,0.0024677576420799596,0.0,0.0,0.0,0.0,0.0,,,,,,,
-0.006767832208424807,imappo,2.330421722263054e-08,-1.4437413215637207,0.0006011670556852285,1329.0,,,,,,,,,,,,,,0.32274091363787927,,,,,0.028965909034013748,4.6230499719968066e-05
,imappo,,,,1329.0,0.0,0.0,0.0023115248168323888,0.0,0.0,0.0,0.0,0.0023115248168323888,0.0,0.0,0.0,0.0,0.0,,,,,,,
0.035242959856987,imappo,6.699327759207563e-09,-1.7358770370483398,0.000600866955651884,1330.0,,,,,,,,,,,,,,0.3226075358452818,,,,,0.029588358476758003,4.6604483941337094e-05
,imappo,,,,1330.0,0.0,0.0,0.0023302242952922825,0.0,0.0,0.0,0.0,0.0023302242952922825,0.0,0.0,0.0,0.0,0.0,,,,,,,
0.0049285078421235085,imappo,1.5759439975226996e-08,-1.4971344470977783,0.0006005668556185395,1331.0,,,,,,,,,,,,,,0.3224741580526842,,,,,0.02807527408003807,6.725568528054282e-05
,imappo,,,,1331.0,0.0,0.0,0.003362784535966057,0.0,0.0,0.0,0.0,0.003362784535966057,0.0,0.0,0.0,0.0,0.0,,,,,,,
0.0037830884102731943,imappo,1.6399697599922547e-08,-1.7447354793548584,0.0006002667555851951,1332.0,,,,,,,,,,,,,,0.3223407802600867,,,,,0.028654545545578003,5.045957732363604e-05
,imappo,,,,1332.0,0.0,0.0,0.00252297896440723,0.0,0.0,0.0,0.0,0.00252297896440723,0.0,0.0,0.0,0.0,0.0,,,,,,,
0.013384778052568436,imappo,6.458660717356679e-09,-1.40204918384552,0.0005999666555518506,1333.0,,,,,,,,,,,,,,0.32220740246748913,,,,,0.027919679880142212,4.534849722404033e-05
,imappo,,,,1333.0,0.0,0.0,0.002267424973069865,0.0,0.0,0.0,0.0,0.002267424973069865,0.0,0.0,0.0,0.0,0.0,,,,,,,
-0.004734713584184647,imappo,1.0680942352792044e-08,-1.7311389446258545,0.0005996665555185062,1334.0,,,,,,,,,,,,,,0.32207402467489166,,,,,0.027731992304325104,4.872160207014531e-05
,imappo,,,,1334.0,0.0,0.0,0.002436080285406206,0.0,0.0,0.0,0.0,0.002436080285406206,0.0,0.0,0.0,0.0,0.0,,,,,,,
0.015385122038424015,imappo,6.40554489450551e-08,-1.41368567943573,0.0005993664554851618,1335.0,,,,,,,,,,,,,,0.32194064688229407,,,,,0.024975869804620743,6.590930570382625e-05
,imappo,,,,1335.0,0.0,0.0,0.0032954651646832644,0.0,0.0,0.0,0.0,0.0032954651646832644,0.0,0.0,0.0,0.0,0.0,,,,,,,
-0.008799692615866661,imappo,1.4617192789501132e-08,-1.4228262901306152,0.0005990663554518174,1336.0,,,,,,,,,,,,,,0.3218072690896966,,,,,0.030261827632784843,4.9149828555528075e-05
,imappo,,,,1336.0,0.0,0.0,0.002457491255881905,0.0,0.0,0.0,0.0,0.002457491255881905,0.0,0.0,0.0,0.0,0.0,,,,,,,
0.006171567365527153,imappo,4.2964931168398834e-08,-1.609918236732483,0.0005987662554184728,1337.0,,,,,,,,,,,,,,0.321673891297099,,,,,0.031653814017772675,5.178364153834991e-05
,imappo,,,,1337.0,0.0,0.0,0.002589181993243983,0.0,0.0,0.0,0.0,0.002589181993243983,0.0,0.0,0.0,0.0,0.0,,,,,,,
0.01350378803908825,imappo,7.20871184967109e-09,-1.7488020658493042,0.0005984661553851283,1338.0,,,,,,,,,,,,,,0.3215405135045015,,,,,0.03056393191218376,5.052763663115911e-05
,imappo,,,,1338.0,0.0,0.0,0.002526381923871668,0.0,0.0,0.0,0.0,0.002526381923871668,0.0,0.0,0.0,0.0,0.0,,,,,,,
0.0066574569791555405,imappo,1.418669537400774e-08,-1.5106194019317627,0.0005981660553517839,1339.0,,,,,,,,,,,,,,0.32140713571190394,,,,,0.03183562308549881,6.521614704979584e-05
,imappo,,,,1339.0,0.0,0.0,0.0032608074943709653,0.0,0.0,0.0,0.0,0.0032608074943709653,0.0,0.0,0.0,0.0,0.0,,,,,,,
0.006060928106307983,imappo,1.1073732153477067e-08,-2.1590688228607178,0.0005978659553184395,1340.0,,,,,,,,,,,,,,0.32127375791930646,,,,,0.029660888016223907,6.441634468501434e-05
,imappo,,,,1340.0,0.0,0.0,0.0032208172015089076,0.0,0.0,0.0,0.0,0.0032208172015089076,0.0,0.0,0.0,0.0,0.0,,,,,,,
0.007519391365349293,imappo,1.8671965307248684e-08,-1.3768634796142578,0.0005975658552850951,1341.0,,,,,,,,,,,,,,0.32114038012670887,,,,,0.03061743825674057,5.711090852855705e-05
,imappo,,,,1341.0,0.0,0.0,0.002855545455531683,0.0,0.0,0.0,0.0,0.002855545455531683,0.0,0.0,0.0,0.0,0.0,,,,,,,
-0.0012197946198284626,imappo,2.2585222581028574e-08,-1.607020616531372,0.0005972657552517506,1342.0,,,,,,,,,,,,,,0.3210070023341114,,,,,0.030973073095083237,4.7834419092396274e-05
,imappo,,,,1342.0,0.0,0.0,0.002391720910964068,0.0,0.0,0.0,0.0,0.002391720910964068,0.0,0.0,0.0,0.0,0.0,,,,,,,
-0.008303502574563026,imappo,1.7390462403454876e-09,-1.4217852354049683,0.0005969656552184062,1343.0,,,,,,,,,,,,,,0.3208736245415138,,,,,0.028884869068861008,4.6062818000791594e-05
,imappo,,,,1343.0,0.0,0.0,0.002303140920048463,0.0,0.0,0.0,0.0,0.002303140920048463,0.0,0.0,0.0,0.0,0.0,,,,,,,
0.014417005702853203,imappo,1.2413997829696655e-08,-1.69368314743042,0.0005966655551850617,1344.0,,,,,,,,,,,,,,0.3207402467489163,,,,,0.0266001857817173,4.635070581571199e-05
,imappo,,,,1344.0,0.0,0.0,0.002317535429028794,0.0,0.0,0.0,0.0,0.002317535429028794,0.0,0.0,0.0,0.0,0.0,,,,,,,
-0.0054446314461529255,imappo,2.680045296798994e-09,-1.3908401727676392,0.0005963654551517173,1345.0,,,,,,,,,,,,,,0.32060686895631874,,,,,0.028117911890149117,4.736021946882829e-05
,imappo,,,,1345.0,0.0,0.0,0.002368010867940029,0.0,0.0,0.0,0.0,0.002368010867940029,0.0,0.0,0.0,0.0,0.0,,,,,,,
-0.0012582382187247276,imappo,1.559324402933271e-08,-1.096895694732666,0.0005960653551183729,1346.0,,,,,,,,,,,,,,0.32047349116372126,,,,,0.02944452129304409,5.112026337883435e-05
,imappo,,,,1346.0,0.0,0.0,0.0025560133728959045,0.0,0.0,0.0,0.0,0.0025560133728959045,0.0,0.0,0.0,0.0,0.0,,,,,,,
0.0029305662028491497,imappo,6.404998753595237e-09,-1.6043684482574463,0.0005957652550850285,1347.0,,,,,,,,,,,,,,0.32034011337112367,,,,,0.02577725425362587,4.511599036050029e-05
,imappo,,,,1347.0,0.0,0.0,0.0022557993906957563,0.0,0.0,0.0,0.0,0.0022557993906957563,0.0,0.0,0.0,0.0,0.0,,,,,,,
0.026664892211556435,imappo,4.818738297274194e-09,-1.4630731344223022,0.0005954651550516838,1348.0,,,,,,,,,,,,,,0.3202067355785262,,,,,0.030619515106081963,4.5504239096771926e-05
,imappo,,,,1348.0,0.0,0.0,0.0022752117929485394,0.0,0.0,0.0,0.0,0.0022752117929485394,0.0,0.0,0.0,0.0,0.0,,,,,,,
0.00029625947354361415,imappo,1.1422757850709786e-08,-1.6206706762313843,0.0005951650550183394,1349.0,,,,,,,,,,,,,,0.3200733577859286,,,,,0.02485428750514984,4.3816213292302564e-05
,imappo,,,,1349.0,0.0,0.0,0.0021908104556587205,0.0,0.0,0.0,0.0,0.0021908104556587205,0.0,0.0,0.0,0.0,0.0,,,,,,,
-0.0012031792430207133,imappo,1.0599737976235701e-08,-1.746106743812561,0.000594864954984995,1350.0,,,,,,,,,,,,,,0.3199399799933311,,,,,0.029257044196128845,5.0784881750587374e-05
,imappo,,,,1350.0,0.0,0.0,0.0025392440875293687,0.0,0.0,0.0,0.0,0.0025392440875293687,0.0,0.0,0.0,0.0,0.0,,,,,,,
0.008627030067145824,imappo,8.748416213677501e-09,-1.329656720161438,0.0005945648549516506,1351.0,,,,,,,,,,,,,,0.31980660220073354,,,,,0.03425546735525131,5.520146805793047e-05
,imappo,,,,1351.0,0.0,0.0,0.0027600733810686506,0.0,0.0,0.0,0.0,0.0027600733810686506,0.0,0.0,0.0,0.0,0.0,,,,,,,
-0.007446798495948315,imappo,4.855945867632272e-09,-1.6224404573440552,0.0005942647549183061,1352.0,,,,,,,,,,,,,,0.31967322440813606,,,,,0.028485145419836044,4.6271517931018025e-05
,imappo,,,,1352.0,0.0,0.0,0.0023135760729928734,0.0,0.0,0.0,0.0,0.0023135760729928734,0.0,0.0,0.0,0.0,0.0,,,,,,,
0.0006840497953817248,imappo,1.7472584490363374e-09,-1.4501044750213623,0.0005939646548849617,1353.0,,,,,,,,,,,,,,0.31953984661553847,,,,,0.029649652540683746,4.6351364289876074e-05
,imappo,,,,1353.0,0.0,0.0,0.002317568210855825,0.0,0.0,0.0,0.0,0.002317568210855825,0.0,0.0,0.0,0.0,0.0,,,,,,,
0.0021045845933258533,imappo,4.275260145902848e-09,-1.0137207508087158,0.0005936645548516172,1354.0,,,,,,,,,,,,,,0.319406468822941,,,,,0.03020808845758438,4.7497549530817196e-05
,imappo,,,,1354.0,0.0,0.0,0.0023748774760861124,0.0,0.0,0.0,0.0,0.0023748774760861124,0.0,0.0,0.0,0.0,0.0,,,,,,,
-0.0027115291450172663,imappo,1.7056608569987475e-08,-1.5405428409576416,0.0005933644548182728,1355.0,,,,,,,,,,,,,,0.3192730910303434,,,,,0.035012632608413696,6.426467734854668e-05
,imappo,,,,1355.0,0.0,0.0,0.0032132339511008468,0.0,0.0,0.0,0.0,0.0032132339511008468,0.0,0.0,0.0,0.0,0.0,,,,,,,
-0.0045073991641402245,imappo,1.129728488535875e-08,-1.5118145942687988,0.0005930643547849283,1356.0,,,,,,,,,,,,,,0.3191397132377459,,,,,0.03372829407453537,6.432129157474265e-05
,imappo,,,,1356.0,0.0,0.0,0.003216064766093041,0.0,0.0,0.0,0.0,0.003216064766093041,0.0,0.0,0.0,0.0,0.0,,,,,,,
0.004493235610425472,imappo,1.106913227744144e-08,-1.5521427392959595,0.0005927642547515839,1357.0,,,,,,,,,,,,,,0.31900633544514834,,,,,0.027517937123775482,4.639571488951333e-05
,imappo,,,,1357.0,0.0,0.0,0.0023197856153274188,0.0,0.0,0.0,0.0,0.0023197856153274188,0.0,0.0,0.0,0.0,0.0,,,,,,,
-0.0005070734187029302,imappo,3.6512615153583283e-09,-1.318803310394287,0.0005924641547182395,1358.0,,,,,,,,,,,,,,0.31887295765255086,,,,,0.033037275075912476,5.4124986490933225e-05
,imappo,,,,1358.0,0.0,0.0,0.0027062496010330506,0.0,0.0,0.0,0.0,0.0027062496010330506,0.0,0.0,0.0,0.0,0.0,,,,,,,
-0.001419763546437025,imappo,3.81572817786946e-09,-1.5202704668045044,0.000592164054684895,1359.0,,,,,,,,,,,,,,0.31873957985995327,,,,,0.026705723255872726,4.492701555136591e-05
,imappo,,,,1359.0,0.0,0.0,0.0022463507011707406,0.0,0.0,0.0,0.0,0.0022463507011707406,0.0,0.0,0.0,0.0,0.0,,,,,,,
0.010234241373836994,imappo,9.478916318528263e-09,-1.4498529434204102,0.0005918639546515505,1360.0,,,,,,,,,,,,,,0.3186062020673558,,,,,0.03140035644173622,5.355484245228581e-05
,imappo,,,,1360.0,0.0,0.0,0.0026777420498547144,0.0,0.0,0.0,0.0,0.0026777420498547144,0.0,0.0,0.0,0.0,0.0,,,,,,,
-0.005154903046786785,imappo,1.8302440452089286e-08,-1.339859127998352,0.0005915638546182061,1361.0,,,,,,,,,,,,,,0.3184728242747582,,,,,0.028345506638288498,5.6295135436812416e-05
,imappo,,,,1361.0,0.0,0.0,0.0028147568455096916,0.0,0.0,0.0,0.0,0.0028147568455096916,0.0,0.0,0.0,0.0,0.0,,,,,,,
0.015185341238975525,imappo,1.7547909791915117e-08,-1.7372312545776367,0.0005912637545848617,1362.0,,,,,,,,,,,,,,0.3183394464821607,,,,,0.030686907470226288,5.934030195930973e-05
,imappo,,,,1362.0,0.0,0.0,0.0029670152198377764,0.0,0.0,0.0,0.0,0.0029670152198377764,0.0,0.0,0.0,0.0,0.0,,,,,,,
0.015184629708528519,imappo,8.42803693501537e-09,-1.7451224327087402,0.0005909636545515172,1363.0,,,,,,,,,,,,,,0.31820606868956314,,,,,0.029652191326022148,5.413382314145565e-05
,imappo,,,,1363.0,0.0,0.0,0.0027066913498856593,0.0,0.0,0.0,0.0,0.0027066913498856593,0.0,0.0,0.0,0.0,0.0,,,,,,,
-0.0017312889685854316,imappo,5.0588742084300975e-09,-1.7574265003204346,0.0005906635545181728,1364.0,,,,,,,,,,,,,,0.31807269089696566,,,,,0.029110752046108246,5.385049735195935e-05
,imappo,,,,1364.0,0.0,0.0,0.002692524743906688,0.0,0.0,0.0,0.0,0.002692524743906688,0.0,0.0,0.0,0.0,0.0,,,,,,,
0.026116643100976944,imappo,1.1965630264398897e-08,-1.4026554822921753,0.0005903634544848282,1365.0,,,,,,,,,,,,,,0.31793931310436807,,,,,0.028131132945418358,6.556055450346321e-05
,imappo,,,,1365.0,0.0,0.0,0.0032780276942503406,0.0,0.0,0.0,0.0,0.0032780276942503406,0.0,0.0,0.0,0.0,0.0,,,,,,,
0.00164301588665694,imappo,1.2826432360668605e-08,-1.483386754989624,0.0005900633544514838,1366.0,,,,,,,,,,,,,,0.3178059353117706,,,,,0.02946995571255684,4.516681656241417e-05
,imappo,,,,1366.0,0.0,0.0,0.0022583407480851747,0.0,0.0,0.0,0.0,0.0022583407480851747,0.0,0.0,0.0,0.0,0.0,,,,,,,
0.004860518034547567,imappo,1.429726026458411e-08,-1.394970417022705,0.0005897632544181394,1367.0,,,,,,,,,,,,,,0.317672557519173,,,,,0.026216167956590652,6.157832831377164e-05
,imappo,,,,1367.0,0.0,0.0,0.0030789161687607702,0.0,0.0,0.0,0.0,0.0030789161687607702,0.0,0.0,0.0,0.0,0.0,,,,,,,
-0.007741016801446676,imappo,1.592458431787236e-08,-1.235247254371643,0.000589463154384795,1368.0,,,,,,,,,,,,,,0.3175391797265755,,,,,0.03185868263244629,5.729851909563877e-05
,imappo,,,,1368.0,0.0,0.0,0.002864926149868552,0.0,0.0,0.0,0.0,0.002864926149868552,0.0,0.0,0.0,0.0,0.0,,,,,,,
0.00819375365972519,imappo,1.52697232636001e-08,-2.0893547534942627,0.0005891630543514505,1369.0,,,,,,,,,,,,,,0.31740580193397794,,,,,0.031171835958957672,5.2639526984421536e-05
,imappo,,,,1369.0,0.0,0.0,0.0026319763601350132,0.0,0.0,0.0,0.0,0.0026319763601350132,0.0,0.0,0.0,0.0,0.0,,,,,,,
-0.00017155834939330816,imappo,6.8769439032223545e-09,-2.2181591987609863,0.0005888629543181061,1370.0,,,,,,,,,,,,,,0.31727242414138046,,,,,0.029583629220724106,5.062749551143497e-05
,imappo,,,,1370.0,0.0,0.0,0.0025313751175417565,0.0,0.0,0.0,0.0,0.0025313751175417565,0.0,0.0,0.0,0.0,0.0,,,,,,,
-0.0005852252943441272,imappo,6.684400233325505e-08,-1.3249338865280151,0.0005885628542847616,1371.0,,,,,,,,,,,,,,0.3171390463487829,,,,,0.02549104019999504,7.61389164836146e-05
,imappo,,,,1371.0,0.0,0.0,0.003806945600445033,0.0,0.0,0.0,0.0,0.003806945600445033,0.0,0.0,0.0,0.0,0.0,,,,,,,
0.017605209723114967,imappo,3.791620173387855e-08,-1.6164630651474,0.0005882627542514172,1372.0,,,,,,,,,,,,,,0.3170056685561854,,,,,0.027460798621177673,3.9381357055390254e-05
,imappo,,,,1372.0,0.0,0.0,0.001969067874142638,0.0,0.0,0.0,0.0,0.001969067874142638,0.0,0.0,0.0,0.0,0.0,,,,,,,
-0.002025824273005128,imappo,9.723684968321322e-08,-1.367346167564392,0.0005879626542180728,1373.0,,,,,,,,,,,,,,0.31687229076358786,,,,,0.02579377219080925,6.469454820035025e-05
,imappo,,,,1373.0,0.0,0.0,0.0032347272722290654,0.0,0.0,0.0,0.0,0.0032347272722290654,0.0,0.0,0.0,0.0,0.0,,,,,,,
0.023332081735134125,imappo,5.909969758022271e-08,-1.5678457021713257,0.0005876625541847282,1374.0,,,,,,,,,,,,,,0.3167389129709903,,,,,0.026366906240582466,4.492843436310068e-05
,imappo,,,,1374.0,0.0,0.0,0.0022464217927335994,0.0,0.0,0.0,0.0,0.0022464217927335994,0.0,0.0,0.0,0.0,0.0,,,,,,,
0.05960594862699509,imappo,7.847892646850596e-08,-1.714194893836975,0.0005873624541513838,1375.0,,,,,,,,,,,,,,0.3166055351783928,,,,,0.03261568397283554,5.358256021281704e-05
,imappo,,,,1375.0,0.0,0.0,0.002679128066120029,0.0,0.0,0.0,0.0,0.002679128066120029,0.0,0.0,0.0,0.0,0.0,,,,,,,
0.015346605330705643,imappo,4.044101231670538e-08,-1.3194721937179565,0.0005870623541180393,1376.0,,,,,,,,,,,,,,0.31647215738579526,,,,,0.029993604868650436,4.661509228753857e-05
,imappo,,,,1376.0,0.0,0.0,0.002330754412923852,0.0,0.0,0.0,0.0,0.002330754412923852,0.0,0.0,0.0,0.0,0.0,,,,,,,
0.00885455496609211,imappo,1.4166648298896689e-08,-1.6985114812850952,0.0005867622540846949,1377.0,,,,,,,,,,,,,,0.3163387795931977,,,,,0.031708553433418274,5.27326665178407e-05
,imappo,,,,1377.0,0.0,0.0,0.002636632999383437,0.0,0.0,0.0,0.0,0.002636632999383437,0.0,0.0,0.0,0.0,0.0,,,,,,,
0.024748705327510834,imappo,7.50886286482455e-09,-1.6900362968444824,0.0005864621540513505,1378.0,,,,,,,,,,,,,,0.3162054018006002,,,,,0.03088197112083435,5.205286288401112e-05
,imappo,,,,1378.0,0.0,0.0,0.0026026431642094394,0.0,0.0,0.0,0.0,0.0026026431642094394,0.0,0.0,0.0,0.0,0.0,,,,,,,
0.022850293666124344,imappo,9.82380132796834e-09,-2.2433981895446777,0.0005861620540180061,1379.0,,,,,,,,,,,,,,0.31607202400800266,,,,,0.02813895419239998,5.210340896155685e-05
,imappo,,,,1379.0,0.0,0.0,0.0026051703207485843,0.0,0.0,0.0,0.0,0.0026051703207485843,0.0,0.0,0.0,0.0,0.0,,,,,,,
0.003172630211338401,imappo,1.5858875102026104e-08,-1.6357290744781494,0.0005858619539846616,1380.0,,,,,,,,,,,,,,0.31593864621540513,,,,,0.025748977437615395,4.825641372008249e-05
,imappo,,,,1380.0,0.0,0.0,0.0024128210225171642,0.0,0.0,0.0,0.0,0.0024128210225171642,0.0,0.0,0.0,0.0,0.0,,,,,,,
-0.007063356228172779,imappo,3.1721757665081896e-08,-1.3170822858810425,0.0005855618539513172,1381.0,,,,,,,,,,,,,,0.3158052684228076,,,,,0.022714372724294662,7.056286267470568e-05
,imappo,,,,1381.0,0.0,0.0,0.003528143484118118,0.0,0.0,0.0,0.0,0.003528143484118118,0.0,0.0,0.0,0.0,0.0,,,,,,,
0.005254894495010376,imappo,1.1682809386570625e-08,-1.4968373775482178,0.0005852617539179727,1382.0,,,,,,,,,,,,,,0.31567189063021006,,,,,0.030500521883368492,4.9489997763885185e-05
,imappo,,,,1382.0,0.0,0.0,0.0024744998718233546,0.0,0.0,0.0,0.0,0.0024744998718233546,0.0,0.0,0.0,0.0,0.0,,,,,,,
0.024230845272541046,imappo,8.63244196125379e-08,-1.3134874105453491,0.0005849616538846282,1383.0,,,,,,,,,,,,,,0.31553851283761253,,,,,0.03287457302212715,6.13412048551254e-05
,imappo,,,,1383.0,0.0,0.0,0.0030670601829569932,0.0,0.0,0.0,0.0,0.0030670601829569932,0.0,0.0,0.0,0.0,0.0,,,,,,,
0.06662118434906006,imappo,3.952196436785016e-08,-2.1049938201904297,0.0005846615538512838,1384.0,,,,,,,,,,,,,,0.315405135045015,,,,,0.029423724859952927,6.265889533096924e-05
,imappo,,,,1384.0,0.0,0.0,0.003132944806566229,0.0,0.0,0.0,0.0,0.003132944806566229,0.0,0.0,0.0,0.0,0.0,,,,,,,
0.002456867601722479,imappo,7.862321460549992e-09,-1.6388821601867676,0.0005843614538179393,1385.0,,,,,,,,,,,,,,0.31527175725241746,,,,,0.03348282724618912,5.278141543385573e-05
,imappo,,,,1385.0,0.0,0.0,0.0026390710308987764,0.0,0.0,0.0,0.0,0.0026390710308987764,0.0,0.0,0.0,0.0,0.0,,,,,,,
0.009112391620874405,imappo,1.1991347470541314e-08,-1.3560131788253784,0.0005840613537845949,1386.0,,,,,,,,,,,,,,0.31513837945981993,,,,,0.03136596828699112,6.08017471677158e-05
,imappo,,,,1386.0,0.0,0.0,0.0030400875066334265,0.0,0.0,0.0,0.0,0.0030400875066334265,0.0,0.0,0.0,0.0,0.0,,,,,,,
0.0476679652929306,imappo,5.1016758817468144e-08,-1.30598783493042,0.0005837612537512504,1387.0,,,,,,,,,,,,,,0.3150050016672224,,,,,0.030062157660722733,4.160663593211211e-05
,imappo,,,,1387.0,0.0,0.0,0.0020803317974014135,0.0,0.0,0.0,0.0,0.0020803317974014135,0.0,0.0,0.0,0.0,0.0,,,,,,,
0.010925721377134323,imappo,1.0214058931978798e-08,-1.2227309942245483,0.000583461153717906,1388.0,,,,,,,,,,,,,,0.31487162387462486,,,,,0.030998654663562775,4.517392153502442e-05
,imappo,,,,1388.0,0.0,0.0,0.0022586960385524435,0.0,0.0,0.0,0.0,0.0022586960385524435,0.0,0.0,0.0,0.0,0.0,,,,,,,
0.0058031342923641205,imappo,2.5705334749659414e-08,-1.3413505554199219,0.0005831610536845616,1389.0,,,,,,,,,,,,,,0.31473824608202733,,,,,0.02775290608406067,7.025349623290822e-05
,imappo,,,,1389.0,0.0,0.0,0.003512674918169978,0.0,0.0,0.0,0.0,0.003512674918169978,0.0,0.0,0.0,0.0,0.0,,,,,,,
0.0063321576453745365,imappo,4.415633636511984e-09,-1.5544235706329346,0.0005828609536512172,1390.0,,,,,,,,,,,,,,0.3146048682894298,,,,,0.031401414424180984,5.249021705822088e-05
,imappo,,,,1390.0,0.0,0.0,0.002624510581881623,0.0,0.0,0.0,0.0,0.002624510581881623,0.0,0.0,0.0,0.0,0.0,,,,,,,
0.015399510972201824,imappo,7.347659813916607e-09,-1.7723510265350342,0.0005825608536178727,1391.0,,,,,,,,,,,,,,0.31447149049683226,,,,,0.02948104962706566,5.26820367667824e-05
,imappo,,,,1391.0,0.0,0.0,0.002634101765579544,0.0,0.0,0.0,0.0,0.002634101765579544,0.0,0.0,0.0,0.0,0.0,,,,,,,
0.003599853254854679,imappo,1.3736773496475507e-08,-1.6287950277328491,0.0005822607535845282,1392.0,,,,,,,,,,,,,,0.31433811270423473,,,,,0.03242015838623047,4.659614569391124e-05
,imappo,,,,1392.0,0.0,0.0,0.002329807281739704,0.0,0.0,0.0,0.0,0.002329807281739704,0.0,0.0,0.0,0.0,0.0,,,,,,,
-0.0034508444368839264,imappo,1.2727854326044508e-08,-1.5440363883972168,0.0005819606535511837,1393.0,,,,,,,,,,,,,,0.3142047349116372,,,,,0.030493780970573425,5.012768451706506e-05
,imappo,,,,1393.0,0.0,0.0,0.0025063842895178823,0.0,0.0,0.0,0.0,0.0025063842895178823,0.0,0.0,0.0,0.0,0.0,,,,,,,
-0.002045621629804373,imappo,1.0014151285986372e-08,-1.7787023782730103,0.0005816605535178393,1394.0,,,,,,,,,,,,,,0.31407135711903966,,,,,0.029551483690738678,5.302385034156032e-05
,imappo,,,,1394.0,0.0,0.0,0.002651192548000836,0.0,0.0,0.0,0.0,0.002651192548000836,0.0,0.0,0.0,0.0,0.0,,,,,,,
-0.004960348829627037,imappo,1.1882053563283534e-08,-1.067065954208374,0.0005813604534844949,1395.0,,,,,,,,,,,,,,0.31393797932644213,,,,,0.02919696643948555,4.9462676543043926e-05
,imappo,,,,1395.0,0.0,0.0,0.002473133580906506,0.0,0.0,0.0,0.0,0.002473133580906506,0.0,0.0,0.0,0.0,0.0,,,,,,,
-0.001487801899202168,imappo,1.4773218204311434e-08,-1.2564762830734253,0.0005810603534511504,1396.0,,,,,,,,,,,,,,0.3138046015338446,,,,,0.029759418219327927,5.6704568123677745e-05
,imappo,,,,1396.0,0.0,0.0,0.0028352282201922208,0.0,0.0,0.0,0.0,0.0028352282201922208,0.0,0.0,0.0,0.0,0.0,,,,,,,
0.011072695255279541,imappo,7.052960881992476e-09,-1.7876167297363281,0.0005807602534178059,1397.0,,,,,,,,,,,,,,0.31367122374124706,,,,,0.02839679643511772,5.179162690183148e-05
,imappo,,,,1397.0,0.0,0.0,0.0025895812814269448,0.0,0.0,0.0,0.0,0.0025895812814269448,0.0,0.0,0.0,0.0,0.0,,,,,,,
0.005852065980434418,imappo,2.4987111046925747e-08,-1.5479655265808105,0.0005804601533844615,1398.0,,,,,,,,,,,,,,0.31353784594864953,,,,,0.029301371425390244,4.930565046379343e-05
,imappo,,,,1398.0,0.0,0.0,0.0024652823249198264,0.0,0.0,0.0,0.0,0.0024652823249198264,0.0,0.0,0.0,0.0,0.0,,,,,,,
-0.0061064851470291615,imappo,1.3511691321355102e-08,-1.7198572158813477,0.0005801600533511171,1399.0,,,,,,,,,,,,,,0.313404468156052,,,,,0.03129974752664566,4.800820897798985e-05
,imappo,,,,1399.0,0.0,0.0,0.002400410475274839,0.0,0.0,0.0,0.0,0.002400410475274839,0.0,0.0,0.0,0.0,0.0,,,,,,,
,imappo,,,,1399.0,,,,,,,,,,,,,,,0.0,0.0,0.0,0.0,,
0.011889648623764515,imappo,6.511864381053556e-09,-2.198542356491089,0.0005798599533177727,1400.0,,,,,,,,,,,,,,0.31327109036345446,,,,,0.02846522629261017,5.337210313882679e-05
,imappo,,,,1400.0,0.0,0.0,0.0026686052515287884,0.0,0.0,0.0,0.0,0.0026686052515287884,0.0,0.0,0.0,0.0,0.0,,,,,,,
0.006012332160025835,imappo,1.0061205202305246e-08,-1.3994508981704712,0.0005795598532844282,1401.0,,,,,,,,,,,,,,0.313137712570857,,,,,0.028624773025512695,4.566895222524181e-05
,imappo,,,,1401.0,0.0,0.0,0.002283447600348154,0.0,0.0,0.0,0.0,0.002283447600348154,0.0,0.0,0.0,0.0,0.0,,,,,,,
0.0039461152628064156,imappo,4.42677077217013e-08,-1.349770426750183,0.0005792597532510837,1402.0,,,,,,,,,,,,,,0.3130043347782594,,,,,0.02129555121064186,7.0584675995633e-05
,imappo,,,,1402.0,0.0,0.0,0.0035292338529870904,0.0,0.0,0.0,0.0,0.0035292338529870904,0.0,0.0,0.0,0.0,0.0,,,,,,,
0.0011492548510432243,imappo,3.046764618375164e-08,-2.1801917552948,0.0005789596532177393,1403.0,,,,,,,,,,,,,,0.3128709569856619,,,,,0.027252444997429848,5.481303742271848e-05
,imappo,,,,1403.0,0.0,0.0,0.00274065176199656,0.0,0.0,0.0,0.0,0.00274065176199656,0.0,0.0,0.0,0.0,0.0,,,,,,,
-0.000592608586885035,imappo,8.95962681823903e-09,-1.561218500137329,0.0005786595531843948,1404.0,,,,,,,,,,,,,,0.31273757919306433,,,,,0.02821197174489498,4.876841921941377e-05
,imappo,,,,1404.0,0.0,0.0,0.002438420782709727,0.0,0.0,0.0,0.0,0.002438420782709727,0.0,0.0,0.0,0.0,0.0,,,,,,,
0.010227796621620655,imappo,7.046574523883464e-08,-1.7229640483856201,0.0005783594531510504,1405.0,,,,,,,,,,,,,,0.31260420140046685,,,,,0.02948984131217003,3.288688458269462e-05
,imappo,,,,1405.0,0.0,0.0,0.0016443443369098532,0.0,0.0,0.0,0.0,0.0016443443369098532,0.0,0.0,0.0,0.0,0.0,,,,,,,
-0.0016489204717800021,imappo,8.981104571148535e-08,-1.7397255897521973,0.000578059353117706,1406.0,,,,,,,,,,,,,,0.31247082360786926,,,,,0.02805985137820244,3.368114630575292e-05
,imappo,,,,1406.0,0.0,0.0,0.0016840572911860363,0.0,0.0,0.0,0.0,0.0016840572911860363,0.0,0.0,0.0,0.0,0.0,,,,,,,
-0.004447124432772398,imappo,2.873879978437799e-08,-1.4951971769332886,0.0005777592530843615,1407.0,,,,,,,,,,,,,,0.3123374458152718,,,,,0.03416769951581955,5.2340812544571236e-05
,imappo,,,,1407.0,0.0,0.0,0.002617040452605579,0.0,0.0,0.0,0.0,0.002617040452605579,0.0,0.0,0.0,0.0,0.0,,,,,,,
-0.008260301314294338,imappo,2.9726173522703903e-08,-1.4391170740127563,0.000577459153051017,1408.0,,,,,,,,,,,,,,0.3122040680226742,,,,,0.03402124345302582,5.5510696256533265e-05
,imappo,,,,1408.0,0.0,0.0,0.0027755345954574295,0.0,0.0,0.0,0.0,0.0027755345954574295,0.0,0.0,0.0,0.0,0.0,,,,,,,
0.00343094440177083,imappo,3.142903182151713e-08,-1.9015148878097534,0.0005771590530176725,1409.0,,,,,,,,,,,,,,0.3120706902300767,,,,,0.02689175494015217,5.250123285804875e-05
,imappo,,,,1409.0,0.0,0.0,0.0026250618993799435,0.0,0.0,0.0,0.0,0.0026250618993799435,0.0,0.0,0.0,0.0,0.0,,,,,,,
0.004201301373541355,imappo,5.707363026630219e-09,-1.6872073411941528,0.0005768589529843281,1410.0,,,,,,,,,,,,,,0.31193731243747913,,,,,0.03321841359138489,4.934405296808109e-05
,imappo,,,,1410.0,0.0,0.0,0.002467202729349083,0.0,0.0,0.0,0.0,0.002467202729349083,0.0,0.0,0.0,0.0,0.0,,,,,,,
0.02800585702061653,imappo,1.1429421853392796e-08,-1.7810173034667969,0.0005765588529509837,1411.0,,,,,,,,,,,,,,0.31180393464488165,,,,,0.027239330112934113,4.8089001211337745e-05
,imappo,,,,1411.0,0.0,0.0,0.00240444992959965,0.0,0.0,0.0,0.0,0.00240444992959965,0.0,0.0,0.0,0.0,0.0,,,,,,,
0.07537373900413513,imappo,7.857334338723376e-09,-2.354572296142578,0.0005762587529176392,1412.0,,,,,,,,,,,,,,0.31167055685228406,,,,,0.028356920927762985,5.0158167141489685e-05
,imappo,,,,1412.0,0.0,0.0,0.0025079081424337346,0.0,0.0,0.0,0.0,0.0025079081424337346,0.0,0.0,0.0,0.0,0.0,,,,,,,
0.03399331122636795,imappo,1.9778388704594363e-08,-1.406988501548767,0.0005759586528842948,1413.0,,,,,,,,,,,,,,0.3115371790596866,,,,,0.029386917129158974,4.564585105981678e-05
,imappo,,,,1413.0,0.0,0.0,0.0022822924704541947,0.0,0.0,0.0,0.0,0.0022822924704541947,0.0,0.0,0.0,0.0,0.0,,,,,,,
0.007438343483954668,imappo,5.5686202315996525e-09,-1.427942156791687,0.0005756585528509503,1414.0,,,,,,,,,,,,,,0.311403801267089,,,,,0.033008262515068054,5.303995203576051e-05
,imappo,,,,1414.0,0.0,0.0,0.0026519973944232333,0.0,0.0,0.0,0.0,0.0026519973944232333,0.0,0.0,0.0,0.0,0.0,,,,,,,
0.034933533519506454,imappo,5.902703215099336e-09,-1.499995231628418,0.0005753584528176059,1415.0,,,,,,,,,,,,,,0.3112704234744915,,,,,0.02753765881061554,4.556161002255976e-05
,imappo,,,,1415.0,0.0,0.0,0.0022780804993089987,0.0,0.0,0.0,0.0,0.0022780804993089987,0.0,0.0,0.0,0.0,0.0,,,,,,,
-0.000155400310177356,imappo,8.49426751159399e-09,-1.4859435558319092,0.0005750583527842615,1416.0,,,,,,,,,,,,,,0.31113704568189393,,,,,0.03058525361120701,5.4131589422468096e-05
,imappo,,,,1416.0,0.0,0.0,0.0027065793838119134,0.0,0.0,0.0,0.0,0.0027065793838119134,0.0,0.0,0.0,0.0,0.0,,,,,,,
0.0025992034934461117,imappo,1.199683641317506e-08,-1.4030423164367676,0.0005747582527509171,1417.0,,,,,,,,,,,,,,0.31100366788929645,,,,,0.03211173787713051,5.211014286032878e-05
,imappo,,,,1417.0,0.0,0.0,0.002605507237603888,0.0,0.0,0.0,0.0,0.002605507237603888,0.0,0.0,0.0,0.0,0.0,,,,,,,
-0.008262771181762218,imappo,2.4913214602406697e-08,-1.5908180475234985,0.0005744581527175727,1418.0,,,,,,,,,,,,,,0.31087029009669886,,,,,0.03392362594604492,6.089040107326582e-05
,imappo,,,,1418.0,0.0,0.0,0.0030445201773545705,0.0,0.0,0.0,0.0,0.0030445201773545705,0.0,0.0,0.0,0.0,0.0,,,,,,,
0.030215218663215637,imappo,7.907480892299645e-09,-1.6478092670440674,0.000574158052684228,1419.0,,,,,,,,,,,,,,0.3107369123041014,,,,,0.02710651606321335,4.514907413977198e-05
,imappo,,,,1419.0,0.0,0.0,0.0022574536014872137,0.0,0.0,0.0,0.0,0.0022574536014872137,0.0,0.0,0.0,0.0,0.0,,,,,,,
0.008596755564212799,imappo,6.225161719441985e-09,-1.5982364416122437,0.0005738579526508836,1420.0,,,,,,,,,,,,,,0.3106035345115038,,,,,0.032014019787311554,4.63099786429666e-05
,imappo,,,,1420.0,0.0,0.0,0.0023154988939495524,0.0,0.0,0.0,0.0,0.0023154988939495524,0.0,0.0,0.0,0.0,0.0,,,,,,,
0.0016796556301414967,imappo,1.00959365312292e-08,-1.2361069917678833,0.0005735578526175392,1421.0,,,,,,,,,,,,,,0.3104701567189063,,,,,0.03104192577302456,5.320358104654588e-05
,imappo,,,,1421.0,0.0,0.0,0.0026601792291103266,0.0,0.0,0.0,0.0,0.0026601792291103266,0.0,0.0,0.0,0.0,0.0,,,,,,,
-0.005187182687222958,imappo,3.882274057787072e-09,-1.4189456701278687,0.0005732577525841948,1422.0,,,,,,,,,,,,,,0.31033677892630873,,,,,0.029887333512306213,5.367973062675446e-05
,imappo,,,,1422.0,0.0,0.0,0.002683986476768041,0.0,0.0,0.0,0.0,0.002683986476768041,0.0,0.0,0.0,0.0,0.0,,,,,,,
0.0013581428211182356,imappo,1.1685894918400663e-08,-2.22997784614563,0.0005729576525508503,1423.0,,,,,,,,,,,,,,0.31020340113371125,,,,,0.027823442593216896,5.037350274506025e-05
,imappo,,,,1423.0,0.0,0.0,0.002518675215469557,0.0,0.0,0.0,0.0,0.002518675215469557,0.0,0.0,0.0,0.0,0.0,,,,,,,
0.00849916972219944,imappo,3.336652909524673e-08,-0.9493372440338135,0.0005726575525175059,1424.0,,,,,,,,,,,,,,0.31007002334111367,,,,,0.030781984329223633,6.015869803377427e-05
,imappo,,,,1424.0,0.0,0.0,0.003007935012647067,0.0,0.0,0.0,0.0,0.003007935012647067,0.0,0.0,0.0,0.0,0.0,,,,,,,
-0.0007203874993138015,imappo,2.1812233796936198e-08,-1.4612023830413818,0.0005723574524841614,1425.0,,,,,,,,,,,,,,0.3099366455485162,,,,,0.027855003252625465,4.4895350583828986e-05
,imappo,,,,1425.0,0.0,0.0,0.00224476748098823,0.0,0.0,0.0,0.0,0.00224476748098823,0.0,0.0,0.0,0.0,0.0,,,,,,,
0.01740209572017193,imappo,1.0323149446378466e-08,-1.4030312299728394,0.000572057352450817,1426.0,,,,,,,,,,,,,,0.3098032677559186,,,,,0.028776610270142555,4.60389674117323e-05
,imappo,,,,1426.0,0.0,0.0,0.0023019483542157104,0.0,0.0,0.0,0.0,0.0023019483542157104,0.0,0.0,0.0,0.0,0.0,,,,,,,
0.001312748878262937,imappo,4.345337423217188e-09,-1.38808012008667,0.0005717572524174726,1427.0,,,,,,,,,,,,,,0.3096698899633211,,,,,0.031147532165050507,5.089057594886981e-05
,imappo,,,,1427.0,0.0,0.0,0.002544528686485137,0.0,0.0,0.0,0.0,0.002544528686485137,0.0,0.0,0.0,0.0,0.0,,,,,,,
0.010712757706642151,imappo,6.374034633438441e-09,-1.6824294328689575,0.0005714571523841281,1428.0,,,,,,,,,,,,,,0.30953651217072353,,,,,0.030236510559916496,5.031249384046532e-05
,imappo,,,,1428.0,0.0,0.0,0.0025156246547339833,0.0,0.0,0.0,0.0,0.0025156246547339833,0.0,0.0,0.0,0.0,0.0,,,,,,,
0.0052244774997234344,imappo,8.11763722907699e-09,-1.725439429283142,0.0005711570523507836,1429.0,,,,,,,,,,,,,,0.30940313437812605,,,,,0.031510334461927414,4.898232873529196e-05
,imappo,,,,1429.0,0.0,0.0,0.0024491165786457714,0.0,0.0,0.0,0.0,0.0024491165786457714,0.0,0.0,0.0,0.0,0.0,,,,,,,
0.013650518842041492,imappo,8.818903829421743e-09,-1.4096843004226685,0.0005708569523174391,1430.0,,,,,,,,,,,,,,0.30926975658552847,,,,,0.0290524885058403,5.7744666264625266e-05
,imappo,,,,1430.0,0.0,0.0,0.0028872333405161044,0.0,0.0,0.0,0.0,0.0028872333405161044,0.0,0.0,0.0,0.0,0.0,,,,,,,
0.00013345223851501942,imappo,9.372016052111576e-09,-1.6727945804595947,0.0005705568522840947,1431.0,,,,,,,,,,,,,,0.309136378792931,,,,,0.027553508058190346,4.132209869567305e-05
,imappo,,,,1431.0,0.0,0.0,0.0020661048620240763,0.0,0.0,0.0,0.0,0.0020661048620240763,0.0,0.0,0.0,0.0,0.0,,,,,,,
0.0035419026389718056,imappo,1.57947326329122e-08,-1.4501086473464966,0.0005702567522507503,1432.0,,,,,,,,,,,,,,0.3090030010003334,,,,,0.027746837586164474,5.525618325918913e-05
,imappo,,,,1432.0,0.0,0.0,0.0027628093957901,0.0,0.0,0.0,0.0,0.0027628093957901,0.0,0.0,0.0,0.0,0.0,,,,,,,
0.11450787633657455,imappo,8.952760310876329e-09,-2.232550859451294,0.0005699566522174059,1433.0,,,,,,,,,,,,,,0.3088696232077359,,,,,0.026885725557804108,5.076774687040597e-05
,imappo,,,,1433.0,0.0,0.0,0.0025383874744875357,0.0,0.0,0.0,0.0,0.0025383874744875357,0.0,0.0,0.0,0.0,0.0,,,,,,,
0.006282158195972443,imappo,9.258610766949005e-09,-1.4399988651275635,0.0005696565521840614,1434.0,,,,,,,,,,,,,,0.30873624541513833,,,,,0.02643924206495285,5.20800422236789e-05
,imappo,,,,1434.0,0.0,0.0,0.002604002038424369,0.0,0.0,0.0,0.0,0.002604002038424369,0.0,0.0,0.0,0.0,0.0,,,,,,,
0.017100928351283073,imappo,2.2656211129401527e-08,-1.3653055429458618,0.000569356452150717,1435.0,,,,,,,,,,,,,,0.30860286762254086,,,,,0.03186577185988426,5.0708589697023854e-05
,imappo,,,,1435.0,0.0,0.0,0.0025354294784847298,0.0,0.0,0.0,0.0,0.0025354294784847298,0.0,0.0,0.0,0.0,0.0,,,,,,,
-0.0035613582003861666,imappo,8.17891976367946e-09,-1.0380866527557373,0.0005690563521173724,1436.0,,,,,,,,,,,,,,0.30846948982994327,,,,,0.030161652714014053,4.601250111591071e-05
,imappo,,,,1436.0,0.0,0.0,0.0023006251715287362,0.0,0.0,0.0,0.0,0.0023006251715287362,0.0,0.0,0.0,0.0,0.0,,,,,,,
-0.0050615714862942696,imappo,2.0806471212608812e-08,-1.2697175741195679,0.000568756252084028,1437.0,,,,,,,,,,,,,,0.3083361120373458,,,,,0.023957420140504837,6.828976620454341e-05
,imappo,,,,1437.0,0.0,0.0,0.003414488496332524,0.0,0.0,0.0,0.0,0.003414488496332524,0.0,0.0,0.0,0.0,0.0,,,,,,,
0.026483071967959404,imappo,2.3603639931479847e-08,-1.5370320081710815,0.0005684561520506836,1438.0,,,,,,,,,,,,,,0.3082027342447482,,,,,0.026972707360982895,4.110300505999476e-05
,imappo,,,,1438.0,0.0,0.0,0.002055150267551653,0.0,0.0,0.0,0.0,0.002055150267551653,0.0,0.0,0.0,0.0,0.0,,,,,,,
0.011644568294286728,imappo,1.1790601384120691e-08,-1.3215833902359009,0.0005681560520173392,1439.0,,,,,,,,,,,,,,0.3080693564521507,,,,,0.02881665527820587,4.578452717396431e-05
,imappo,,,,1439.0,0.0,0.0,0.0022892264641996007,0.0,0.0,0.0,0.0,0.0022892264641996007,0.0,0.0,0.0,0.0,0.0,,,,,,,
-0.002653033472597599,imappo,7.69599051153591e-09,-1.436888575553894,0.0005678559519839947,1440.0,,,,,,,,,,,,,,0.30793597865955313,,,,,0.028893979266285896,5.473903729580343e-05
,imappo,,,,1440.0,0.0,0.0,0.002736952124905656,0.0,0.0,0.0,0.0,0.002736952124905656,0.0,0.0,0.0,0.0,0.0,,,,,,,
-0.0013901013880968094,imappo,9.504911524516046e-09,-1.4849482774734497,0.0005675558519506502,1441.0,,,,,,,,,,,,,,0.30780260086695566,,,,,0.029131699353456497,4.868872929364443e-05
,imappo,,,,1441.0,0.0,0.0,0.0024344364464923274,0.0,0.0,0.0,0.0,0.0024344364464923274,0.0,0.0,0.0,0.0,0.0,,,,,,,
0.0013153130421414971,imappo,2.4455523828237347e-08,-0.8074259161949158,0.0005672557519173058,1442.0,,,,,,,,,,,,,,0.30766922307435807,,,,,0.027995659038424492,5.284908547764644e-05
,imappo,,,,1442.0,0.0,0.0,0.0026424541756568942,0.0,0.0,0.0,0.0,0.0026424541756568942,0.0,0.0,0.0,0.0,0.0,,,,,,,
-0.003940271679311991,imappo,1.9834869746659933e-08,-1.1640609502792358,0.0005669556518839614,1443.0,,,,,,,,,,,,,,0.3075358452817606,,,,,0.03135336935520172,4.986086059943773e-05
,imappo,,,,1443.0,0.0,0.0,0.002493043095455505,0.0,0.0,0.0,0.0,0.002493043095455505,0.0,0.0,0.0,0.0,0.0,,,,,,,
-0.0011508651077747345,imappo,8.0135320601471e-09,-1.162468433380127,0.000566655551850617,1444.0,,,,,,,,,,,,,,0.307402467489163,,,,,0.03080233931541443,5.1210485253250226e-05
,imappo,,,,1444.0,0.0,0.0,0.0025605243936297484,0.0,0.0,0.0,0.0,0.0025605243936297484,0.0,0.0,0.0,0.0,0.0,,,,,,,
3.36160883307457e-05,imappo,4.827622746006455e-09,-1.2100383043289185,0.0005663554518172724,1445.0,,,,,,,,,,,,,,0.3072690896965655,,,,,0.028073009103536606,4.675779564422555e-05
,imappo,,,,1445.0,0.0,0.0,0.0023378899099952832,0.0,0.0,0.0,0.0,0.0023378899099952832,0.0,0.0,0.0,0.0,0.0,,,,,,,
-0.0014785107923671603,imappo,1.242191860484354e-08,-1.0203777551651,0.0005660553517839279,1446.0,,,,,,,,,,,,,,0.30713571190396793,,,,,0.03226306661963463,4.8546567995799705e-05
,imappo,,,,1446.0,0.0,0.0,0.0024273284429909836,0.0,0.0,0.0,0.0,0.0024273284429909836,0.0,0.0,0.0,0.0,0.0,,,,,,,
0.030397962778806686,imappo,3.109954960223149e-08,-1.1056758165359497,0.0005657552517505835,1447.0,,,,,,,,,,,,,,0.30700233411137046,,,,,0.02956509403884411,7.766329508740455e-05
,imappo,,,,1447.0,0.0,0.0,0.003883164919898263,0.0,0.0,0.0,0.0,0.003883164919898263,0.0,0.0,0.0,0.0,0.0,,,,,,,
-0.008005844429135323,imappo,2.519612429807694e-08,-1.0657715797424316,0.0005654551517172391,1448.0,,,,,,,,,,,,,,0.3068689563187729,,,,,0.031287871301174164,4.753719986183569e-05
,imappo,,,,1448.0,0.0,0.0,0.0023768598165077037,0.0,0.0,0.0,0.0,0.0023768598165077037,0.0,0.0,0.0,0.0,0.0,,,,,,,
-0.0010127557907253504,imappo,8.593083578034566e-08,-0.8419145345687866,0.0005651550516838947,1449.0,,,,,,,,,,,,,,0.3067355785261754,,,,,0.028359845280647278,3.906360871042125e-05
,imappo,,,,1449.0,0.0,0.0,0.0019531801817720407,0.0,0.0,0.0,0.0,0.0019531801817720407,0.0,0.0,0.0,0.0,0.0,,,,,,,
-0.004248852841556072,imappo,2.363683648809456e-08,-1.1299974918365479,0.0005648549516505503,1450.0,,,,,,,,,,,,,,0.30660220073357786,,,,,0.029889162629842758,4.507812991505489e-05
,imappo,,,,1450.0,0.0,0.0,0.0022539067667821655,0.0,0.0,0.0,0.0,0.0022539067667821655,0.0,0.0,0.0,0.0,0.0,,,,,,,
0.010320024564862251,imappo,7.102601617958726e-09,-0.9966416358947754,0.0005645548516172058,1451.0,,,,,,,,,,,,,,0.3064688229409803,,,,,0.030868228524923325,4.929518036078662e-05
,imappo,,,,1451.0,0.0,0.0,0.00246475898211429,0.0,0.0,0.0,0.0,0.00246475898211429,0.0,0.0,0.0,0.0,0.0,,,,,,,
0.03262747451663017,imappo,7.403909485503846e-09,-1.4322264194488525,0.0005642547515838613,1452.0,,,,,,,,,,,,,,0.3063354451483828,,,,,0.029750781133770943,4.9652651796350256e-05
,imappo,,,,1452.0,0.0,0.0,0.002482632704413845,0.0,0.0,0.0,0.0,0.002482632704413845,0.0,0.0,0.0,0.0,0.0,,,,,,,
-0.0015671562869101763,imappo,3.429059924897615e-09,-1.1364222764968872,0.0005639546515505169,1453.0,,,,,,,,,,,,,,0.30620206735578526,,,,,0.029111824929714203,4.687700857175514e-05
,imappo,,,,1453.0,0.0,0.0,0.0023438504977093544,0.0,0.0,0.0,0.0,0.0023438504977093544,0.0,0.0,0.0,0.0,0.0,,,,,,,
-0.018141290172934532,imappo,1.6611208408789935e-08,-0.8823219537734985,0.0005636545515171724,1454.0,,,,,,,,,,,,,,0.3060686895631877,,,,,0.027035169303417206,3.9794351323507726e-05
,imappo,,,,1454.0,0.0,0.0,0.001989717609831132,0.0,0.0,0.0,0.0,0.001989717609831132,0.0,0.0,0.0,0.0,0.0,,,,,,,
0.004008568823337555,imappo,1.4337714127066192e-08,-1.2312474250793457,0.000563354451483828,1455.0,,,,,,,,,,,,,,0.3059353117705902,,,,,0.02916184440255165,4.7282021114369854e-05
,imappo,,,,1455.0,0.0,0.0,0.0023641009556740755,0.0,0.0,0.0,0.0,0.0023641009556740755,0.0,0.0,0.0,0.0,0.0,,,,,,,
0.0030196113511919975,imappo,5.924680301916396e-09,-1.2438323497772217,0.0005630543514504835,1456.0,,,,,,,,,,,,,,0.30580193397799266,,,,,0.028548266738653183,4.534398249234073e-05
,imappo,,,,1456.0,0.0,0.0,0.0022671992974210298,0.0,0.0,0.0,0.0,0.0022671992974210298,0.0,0.0,0.0,0.0,0.0,,,,,,,
-0.001954454928636551,imappo,3.497280331998809e-08,-1.13678777217865,0.000562754251417139,1457.0,,,,,,,,,,,,,,0.3056685561853951,,,,,0.02360711246728897,6.253227911656722e-05
,imappo,,,,1457.0,0.0,0.0,0.0031266142336789926,0.0,0.0,0.0,0.0,0.0031266142336789926,0.0,0.0,0.0,0.0,0.0,,,,,,,
-0.003072224324569106,imappo,4.2543074840750705e-08,-1.3853511810302734,0.0005624541513837946,1458.0,,,,,,,,,,,,,,0.3055351783927976,,,,,0.03290490806102753,5.358346606954001e-05
,imappo,,,,1458.0,0.0,0.0,0.0026791735654114746,0.0,0.0,0.0,0.0,0.0026791735654114746,0.0,0.0,0.0,0.0,0.0,,,,,,,
0.03361574187874794,imappo,1.7630075177521576e-08,-1.6241388320922852,0.0005621540513504502,1459.0,,,,,,,,,,,,,,0.30540180060020006,,,,,0.031786397099494934,6.663559179287404e-05
,imappo,,,,1459.0,0.0,0.0,0.0033317796332994476,0.0,0.0,0.0,0.0,0.0033317796332994476,0.0,0.0,0.0,0.0,0.0,,,,,,,
0.08922237157821655,imappo,1.8535130763552843e-08,-2.029299020767212,0.0005618539513171058,1460.0,,,,,,,,,,,,,,0.3052684228076025,,,,,0.028053201735019684,6.763568671885878e-05
,imappo,,,,1460.0,0.0,0.0,0.0033817844769146177,0.0,0.0,0.0,0.0,0.0033817844769146177,0.0,0.0,0.0,0.0,0.0,,,,,,,
-0.00331939198076725,imappo,1.675753402707869e-08,-1.416793942451477,0.0005615538512837613,1461.0,,,,,,,,,,,,,,0.305135045015005,,,,,0.03168246150016785,4.951543087372556e-05
,imappo,,,,1461.0,0.0,0.0,0.002475771605531918,0.0,0.0,0.0,0.0,0.002475771605531918,0.0,0.0,0.0,0.0,0.0,,,,,,,
0.03267272934317589,imappo,7.958433023702582e-09,-1.528784155845642,0.0005612537512504169,1462.0,,,,,,,,,,,,,,0.30500166722240746,,,,,0.029657702893018723,4.560059096547775e-05
,imappo,,,,1462.0,0.0,0.0,0.002280029500980163,0.0,0.0,0.0,0.0,0.002280029500980163,0.0,0.0,0.0,0.0,0.0,,,,,,,
-0.003440253436565399,imappo,1.7210769698294826e-08,-1.114680290222168,0.0005609536512170723,1463.0,,,,,,,,,,,,,,0.3048682894298099,,,,,0.03051087260246277,4.80882081319578e-05
,imappo,,,,1463.0,0.0,0.0,0.0024044104438871727,0.0,0.0,0.0,0.0,0.0024044104438871727,0.0,0.0,0.0,0.0,0.0,,,,,,,
-0.0012755931820720434,imappo,2.9470522022734258e-08,-1.2925260066986084,0.0005606535511837279,1464.0,,,,,,,,,,,,,,0.3047349116372124,,,,,0.027628865092992783,5.6211087212432176e-05
,imappo,,,,1464.0,0.0,0.0,0.0028105543133278843,0.0,0.0,0.0,0.0,0.0028105543133278843,0.0,0.0,0.0,0.0,0.0,,,,,,,
-0.009484361857175827,imappo,9.385028754138602e-09,-0.9850444793701172,0.0005603534511503835,1465.0,,,,,,,,,,,,,,0.30460153384461486,,,,,0.027584169059991837,3.935864151571877e-05
,imappo,,,,1465.0,0.0,0.0,0.0019679319889291946,0.0,0.0,0.0,0.0,0.0019679319889291946,0.0,0.0,0.0,0.0,0.0,,,,,,,
0.0019826446659862995,imappo,2.2104019947732922e-08,-0.8439474701881409,0.0005600533511170391,1466.0,,,,,,,,,,,,,,0.3044681560520173,,,,,0.025656763464212418,6.024747926858254e-05
,imappo,,,,1466.0,0.0,0.0,0.003012374054378597,0.0,0.0,0.0,0.0,0.003012374054378597,0.0,0.0,0.0,0.0,0.0,,,,,,,
-0.0031109994743019342,imappo,2.8618243774758412e-08,-1.3726565837860107,0.0005597532510836946,1467.0,,,,,,,,,,,,,,0.3043347782594198,,,,,0.03067242167890072,4.5818629587301984e-05
,imappo,,,,1467.0,0.0,0.0,0.002290931257448392,0.0,0.0,0.0,0.0,0.002290931257448392,0.0,0.0,0.0,0.0,0.0,,,,,,,
-0.004399022087454796,imappo,2.1416781237348914e-08,-1.1866569519042969,0.0005594531510503501,1468.0,,,,,,,,,,,,,,0.30420140046682226,,,,,0.03500530123710632,6.089825546951033e-05
,imappo,,,,1468.0,0.0,0.0,0.0030449126816165517,0.0,0.0,0.0,0.0,0.0030449126816165517,0.0,0.0,0.0,0.0,0.0,,,,,,,
-0.00633104657754302,imappo,3.1897901209276824e-08,-1.2635033130645752,0.0005591530510170057,1469.0,,,,,,,,,,,,,,0.3040680226742247,,,,,0.027885466814041138,6.756695074727759e-05
,imappo,,,,1469.0,0.0,0.0,0.003378347459147335,0.0,0.0,0.0,0.0,0.003378347459147335,0.0,0.0,0.0,0.0,0.0,,,,,,,
-0.009402901865541935,imappo,1.9572835796566324e-08,-1.1480480432510376,0.0005588529509836613,1470.0,,,,,,,,,,,,,,0.3039346448816272,,,,,0.029682159423828125,5.039585448685102e-05
,imappo,,,,1470.0,0.0,0.0,0.0025197925442626,0.0,0.0,0.0,0.0,0.0025197925442626,0.0,0.0,0.0,0.0,0.0,,,,,,,
0.008028197102248669,imappo,2.0784893806080618e-08,-1.3076963424682617,0.0005585528509503169,1471.0,,,,,,,,,,,,,,0.30380126708902966,,,,,0.029884500429034233,4.054958844790235e-05
,imappo,,,,1471.0,0.0,0.0,0.002027479417847644,0.0,0.0,0.0,0.0,0.002027479417847644,0.0,0.0,0.0,0.0,0.0,,,,,,,
-0.003099617548286915,imappo,1.2286648143344792e-08,-0.9029386639595032,0.0005582527509169723,1472.0,,,,,,,,,,,,,,0.3036678892964321,,,,,0.02607385441660881,4.142693796893582e-05
,imappo,,,,1472.0,0.0,0.0,0.0020713467620225856,0.0,0.0,0.0,0.0,0.0020713467620225856,0.0,0.0,0.0,0.0,0.0,,,,,,,
-0.006284072529524565,imappo,1.0197933164590722e-08,-1.4692538976669312,0.0005579526508836279,1473.0,,,,,,,,,,,,,,0.3035345115038346,,,,,0.029533836990594864,4.660750346374698e-05
,imappo,,,,1473.0,0.0,0.0,0.0023303751895582536,0.0,0.0,0.0,0.0,0.0023303751895582536,0.0,0.0,0.0,0.0,0.0,,,,,,,
-0.003552761161699891,imappo,1.2253519976468397e-08,-1.2220673561096191,0.0005576525508502834,1474.0,,,,,,,,,,,,,,0.30340113371123706,,,,,0.02935127541422844,4.8523739678785205e-05
,imappo,,,,1474.0,0.0,0.0,0.002426186956654419,0.0,0.0,0.0,0.0,0.002426186956654419,0.0,0.0,0.0,0.0,0.0,,,,,,,
0.00699828565120697,imappo,2.236105878239414e-08,-1.3946173191070557,0.000557352450816939,1475.0,,,,,,,,,,,,,,0.3032677559186395,,,,,0.03201331943273544,4.845220973948017e-05
,imappo,,,,1475.0,0.0,0.0,0.0024226101722888416,0.0,0.0,0.0,0.0,0.0024226101722888416,0.0,0.0,0.0,0.0,0.0,,,,,,,
-0.0019729910418391228,imappo,1.881473465914496e-08,-1.2318402528762817,0.0005570523507835946,1476.0,,,,,,,,,,,,,,0.303134378126042,,,,,0.026362737640738487,6.085809218348004e-05
,imappo,,,,1476.0,0.0,0.0,0.0030429043017647928,0.0,0.0,0.0,0.0,0.0030429043017647928,0.0,0.0,0.0,0.0,0.0,,,,,,,
3.2398966141045094e-06,imappo,2.9659529943160123e-08,-1.2477691173553467,0.0005567522507502502,1477.0,,,,,,,,,,,,,,0.30300100033344446,,,,,0.028600554913282394,4.784284101333469e-05
,imappo,,,,1477.0,0.0,0.0,0.002392141771451861,0.0,0.0,0.0,0.0,0.002392141771451861,0.0,0.0,0.0,0.0,0.0,,,,,,,
0.0006371669587679207,imappo,4.3540975269706905e-09,-1.166858434677124,0.0005564521507169057,1478.0,,,,,,,,,,,,,,0.302867622540847,,,,,0.029038339853286743,4.4243995944270864e-05
,imappo,,,,1478.0,0.0,0.0,0.00221220002094924,0.0,0.0,0.0,0.0,0.00221220002094924,0.0,0.0,0.0,0.0,0.0,,,,,,,
-0.0036702461075037718,imappo,1.8034279847256585e-08,-0.9468313455581665,0.0005561520506835612,1479.0,,,,,,,,,,,,,,0.3027342447482494,,,,,0.03003305196762085,4.880822234554216e-05
,imappo,,,,1479.0,0.0,0.0,0.00244041106327586,0.0,0.0,0.0,0.0,0.00244041106327586,0.0,0.0,0.0,0.0,0.0,,,,,,,
0.007230284623801708,imappo,2.6615003534402604e-08,-1.1194959878921509,0.0005558519506502168,1480.0,,,,,,,,,,,,,,0.3026008669556519,,,,,0.022600237280130386,6.029830183251761e-05
,imappo,,,,1480.0,0.0,0.0,0.003014915014318831,0.0,0.0,0.0,0.0,0.003014915014318831,0.0,0.0,0.0,0.0,0.0,,,,,,,
0.00294497050344944,imappo,5.719215678823275e-08,-1.418456792831421,0.0005555518506168723,1481.0,,,,,,,,,,,,,,0.3024674891630543,,,,,0.03402112424373627,6.963238411117345e-05
,imappo,,,,1481.0,0.0,0.0,0.0034816187690012157,0.0,0.0,0.0,0.0,0.0034816187690012157,0.0,0.0,0.0,0.0,0.0,,,,,,,
0.009292642585933208,imappo,2.4477321503013627e-08,-1.3831961154937744,0.0005552517505835279,1482.0,,,,,,,,,,,,,,0.30233411137045685,,,,,0.03082609549164772,5.091780622024089e-05
,imappo,,,,1482.0,0.0,0.0,0.002545890438341303,0.0,0.0,0.0,0.0,0.002545890438341303,0.0,0.0,0.0,0.0,0.0,,,,,,,
-0.00022898026509210467,imappo,1.1796078780434982e-08,-1.064353346824646,0.0005549516505501834,1483.0,,,,,,,,,,,,,,0.30220073357785926,,,,,0.029138900339603424,4.3976451706839725e-05
,imappo,,,,1483.0,0.0,0.0,0.0021988225248605886,0.0,0.0,0.0,0.0,0.0021988225248605886,0.0,0.0,0.0,0.0,0.0,,,,,,,
-0.0020327833481132984,imappo,9.306271309128533e-09,-1.2059130668640137,0.000554651550516839,1484.0,,,,,,,,,,,,,,0.3020673557852618,,,,,0.027686908841133118,4.9472124374005944e-05
,imappo,,,,1484.0,0.0,0.0,0.0024736061295698164,0.0,0.0,0.0,0.0,0.0024736061295698164,0.0,0.0,0.0,0.0,0.0,,,,,,,
0.0166153721511364,imappo,2.4852797153585016e-08,-1.1597987413406372,0.0005543514504834945,1485.0,,,,,,,,,,,,,,0.3019339779926642,,,,,0.03251798450946808,6.276584463194013e-05
,imappo,,,,1485.0,0.0,0.0,0.003138292595394887,0.0,0.0,0.0,0.0,0.003138292595394887,0.0,0.0,0.0,0.0,0.0,,,,,,,
-0.003925239201635122,imappo,1.026292029138176e-08,-1.3773317337036133,0.0005540513504501501,1486.0,,,,,,,,,,,,,,0.3018006002000667,,,,,0.03126848116517067,4.024326699436642e-05
,imappo,,,,1486.0,0.0,0.0,0.0020121634788665688,0.0,0.0,0.0,0.0,0.0020121634788665688,0.0,0.0,0.0,0.0,0.0,,,,,,,
0.007231786847114563,imappo,2.738212678821128e-08,-1.900567650794983,0.0005537512504168057,1487.0,,,,,,,,,,,,,,0.3016672224074691,,,,,0.029048554599285126,5.538701589102857e-05
,imappo,,,,1487.0,0.0,0.0,0.0027693508020547597,0.0,0.0,0.0,0.0,0.0027693508020547597,0.0,0.0,0.0,0.0,0.0,,,,,,,
-0.01135518029332161,imappo,9.9599875014178e-09,-1.3720054626464844,0.0005534511503834613,1488.0,,,,,,,,,,,,,,0.30153384461487165,,,,,0.03065522015094757,5.592554225586355e-05
,imappo,,,,1488.0,0.0,0.0,0.0027962772829823734,0.0,0.0,0.0,0.0,0.0027962772829823734,0.0,0.0,0.0,0.0,0.0,,,,,,,
-0.001504264771938324,imappo,2.1286542306597767e-08,-1.4132088422775269,0.0005531510503501166,1489.0,,,,,,,,,,,,,,0.30140046682227406,,,,,0.031099550426006317,4.3876541894860566e-05
,imappo,,,,1489.0,0.0,0.0,0.0021938271570434154,0.0,0.0,0.0,0.0,0.0021938271570434154,0.0,0.0,0.0,0.0,0.0,,,,,,,
0.005625865422189236,imappo,3.492741385002773e-08,-1.4586738348007202,0.0005528509503167722,1490.0,,,,,,,,,,,,,,0.3012670890296766,,,,,0.02921701781451702,5.165213588043116e-05
,imappo,,,,1490.0,0.0,0.0,0.002582606812211452,0.0,0.0,0.0,0.0,0.002582606812211452,0.0,0.0,0.0,0.0,0.0,,,,,,,
-0.0024972553364932537,imappo,5.970301586444293e-09,-1.8786226511001587,0.0005525508502834278,1491.0,,,,,,,,,,,,,,0.301133711237079,,,,,0.027317825704813004,5.282499478198588e-05
,imappo,,,,1491.0,0.0,0.0,0.0026412495935801417,0.0,0.0,0.0,0.0,0.0026412495935801417,0.0,0.0,0.0,0.0,0.0,,,,,,,
-0.006925695575773716,imappo,1.8019417069581323e-08,-1.5051053762435913,0.0005522507502500834,1492.0,,,,,,,,,,,,,,0.3010003334444815,,,,,0.02834751084446907,5.004491322324611e-05
,imappo,,,,1492.0,0.0,0.0,0.0025022454756253865,0.0,0.0,0.0,0.0,0.0025022454756253865,0.0,0.0,0.0,0.0,0.0,,,,,,,
0.003880705451592803,imappo,2.021443457067562e-08,-1.2791690826416016,0.000551950650216739,1493.0,,,,,,,,,,,,,,0.3008669556518839,,,,,0.028387833386659622,5.4192598327063024e-05
,imappo,,,,1493.0,0.0,0.0,0.0027096300291304942,0.0,0.0,0.0,0.0,0.0027096300291304942,0.0,0.0,0.0,0.0,0.0,,,,,,,
0.0040364693850278854,imappo,2.3223030609642592e-08,-1.200849175453186,0.0005516505501833945,1494.0,,,,,,,,,,,,,,0.30073357785928645,,,,,0.027765847742557526,5.937226887908764e-05
,imappo,,,,1494.0,0.0,0.0,0.0029686134366784245,0.0,0.0,0.0,0.0,0.0029686134366784245,0.0,0.0,0.0,0.0,0.0,,,,,,,
0.07569342106580734,imappo,1.4641909018564547e-08,-1.2549997568130493,0.0005513504501500501,1495.0,,,,,,,,,,,,,,0.30060020006668886,,,,,0.026772409677505493,6.0892183682881296e-05
,imappo,,,,1495.0,0.0,0.0,0.0030446089676843258,0.0,0.0,0.0,0.0,0.0030446089676843258,0.0,0.0,0.0,0.0,0.0,,,,,,,
0.04274750500917435,imappo,9.728712058176825e-09,-1.375861644744873,0.0005510503501167056,1496.0,,,,,,,,,,,,,,0.3004668222740914,,,,,0.03338632732629776,4.297118721297011e-05
,imappo,,,,1496.0,0.0,0.0,0.0021485594683099407,0.0,0.0,0.0,0.0,0.0021485594683099407,0.0,0.0,0.0,0.0,0.0,,,,,,,
-0.010867955163121223,imappo,4.956469901173932e-09,-0.8779919147491455,0.0005507502500833612,1497.0,,,,,,,,,,,,,,0.3003334444814938,,,,,0.028619855642318726,4.675284799304791e-05
,imappo,,,,1497.0,0.0,0.0,0.00233764240488199,0.0,0.0,0.0,0.0,0.00233764240488199,0.0,0.0,0.0,0.0,0.0,,,,,,,
-0.0005334547022357583,imappo,6.508570127294888e-09,-1.242104411125183,0.0005504501500500168,1498.0,,,,,,,,,,,,,,0.3002000666888963,,,,,0.03210369125008583,5.063221760792658e-05
,imappo,,,,1498.0,0.0,0.0,0.002531610774440196,0.0,0.0,0.0,0.0,0.002531610774440196,0.0,0.0,0.0,0.0,0.0,,,,,,,
-0.007388264872133732,imappo,3.429299866297697e-08,-1.2417476177215576,0.0005501500500166723,1499.0,,,,,,,,,,,,,,0.30006668889629873,,,,,0.030890099704265594,4.674207593780011e-05
,imappo,,,,1499.0,0.0,0.0,0.0023371036531898426,0.0,0.0,0.0,0.0,0.0023371036531898426,0.0,0.0,0.0,0.0,0.0,,,,,,,
,imappo,,,,1499.0,,,,,,,,,,,,,,,0.0,0.0,0.0,0.0,,
-0.006505623459815979,imappo,1.9833507280964113e-08,-1.146388292312622,0.0005498499499833278,1500.0,,,,,,,,,,,,,,0.29993331110370125,,,,,0.031063515692949295,4.720521246781573e-05
,imappo,,,,1500.0,0.0,0.0,0.0023602606070198817,0.0,0.0,0.0,0.0,0.0023602606070198817,0.0,0.0,0.0,0.0,0.0,,,,,,,
0.004353018011897802,imappo,6.68988819896299e-09,-1.2585697174072266,0.0005495498499499833,1501.0,,,,,,,,,,,,,,0.29979993331110366,,,,,0.03065720945596695,4.691800495493226e-05
,imappo,,,,1501.0,0.0,0.0,0.0023459003532479983,0.0,0.0,0.0,0.0,0.0023459003532479983,0.0,0.0,0.0,0.0,0.0,,,,,,,
-0.002765489276498556,imappo,1.0661841187697974e-08,-1.2173892259597778,0.0005492497499166389,1502.0,,,,,,,,,,,,,,0.2996665555185062,,,,,0.029788073152303696,4.491900108405389e-05
,imappo,,,,1502.0,0.0,0.0,0.002245950030555832,0.0,0.0,0.0,0.0,0.002245950030555832,0.0,0.0,0.0,0.0,0.0,,,,,,,
-0.011827194131910801,imappo,8.45321235232177e-09,-1.4996598958969116,0.0005489496498832945,1503.0,,,,,,,,,,,,,,0.2995331777259086,,,,,0.032921504229307175,6.0247719375183806e-05
,imappo,,,,1503.0,0.0,0.0,0.0030123858559818473,0.0,0.0,0.0,0.0,0.0030123858559818473,0.0,0.0,0.0,0.0,0.0,,,,,,,
-0.00874827615916729,imappo,3.923855462772963e-09,-1.311987042427063,0.0005486495498499501,1504.0,,,,,,,,,,,,,,0.2993997999333111,,,,,0.02918325923383236,4.3382100557209924e-05
,imappo,,,,1504.0,0.0,0.0,0.00216910507697321,0.0,0.0,0.0,0.0,0.00216910507697321,0.0,0.0,0.0,0.0,0.0,,,,,,,
-0.002354259602725506,imappo,8.83585116184804e-09,-1.3399133682250977,0.0005483494498166056,1505.0,,,,,,,,,,,,,,0.29926642214071353,,,,,0.030181409791111946,5.5253087339224294e-05
,imappo,,,,1505.0,0.0,0.0,0.002762654421530897,0.0,0.0,0.0,0.0,0.002762654421530897,0.0,0.0,0.0,0.0,0.0,,,,,,,
-0.012639246881008148,imappo,1.3733397530302227e-08,-0.9947790503501892,0.0005480493497832611,1506.0,,,,,,,,,,,,,,0.29913304434811605,,,,,0.027461562305688858,4.1672530642244965e-05
,imappo,,,,1506.0,0.0,0.0,0.002083626555531737,0.0,0.0,0.0,0.0,0.002083626555531737,0.0,0.0,0.0,0.0,0.0,,,,,,,
-0.0017383289523422718,imappo,9.620213958783097e-09,-1.212672472000122,0.0005477492497499166,1507.0,,,,,,,,,,,,,,0.29899966655551846,,,,,0.027665331959724426,4.079201607964933e-05
,imappo,,,,1507.0,0.0,0.0,0.0020396009076648625,0.0,0.0,0.0,0.0,0.0020396009076648625,0.0,0.0,0.0,0.0,0.0,,,,,,,
-0.0011349392589181662,imappo,5.249532808448976e-09,-1.1912206411361694,0.0005474491497165722,1508.0,,,,,,,,,,,,,,0.298866288762921,,,,,0.027428772300481796,4.2209190723951906e-05
,imappo,,,,1508.0,0.0,0.0,0.002110459750838345,0.0,0.0,0.0,0.0,0.002110459750838345,0.0,0.0,0.0,0.0,0.0,,,,,,,
0.005752222612500191,imappo,1.513631531224746e-08,-1.9872010946273804,0.0005471490496832278,1509.0,,,,,,,,,,,,,,0.2987329109703234,,,,,0.029174884781241417,4.926879410049878e-05
,imappo,,,,1509.0,0.0,0.0,0.0024634397004774655,0.0,0.0,0.0,0.0,0.0024634397004774655,0.0,0.0,0.0,0.0,0.0,,,,,,,
-0.0081265177577734,imappo,5.527764024293447e-09,-1.14002525806427,0.0005468489496498833,1510.0,,,,,,,,,,,,,,0.2985995331777259,,,,,0.026284361258149147,3.859231583192013e-05
,imappo,,,,1510.0,0.0,0.0,0.0019296159498480847,0.0,0.0,0.0,0.0,0.0019296159498480847,0.0,0.0,0.0,0.0,0.0,,,,,,,
-0.006433374714106321,imappo,3.5031164635768164e-09,-1.3793261051177979,0.0005465488496165389,1511.0,,,,,,,,,,,,,,0.2984661553851284,,,,,0.03291018307209015,5.156944826012477e-05
,imappo,,,,1511.0,0.0,0.0,0.0025784724675759207,0.0,0.0,0.0,0.0,0.0025784724675759207,0.0,0.0,0.0,0.0,0.0,,,,,,,
-0.003997272811830044,imappo,8.069577894787017e-09,-1.4984040260314941,0.0005462487495831944,1512.0,,,,,,,,,,,,,,0.29833277759253085,,,,,0.02958591654896736,4.4469521526480094e-05
,imappo,,,,1512.0,0.0,0.0,0.0022234759439925256,0.0,0.0,0.0,0.0,0.0022234759439925256,0.0,0.0,0.0,0.0,0.0,,,,,,,
0.007449782453477383,imappo,3.089879641038351e-08,-1.0537742376327515,0.00054594864954985,1513.0,,,,,,,,,,,,,,0.29819939979993326,,,,,0.023716453462839127,6.755349750164896e-05
,imappo,,,,1513.0,0.0,0.0,0.0033776748123273137,0.0,0.0,0.0,0.0,0.0033776748123273137,0.0,0.0,0.0,0.0,0.0,,,,,,,
-0.01069555338472128,imappo,5.015816739728507e-08,-1.1463603973388672,0.0005456485495165056,1514.0,,,,,,,,,,,,,,0.2980660220073358,,,,,0.027030710130929947,4.224315125611611e-05
,imappo,,,,1514.0,0.0,0.0,0.0021121575500728795,0.0,0.0,0.0,0.0,0.0021121575500728795,0.0,0.0,0.0,0.0,0.0,,,,,,,
0.004460971336811781,imappo,2.943056109927511e-08,-1.2063425779342651,0.0005453484494831612,1515.0,,,,,,,,,,,,,,0.29793264421473825,,,,,0.028293687850236893,7.515463221352547e-05
,imappo,,,,1515.0,0.0,0.0,0.0037577314728878264,0.0,0.0,0.0,0.0,0.0037577314728878264,0.0,0.0,0.0,0.0,0.0,,,,,,,
0.002865380607545376,imappo,1.4846819773595143e-08,-1.2974612712860107,0.0005450483494498166,1516.0,,,,,,,,,,,,,,0.2977992664221407,,,,,0.03134646266698837,6.740230310242623e-05
,imappo,,,,1516.0,0.0,0.0,0.003370115089637693,0.0,0.0,0.0,0.0,0.003370115089637693,0.0,0.0,0.0,0.0,0.0,,,,,,,
-0.0031319893896579742,imappo,2.985196800864287e-08,-0.7992175221443176,0.0005447482494164721,1517.0,,,,,,,,,,,,,,0.29766588862954313,,,,,0.02797575667500496,4.159391755820252e-05
,imappo,,,,1517.0,0.0,0.0,0.0020796959230438006,0.0,0.0,0.0,0.0,0.0020796959230438006,0.0,0.0,0.0,0.0,0.0,,,,,,,
-0.00573798967525363,imappo,1.5344221893087706e-08,-1.1007716655731201,0.0005444481493831277,1518.0,,,,,,,,,,,,,,0.29753251083694565,,,,,0.029643896967172623,4.3080020986963063e-05
,imappo,,,,1518.0,0.0,0.0,0.002154000964765146,0.0,0.0,0.0,0.0,0.002154000964765146,0.0,0.0,0.0,0.0,0.0,,,,,,,
-0.011845347471535206,imappo,2.0185071392120335e-08,-1.0378721952438354,0.0005441480493497833,1519.0,,,,,,,,,,,,,,0.2973991330443481,,,,,0.026612184941768646,3.841833313344978e-05
,imappo,,,,1519.0,0.0,0.0,0.0019209166750897566,0.0,0.0,0.0,0.0,0.0019209166750897566,0.0,0.0,0.0,0.0,0.0,,,,,,,
0.039499104022979736,imappo,4.467230141358414e-08,-0.9128177165985107,0.0005438479493164389,1520.0,,,,,,,,,,,,,,0.2972657552517506,,,,,0.02005549520254135,7.40915274946019e-05
,imappo,,,,1520.0,0.0,0.0,0.0037045766337087116,0.0,0.0,0.0,0.0,0.0037045766337087116,0.0,0.0,0.0,0.0,0.0,,,,,,,
0.031263578683137894,imappo,3.7777461159294035e-08,-1.7264384031295776,0.0005435478492830944,1521.0,,,,,,,,,,,,,,0.297132377459153,,,,,0.03126566484570503,5.783764936495572e-05
,imappo,,,,1521.0,0.0,0.0,0.002891882484618691,0.0,0.0,0.0,0.0,0.002891882484618691,0.0,0.0,0.0,0.0,0.0,,,,,,,
0.041227467358112335,imappo,9.023336389191172e-08,-1.3480855226516724,0.0005432477492497499,1522.0,,,,,,,,,,,,,,0.2969989996665555,,,,,0.02893873304128647,5.8179353800369427e-05
,imappo,,,,1522.0,0.0,0.0,0.002908967751864111,0.0,0.0,0.0,0.0,0.002908967751864111,0.0,0.0,0.0,0.0,0.0,,,,,,,
-0.002896268852055073,imappo,1.430037421812358e-08,-1.2551285028457642,0.0005429476492164055,1523.0,,,,,,,,,,,,,,0.296865621873958,,,,,0.03251079097390175,6.106313958298415e-05
,imappo,,,,1523.0,0.0,0.0,0.0030531569645972922,0.0,0.0,0.0,0.0,0.0030531569645972922,0.0,0.0,0.0,0.0,0.0,,,,,,,
0.0012699246872216463,imappo,2.224045125842622e-08,-1.2498713731765747,0.0005426475491830611,1524.0,,,,,,,,,,,,,,0.29673224408136045,,,,,0.03161916881799698,6.116056465543807e-05
,imappo,,,,1524.0,0.0,0.0,0.003058028189570905,0.0,0.0,0.0,0.0,0.003058028189570905,0.0,0.0,0.0,0.0,0.0,,,,,,,
0.014997919090092182,imappo,3.2131971750004595e-08,-0.943113386631012,0.0005423474491497166,1525.0,,,,,,,,,,,,,,0.29659886628876286,,,,,0.013487059623003006,5.2792402129853144e-05
,imappo,,,,1525.0,0.0,0.0,0.002639620088984884,0.0,0.0,0.0,0.0,0.002639620088984884,0.0,0.0,0.0,0.0,0.0,,,,,,,
0.01043938659131527,imappo,2.312932601000739e-08,-1.7920705080032349,0.0005420473491163722,1526.0,,,,,,,,,,,,,,0.2964654884961654,,,,,0.027812503278255463,4.7696219553472474e-05
,imappo,,,,1526.0,0.0,0.0,0.002384810839430429,0.0,0.0,0.0,0.0,0.002384810839430429,0.0,0.0,0.0,0.0,0.0,,,,,,,
-0.003961905371397734,imappo,2.970808310465145e-08,-1.0724093914031982,0.0005417472490830277,1527.0,,,,,,,,,,,,,,0.29633211070356785,,,,,0.02745027467608452,6.420205318136141e-05
,imappo,,,,1527.0,0.0,0.0,0.003210102653156355,0.0,0.0,0.0,0.0,0.003210102653156355,0.0,0.0,0.0,0.0,0.0,,,,,,,
0.03575511276721954,imappo,3.017463257037889e-08,-0.9913485646247864,0.0005414471490496832,1528.0,,,,,,,,,,,,,,0.2961987329109703,,,,,0.030568238347768784,6.829332414781675e-05
,imappo,,,,1528.0,0.0,0.0,0.003414666156459134,0.0,0.0,0.0,0.0,0.003414666156459134,0.0,0.0,0.0,0.0,0.0,,,,,,,
-0.00012246723053976893,imappo,5.99991096805752e-08,-1.208430290222168,0.0005411470490163388,1529.0,,,,,,,,,,,,,,0.29606535511837273,,,,,0.030191104859113693,6.98667427059263e-05
,imappo,,,,1529.0,0.0,0.0,0.003493336726023699,0.0,0.0,0.0,0.0,0.003493336726023699,0.0,0.0,0.0,0.0,0.0,,,,,,,
-0.011280601844191551,imappo,9.658343458340823e-09,-0.9414347410202026,0.0005408469489829944,1530.0,,,,,,,,,,,,,,0.29593197732577525,,,,,0.030993007123470306,4.367849032860249e-05
,imappo,,,,1530.0,0.0,0.0,0.002183924516202751,0.0,0.0,0.0,0.0,0.002183924516202751,0.0,0.0,0.0,0.0,0.0,,,,,,,
0.0067175161093473434,imappo,3.4405264415227066e-08,-0.967787504196167,0.00054054684894965,1531.0,,,,,,,,,,,,,,0.2957985995331777,,,,,0.02951207011938095,5.671340477420017e-05
,imappo,,,,1531.0,0.0,0.0,0.0028356702350720298,0.0,0.0,0.0,0.0,0.0028356702350720298,0.0,0.0,0.0,0.0,0.0,,,,,,,
-0.00403001019731164,imappo,2.6082350501610563e-08,-0.8510915040969849,0.0005402467489163055,1532.0,,,,,,,,,,,,,,0.2956652217405802,,,,,0.01219626609236002,6.483300239779055e-05
,imappo,,,,1532.0,0.0,0.0,0.00324165012807498,0.0,0.0,0.0,0.0,0.00324165012807498,0.0,0.0,0.0,0.0,0.0,,,,,,,
0.004390040412545204,imappo,5.216575615918373e-08,-0.6153530478477478,0.000539946648882961,1533.0,,,,,,,,,,,,,,0.2955318439479826,,,,,0.029371250420808792,3.903917604475282e-05
,imappo,,,,1533.0,0.0,0.0,0.0019519586828664615,0.0,0.0,0.0,0.0,0.0019519586828664615,0.0,0.0,0.0,0.0,0.0,,,,,,,
0.001337459310889244,imappo,3.2037135611062695e-08,-0.9385613799095154,0.0005396465488496165,1534.0,,,,,,,,,,,,,,0.2953984661553851,,,,,0.025519520044326782,4.99427187605761e-05
,imappo,,,,1534.0,0.0,0.0,0.002497135706107656,0.0,0.0,0.0,0.0,0.002497135706107656,0.0,0.0,0.0,0.0,0.0,,,,,,,
-0.00269136275164783,imappo,1.9517569782578903e-08,-1.1942768096923828,0.0005393464488162721,1535.0,,,,,,,,,,,,,,0.2952650883627876,,,,,0.029767360538244247,5.469701864058152e-05
,imappo,,,,1535.0,0.0,0.0,0.00273485053821787,0.0,0.0,0.0,0.0,0.00273485053821787,0.0,0.0,0.0,0.0,0.0,,,,,,,
-0.0040760403499007225,imappo,1.045810904543032e-08,-1.2245466709136963,0.0005390463487829277,1536.0,,,,,,,,,,,,,,0.29513171057019005,,,,,0.029011262580752373,5.3396812290884554e-05
,imappo,,,,1536.0,0.0,0.0,0.0026698404767557804,0.0,0.0,0.0,0.0,0.0026698404767557804,0.0,0.0,0.0,0.0,0.0,,,,,,,
-0.006700415629893541,imappo,9.844930204394586e-09,-0.8580417633056641,0.0005387462487495831,1537.0,,,,,,,,,,,,,,0.29499833277759246,,,,,0.034319400787353516,4.99073757964652e-05
,imappo,,,,1537.0,0.0,0.0,0.0024953687396873647,0.0,0.0,0.0,0.0,0.0024953687396873647,0.0,0.0,0.0,0.0,0.0,,,,,,,
-0.004747872240841389,imappo,3.5597757630512206e-08,-0.9461628198623657,0.0005384461487162388,1538.0,,,,,,,,,,,,,,0.294864954984995,,,,,0.011271986179053783,5.822092862217687e-05
,imappo,,,,1538.0,0.0,0.0,0.0029110465013673092,0.0,0.0,0.0,0.0,0.0029110465013673092,0.0,0.0,0.0,0.0,0.0,,,,,,,
-0.009216368198394775,imappo,1.9218273195065194e-08,-1.1316179037094116,0.0005381460486828943,1539.0,,,,,,,,,,,,,,0.29473157719239745,,,,,0.02836015447974205,8.871882891980931e-05
,imappo,,,,1539.0,0.0,0.0,0.004435941361748519,0.0,0.0,0.0,0.0,0.004435941361748519,0.0,0.0,0.0,0.0,0.0,,,,,,,
-0.00048159476136788726,imappo,2.896774198291041e-08,-1.0223397016525269,0.0005378459486495499,1540.0,,,,,,,,,,,,,,0.2945981993997999,,,,,0.02906123921275139,4.7595982323400676e-05
,imappo,,,,1540.0,0.0,0.0,0.002379798935862709,0.0,0.0,0.0,0.0,0.002379798935862709,0.0,0.0,0.0,0.0,0.0,,,,,,,
0.00936252810060978,imappo,1.831095630677737e-08,-0.9281915426254272,0.0005375458486162055,1541.0,,,,,,,,,,,,,,0.29446482160720244,,,,,0.03268779069185257,4.973743125447072e-05
,imappo,,,,1541.0,0.0,0.0,0.00248687127748326,0.0,0.0,0.0,0.0,0.00248687127748326,0.0,0.0,0.0,0.0,0.0,,,,,,,
-0.008655632846057415,imappo,1.950339090228681e-08,-1.3445543050765991,0.0005372457485828611,1542.0,,,,,,,,,,,,,,0.29433144381460485,,,,,0.034182075411081314,4.807468212675303e-05
,imappo,,,,1542.0,0.0,0.0,0.00240373424048812,0.0,0.0,0.0,0.0,0.00240373424048812,0.0,0.0,0.0,0.0,0.0,,,,,,,
-0.004410154651850462,imappo,1.541996930143341e-08,-1.4107978343963623,0.0005369456485495165,1543.0,,,,,,,,,,,,,,0.2941980660220073,,,,,0.028565503656864166,6.033920726622455e-05
,imappo,,,,1543.0,0.0,0.0,0.0030169604942784645,0.0,0.0,0.0,0.0,0.0030169604942784645,0.0,0.0,0.0,0.0,0.0,,,,,,,
-0.00977395474910736,imappo,1.672887073311813e-08,-1.1741523742675781,0.000536645548516172,1544.0,,,,,,,,,,,,,,0.2940646882294098,,,,,0.029662195593118668,3.0518196581397206e-05
,imappo,,,,1544.0,0.0,0.0,0.0015259098380511205,0.0,0.0,0.0,0.0,0.0015259098380511205,0.0,0.0,0.0,0.0,0.0,,,,,,,
-0.0030388105660676956,imappo,2.4345499838318574e-08,-1.088538408279419,0.0005363454484828276,1545.0,,,,,,,,,,,,,,0.2939313104368123,,,,,0.0296634528785944,5.172711826162413e-05
,imappo,,,,1545.0,0.0,0.0,0.0025863559621939203,0.0,0.0,0.0,0.0,0.0025863559621939203,0.0,0.0,0.0,0.0,0.0,,,,,,,
-0.010623068548738956,imappo,1.2691705464362713e-08,-1.0036295652389526,0.0005360453484494832,1546.0,,,,,,,,,,,,,,0.2937979326442147,,,,,0.027812939137220383,4.2837644286919385e-05
,imappo,,,,1546.0,0.0,0.0,0.0021418822246914715,0.0,0.0,0.0,0.0,0.0021418822246914715,0.0,0.0,0.0,0.0,0.0,,,,,,,
-0.0050016967579722404,imappo,4.799390662668657e-09,-1.3736252784729004,0.0005357452484161388,1547.0,,,,,,,,,,,,,,0.2936645548516172,,,,,0.030791359022259712,5.436501305666752e-05
,imappo,,,,1547.0,0.0,0.0,0.0027182508529222105,0.0,0.0,0.0,0.0,0.0027182508529222105,0.0,0.0,0.0,0.0,0.0,,,,,,,
0.03368169441819191,imappo,1.6485394160881128e-09,-1.3758975267410278,0.0005354451483827942,1548.0,,,,,,,,,,,,,,0.29353117705901965,,,,,0.030050329864025116,5.2556544687831774e-05
,imappo,,,,1548.0,0.0,0.0,0.002627827022479323,0.0,0.0,0.0,0.0,0.002627827022479323,0.0,0.0,0.0,0.0,0.0,,,,,,,
-0.006398133002221584,imappo,1.0907602820964257e-08,-1.0442090034484863,0.0005351450483494499,1549.0,,,,,,,,,,,,,,0.2933977992664222,,,,,0.029948536306619644,5.5014588724588975e-05
,imappo,,,,1549.0,0.0,0.0,0.0027507292261361727,0.0,0.0,0.0,0.0,0.0027507292261361727,0.0,0.0,0.0,0.0,0.0,,,,,,,
-0.0007651131018064916,imappo,4.36372582512945e-09,-0.976350724697113,0.0005348449483161054,1550.0,,,,,,,,,,,,,,0.2932644214738246,,,,,0.030056610703468323,5.2647410484496504e-05
,imappo,,,,1550.0,0.0,0.0,0.0026323704855713004,0.0,0.0,0.0,0.0,0.0026323704855713004,0.0,0.0,0.0,0.0,0.0,,,,,,,
-0.007209407165646553,imappo,7.877481777995854e-09,-0.7549513578414917,0.000534544848282761,1551.0,,,,,,,,,,,,,,0.29313104368122705,,,,,0.028612088412046432,4.2915613448712975e-05
,imappo,,,,1551.0,0.0,0.0,0.002145780705575362,0.0,0.0,0.0,0.0,0.002145780705575362,0.0,0.0,0.0,0.0,0.0,,,,,,,
0.00802328996360302,imappo,6.235281801991732e-08,-1.3357685804367065,0.0005342447482494164,1552.0,,,,,,,,,,,,,,0.2929976658886295,,,,,0.03177700191736221,5.09192468598485e-05
,imappo,,,,1552.0,0.0,0.0,0.002545962330259499,0.0,0.0,0.0,0.0,0.002545962330259499,0.0,0.0,0.0,0.0,0.0,,,,,,,
-0.001922935014590621,imappo,2.1754544832219835e-08,-1.2440379858016968,0.0005339446482160721,1553.0,,,,,,,,,,,,,,0.29286428809603204,,,,,0.032575573772192,5.904674617340788e-05
,imappo,,,,1553.0,0.0,0.0,0.0029523372922994895,0.0,0.0,0.0,0.0,0.0029523372922994895,0.0,0.0,0.0,0.0,0.0,,,,,,,
0.0165418591350317,imappo,2.687145261859314e-08,-1.207892894744873,0.0005336445481827276,1554.0,,,,,,,,,,,,,,0.29273091030343446,,,,,0.026666507124900818,5.176318882149644e-05
,imappo,,,,1554.0,0.0,0.0,0.002588159444712801,0.0,0.0,0.0,0.0,0.002588159444712801,0.0,0.0,0.0,0.0,0.0,,,,,,,
0.008869071491062641,imappo,6.672729480072803e-09,-1.0665545463562012,0.0005333444481493831,1555.0,,,,,,,,,,,,,,0.2925975325108369,,,,,0.027959909290075302,4.1645747842267156e-05
,imappo,,,,1555.0,0.0,0.0,0.0020822873052566138,0.0,0.0,0.0,0.0,0.0020822873052566138,0.0,0.0,0.0,0.0,0.0,,,,,,,
-0.004585546907037497,imappo,8.470236068092163e-09,-0.9286645650863647,0.0005330443481160387,1556.0,,,,,,,,,,,,,,0.2924641547182394,,,,,0.026963340118527412,4.043704757350497e-05
,imappo,,,,1556.0,0.0,0.0,0.0020218526597091113,0.0,0.0,0.0,0.0,0.0020218526597091113,0.0,0.0,0.0,0.0,0.0,,,,,,,
-0.0025466131046414375,imappo,6.219565751308664e-09,-0.8962534666061401,0.0005327442480826943,1557.0,,,,,,,,,,,,,,0.2923307769256419,,,,,0.028288058936595917,4.819258174393326e-05
,imappo,,,,1557.0,0.0,0.0,0.0024096289671433624,0.0,0.0,0.0,0.0,0.0024096289671433624,0.0,0.0,0.0,0.0,0.0,,,,,,,
-0.0011849922593683004,imappo,1.637821434030684e-08,-0.9568352103233337,0.0005324441480493499,1558.0,,,,,,,,,,,,,,0.2921973991330443,,,,,0.027125658467411995,4.435142909642309e-05
,imappo,,,,1558.0,0.0,0.0,0.0022175713975229883,0.0,0.0,0.0,0.0,0.0022175713975229883,0.0,0.0,0.0,0.0,0.0,,,,,,,
0.003077636705711484,imappo,3.000479864567751e-08,-1.167467474937439,0.0005321440480160053,1559.0,,,,,,,,,,,,,,0.2920640213404468,,,,,0.028944851830601692,4.755506233777851e-05
,imappo,,,,1559.0,0.0,0.0,0.0023777529157769095,0.0,0.0,0.0,0.0,0.0023777529157769095,0.0,0.0,0.0,0.0,0.0,,,,,,,
-0.007786959409713745,imappo,2.571538715301358e-08,-1.2195868492126465,0.000531843947982661,1560.0,,,,,,,,,,,,,,0.29193064354784926,,,,,0.03350723534822464,4.7283396270358935e-05
,imappo,,,,1560.0,0.0,0.0,0.002364169858992682,0.0,0.0,0.0,0.0,0.002364169858992682,0.0,0.0,0.0,0.0,0.0,,,,,,,
-0.01096512470394373,imappo,3.3152860456908684e-09,-1.2392605543136597,0.0005315438479493164,1561.0,,,,,,,,,,,,,,0.2917972657552518,,,,,0.028596628457307816,4.864595030085184e-05
,imappo,,,,1561.0,0.0,0.0,0.0024322974313690793,0.0,0.0,0.0,0.0,0.0024322974313690793,0.0,0.0,0.0,0.0,0.0,,,,,,,
0.0030446876771748066,imappo,3.0272413908960516e-08,-1.0105996131896973,0.000531243747915972,1562.0,,,,,,,,,,,,,,0.2916638879626542,,,,,0.02609245479106903,6.213465530890971e-05
,imappo,,,,1562.0,0.0,0.0,0.0031067330907887936,0.0,0.0,0.0,0.0,0.0031067330907887936,0.0,0.0,0.0,0.0,0.0,,,,,,,
0.0009191655553877354,imappo,4.008746046224587e-08,-1.2709851264953613,0.0005309436478826275,1563.0,,,,,,,,,,,,,,0.29153051017005666,,,,,0.03018990159034729,4.56914167443756e-05
,imappo,,,,1563.0,0.0,0.0,0.002284570822666865,0.0,0.0,0.0,0.0,0.002284570822666865,0.0,0.0,0.0,0.0,0.0,,,,,,,
-0.0020004233811050653,imappo,5.724173135490673e-09,-1.0163438320159912,0.0005306435478492832,1564.0,,,,,,,,,,,,,,0.2913971323774591,,,,,0.024239100515842438,5.881040488020517e-05
,imappo,,,,1564.0,0.0,0.0,0.002940519943614106,0.0,0.0,0.0,0.0,0.002940519943614106,0.0,0.0,0.0,0.0,0.0,,,,,,,
-0.007845886051654816,imappo,1.8378303323629552e-08,-1.598624348640442,0.0005303434478159387,1565.0,,,,,,,,,,,,,,0.29126375458486164,,,,,0.02953612059354782,4.390529647935182e-05
,imappo,,,,1565.0,0.0,0.0,0.0021952649467493757,0.0,0.0,0.0,0.0,0.0021952649467493757,0.0,0.0,0.0,0.0,0.0,,,,,,,
0.00475265271961689,imappo,6.385959494537019e-08,-1.0064057111740112,0.0005300433477825942,1566.0,,,,,,,,,,,,,,0.29113037679226406,,,,,0.02715359628200531,5.515107113751583e-05
,imappo,,,,1566.0,0.0,0.0,0.002757553594392448,0.0,0.0,0.0,0.0,0.002757553594392448,0.0,0.0,0.0,0.0,0.0,,,,,,,
-0.005134517326951027,imappo,3.739264542446108e-08,-0.6312214732170105,0.0005297432477492498,1567.0,,,,,,,,,,,,,,0.2909969989996665,,,,,0.02827341854572296,4.0007456846069545e-05
,imappo,,,,1567.0,0.0,0.0,0.002000372906763914,0.0,0.0,0.0,0.0,0.002000372906763914,0.0,0.0,0.0,0.0,0.0,,,,,,,
-0.008279651403427124,imappo,3.82863376557907e-08,-1.1089648008346558,0.0005294431477159054,1568.0,,,,,,,,,,,,,,0.290863621207069,,,,,0.02816399559378624,4.294218888389878e-05
,imappo,,,,1568.0,0.0,0.0,0.0021471095278684516,0.0,0.0,0.0,0.0,0.0021471095278684516,0.0,0.0,0.0,0.0,0.0,,,,,,,
0.0017808809643611312,imappo,3.09798586783927e-08,-0.8697910308837891,0.000529143047682561,1569.0,,,,,,,,,,,,,,0.2907302434144715,,,,,0.02693275921046734,3.867789564537816e-05
,imappo,,,,1569.0,0.0,0.0,0.001933894864123431,0.0,0.0,0.0,0.0,0.001933894864123431,0.0,0.0,0.0,0.0,0.0,,,,,,,
0.008368389680981636,imappo,3.0449562871126545e-08,-0.9527891874313354,0.0005288429476492163,1570.0,,,,,,,,,,,,,,0.2905968656218739,,,,,0.02937411330640316,5.27564698131755e-05
,imappo,,,,1570.0,0.0,0.0,0.0026378234376807086,0.0,0.0,0.0,0.0,0.0026378234376807086,0.0,0.0,0.0,0.0,0.0,,,,,,,
-0.015041802078485489,imappo,1.2407695315630463e-08,-0.8790343999862671,0.000528542847615872,1571.0,,,,,,,,,,,,,,0.29046348782927645,,,,,0.02825908735394478,4.506590630626306e-05
,imappo,,,,1571.0,0.0,0.0,0.0022532952598197653,0.0,0.0,0.0,0.0,0.0022532952598197653,0.0,0.0,0.0,0.0,0.0,,,,,,,
-0.0019310066709294915,imappo,5.0991193489835496e-08,-0.5572476983070374,0.0005282427475825275,1572.0,,,,,,,,,,,,,,0.29033011003667886,,,,,0.028930898755788803,5.934478758717887e-05
,imappo,,,,1572.0,0.0,0.0,0.0029672393029613886,0.0,0.0,0.0,0.0,0.0029672393029613886,0.0,0.0,0.0,0.0,0.0,,,,,,,
0.006526329554617405,imappo,3.814361093645857e-08,-0.5731927156448364,0.0005279426475491831,1573.0,,,,,,,,,,,,,,0.2901967322440814,,,,,0.026707813143730164,5.642607720801607e-05
,imappo,,,,1573.0,0.0,0.0,0.002821303569362499,0.0,0.0,0.0,0.0,0.002821303569362499,0.0,0.0,0.0,0.0,0.0,,,,,,,
-0.008643369190394878,imappo,1.8979225302473424e-08,-1.2022520303726196,0.0005276425475158386,1574.0,,,,,,,,,,,,,,0.2900633544514838,,,,,0.02947903610765934,4.627003363566473e-05
,imappo,,,,1574.0,0.0,0.0,0.0023135015809074844,0.0,0.0,0.0,0.0,0.0023135015809074844,0.0,0.0,0.0,0.0,0.0,,,,,,,
0.010283976793289185,imappo,1.9544122764614258e-08,-0.857784628868103,0.0005273424474824943,1575.0,,,,,,,,,,,,,,0.2899299766588863,,,,,0.028810814023017883,4.595433347276412e-05
,imappo,,,,1575.0,0.0,0.0,0.002297716719795062,0.0,0.0,0.0,0.0,0.002297716719795062,0.0,0.0,0.0,0.0,0.0,,,,,,,
-0.004565643146634102,imappo,7.525543743724938e-09,-0.8322935104370117,0.0005270423474491498,1576.0,,,,,,,,,,,,,,0.2897965988662887,,,,,0.02649969980120659,4.909420385956764e-05
,imappo,,,,1576.0,0.0,0.0,0.0024547101352254685,0.0,0.0,0.0,0.0,0.0024547101352254685,0.0,0.0,0.0,0.0,0.0,,,,,,,
-0.002531088422983885,imappo,1.2274560035052673e-08,-0.8659701347351074,0.0005267422474158053,1577.0,,,,,,,,,,,,,,0.28966322107369125,,,,,0.025904081761837006,4.794151391251944e-05
,imappo,,,,1577.0,0.0,0.0,0.0023970755332811677,0.0,0.0,0.0,0.0,0.0023970755332811677,0.0,0.0,0.0,0.0,0.0,,,,,,,
-0.0023442506790161133,imappo,1.3478072879991032e-08,-0.9088982939720154,0.0005264421473824608,1578.0,,,,,,,,,,,,,,0.28952984328109366,,,,,0.028363704681396484,5.789002534584142e-05
,imappo,,,,1578.0,0.0,0.0,0.002894500901675201,0.0,0.0,0.0,0.0,0.002894500901675201,0.0,0.0,0.0,0.0,0.0,,,,,,,
0.02939651906490326,imappo,4.8211550307541984e-08,-1.5559935569763184,0.0005261420473491164,1579.0,,,,,,,,,,,,,,0.2893964654884962,,,,,0.02784929797053337,4.708851338364184e-05
,imappo,,,,1579.0,0.0,0.0,0.0023544257364847,0.0,0.0,0.0,0.0,0.0023544257364847,0.0,0.0,0.0,0.0,0.0,,,,,,,
0.01925898715853691,imappo,1.1560717894099071e-07,-1.5559159517288208,0.000525841947315772,1580.0,,,,,,,,,,,,,,0.2892630876958986,,,,,0.02705911174416542,4.5857144868932664e-05
,imappo,,,,1580.0,0.0,0.0,0.0022928572834644,0.0,0.0,0.0,0.0,0.0022928572834644,0.0,0.0,0.0,0.0,0.0,,,,,,,
-0.005497931502759457,imappo,9.797519595622362e-08,-0.944094717502594,0.0005255418472824274,1581.0,,,,,,,,,,,,,,0.2891297099033011,,,,,0.03238307684659958,5.685275391442701e-05
,imappo,,,,1581.0,0.0,0.0,0.0028426377630239585,0.0,0.0,0.0,0.0,0.0028426377630239585,0.0,0.0,0.0,0.0,0.0,,,,,,,
0.006390854716300964,imappo,7.738377405530628e-08,-1.0402919054031372,0.000525241747249083,1582.0,,,,,,,,,,,,,,0.2889963321107035,,,,,0.03110550343990326,4.434346192283556e-05
,imappo,,,,1582.0,0.0,0.0,0.0022171731166054087,0.0,0.0,0.0,0.0,0.0022171731166054087,0.0,0.0,0.0,0.0,0.0,,,,,,,
-0.008436777628958225,imappo,8.36141040849725e-08,-0.9540482759475708,0.0005249416472157386,1583.0,,,,,,,,,,,,,,0.28886295431810605,,,,,0.03424447029829025,5.188676368561573e-05
,imappo,,,,1583.0,0.0,0.0,0.0025943380042008357,0.0,0.0,0.0,0.0,0.0025943380042008357,0.0,0.0,0.0,0.0,0.0,,,,,,,
0.005443108733743429,imappo,4.2738175665135714e-08,-0.8273119926452637,0.0005246415471823942,1584.0,,,,,,,,,,,,,,0.28872957652550846,,,,,0.027322066947817802,4.294720565667376e-05
,imappo,,,,1584.0,0.0,0.0,0.0021473604128914303,0.0,0.0,0.0,0.0,0.0021473604128914303,0.0,0.0,0.0,0.0,0.0,,,,,,,
-0.00305517902597785,imappo,4.000986919550087e-08,-0.9441824555397034,0.0005243414471490497,1585.0,,,,,,,,,,,,,,0.288596198732911,,,,,0.034063465893268585,4.788841033587232e-05
,imappo,,,,1585.0,0.0,0.0,0.0023944204344843456,0.0,0.0,0.0,0.0,0.0023944204344843456,0.0,0.0,0.0,0.0,0.0,,,,,,,
0.0826001912355423,imappo,1.5506350337091135e-07,-1.3860719203948975,0.0005240413471157054,1586.0,,,,,,,,,,,,,,0.28846282094031345,,,,,0.03049248643219471,5.030940883443691e-05
,imappo,,,,1586.0,0.0,0.0,0.002515470278012799,0.0,0.0,0.0,0.0,0.002515470278012799,0.0,0.0,0.0,0.0,0.0,,,,,,,
-0.0026923050172626972,imappo,2.0982989212825487e-07,-1.0504831075668335,0.0005237412470823608,1587.0,,,,,,,,,,,,,,0.2883294431477159,,,,,0.028855372220277786,4.528742647380568e-05
,imappo,,,,1587.0,0.0,0.0,0.002264371341880178,0.0,0.0,0.0,0.0,0.002264371341880178,0.0,0.0,0.0,0.0,0.0,,,,,,,
-0.005778965074568987,imappo,2.7650028755488165e-07,-0.9006941914558411,0.0005234411470490163,1588.0,,,,,,,,,,,,,,0.2881960653551183,,,,,0.03294207155704498,5.0619597459444776e-05
,imappo,,,,1588.0,0.0,0.0,0.0025309800057584653,0.0,0.0,0.0,0.0,0.0025309800057584653,0.0,0.0,0.0,0.0,0.0,,,,,,,
-0.002699907636269927,imappo,1.404280283168191e-07,-1.0974719524383545,0.0005231410470156719,1589.0,,,,,,,,,,,,,,0.28806268756252085,,,,,0.02921430952847004,4.556733256322332e-05
,imappo,,,,1589.0,0.0,0.0,0.002278366393511533,0.0,0.0,0.0,0.0,0.002278366393511533,0.0,0.0,0.0,0.0,0.0,,,,,,,
-0.00039986218325793743,imappo,1.3350241090392956e-07,-0.9162207245826721,0.0005228409469823275,1590.0,,,,,,,,,,,,,,0.2879293097699233,,,,,0.026316877454519272,6.174008740345016e-05
,imappo,,,,1590.0,0.0,0.0,0.003087004216013156,0.0,0.0,0.0,0.0,0.003087004216013156,0.0,0.0,0.0,0.0,0.0,,,,,,,
0.005181600339710712,imappo,1.3383306907144288e-07,-0.6811861395835876,0.0005225408469489831,1591.0,,,,,,,,,,,,,,0.2877959319773258,,,,,0.027581769973039627,4.279796849004924e-05
,imappo,,,,1591.0,0.0,0.0,0.0021398982357823115,0.0,0.0,0.0,0.0,0.0021398982357823115,0.0,0.0,0.0,0.0,0.0,,,,,,,
0.012258688919246197,imappo,1.8096598353167792e-07,-1.4519938230514526,0.0005222407469156386,1592.0,,,,,,,,,,,,,,0.2876625541847282,,,,,0.025750719010829926,4.449746120371856e-05
,imappo,,,,1592.0,0.0,0.0,0.0022248730092542246,0.0,0.0,0.0,0.0,0.0022248730092542246,0.0,0.0,0.0,0.0,0.0,,,,,,,
-0.001981092384085059,imappo,2.0878918860489648e-07,-0.7622964978218079,0.0005219406468822941,1593.0,,,,,,,,,,,,,,0.2875291763921307,,,,,0.026053253561258316,4.036120662931353e-05
,imappo,,,,1593.0,0.0,0.0,0.0020180604496999877,0.0,0.0,0.0,0.0,0.0020180604496999877,0.0,0.0,0.0,0.0,0.0,,,,,,,
-0.0026690084487199783,imappo,1.012575481240674e-07,-0.7291773557662964,0.0005216405468489497,1594.0,,,,,,,,,,,,,,0.2873957985995332,,,,,0.03361935913562775,5.283140126266517e-05
,imappo,,,,1594.0,0.0,0.0,0.002641570189553022,0.0,0.0,0.0,0.0,0.002641570189553022,0.0,0.0,0.0,0.0,0.0,,,,,,,
-0.004493162967264652,imappo,4.686949850452038e-08,-0.6806069016456604,0.0005213404468156053,1595.0,,,,,,,,,,,,,,0.28726242080693565,,,,,0.03254952281713486,5.4021398682380095e-05
,imappo,,,,1595.0,0.0,0.0,0.002701070034163422,0.0,0.0,0.0,0.0,0.002701070034163422,0.0,0.0,0.0,0.0,0.0,,,,,,,
0.011551523581147194,imappo,2.3701196028014238e-07,-1.2746086120605469,0.0005210403467822607,1596.0,,,,,,,,,,,,,,0.28712904301433806,,,,,0.02862165868282318,5.009365122532472e-05
,imappo,,,,1596.0,0.0,0.0,0.002504682564904215,0.0,0.0,0.0,0.0,0.002504682564904215,0.0,0.0,0.0,0.0,0.0,,,,,,,
0.008306949399411678,imappo,2.3829099404792942e-07,-0.6733339428901672,0.0005207402467489162,1597.0,,,,,,,,,,,,,,0.2869956652217406,,,,,0.026290779933333397,4.091633309144527e-05
,imappo,,,,1597.0,0.0,0.0,0.0020458164828198733,0.0,0.0,0.0,0.0,0.0020458164828198733,0.0,0.0,0.0,0.0,0.0,,,,,,,
-0.0019915986340492964,imappo,1.2598165710642206e-07,-0.7350839972496033,0.0005204401467155719,1598.0,,,,,,,,,,,,,,0.28686228742914305,,,,,0.030038654804229736,5.4578424169449136e-05
,imappo,,,,1598.0,0.0,0.0,0.0027289211575407535,0.0,0.0,0.0,0.0,0.0027289211575407535,0.0,0.0,0.0,0.0,0.0,,,,,,,
-0.008489721454679966,imappo,7.94161891803924e-08,-0.8407214283943176,0.0005201400466822274,1599.0,,,,,,,,,,,,,,0.2867289096365455,,,,,0.03209510073065758,5.630237137665972e-05
,imappo,,,,1599.0,0.0,0.0,0.0028151186525064986,0.0,0.0,0.0,0.0,0.0028151186525064986,0.0,0.0,0.0,0.0,0.0,,,,,,,
,imappo,,,,1599.0,,,,,,,,,,,,,,,0.0,0.0,0.0,0.0,,
0.0025102300569415092,imappo,1.1989531856215763e-07,-0.8049478530883789,0.000519839946648883,1600.0,,,,,,,,,,,,,,0.2865955318439479,,,,,0.03205028921365738,4.867986717727035e-05
,imappo,,,,1600.0,0.0,0.0,0.0024339935243915534,0.0,0.0,0.0,0.0,0.0024339935243915534,0.0,0.0,0.0,0.0,0.0,,,,,,,
-0.012683762237429619,imappo,3.891118183219078e-08,-0.6098617911338806,0.0005195398466155386,1601.0,,,,,,,,,,,,,,0.28646215405135045,,,,,0.024829158559441566,4.0127968532033265e-05
,imappo,,,,1601.0,0.0,0.0,0.002006398658522812,0.0,0.0,0.0,0.0,0.002006398658522812,0.0,0.0,0.0,0.0,0.0,,,,,,,
0.019115488976240158,imappo,5.7012602638906174e-08,-0.8242359161376953,0.0005192397465821942,1602.0,,,,,,,,,,,,,,0.2863287762587529,,,,,0.025759007781744003,6.0225353081477806e-05
,imappo,,,,1602.0,0.0,0.0,0.0030112676910221126,0.0,0.0,0.0,0.0,0.0030112676910221126,0.0,0.0,0.0,0.0,0.0,,,,,,,
-0.004875135142356157,imappo,5.120164914274028e-08,-0.7683942914009094,0.0005189396465488497,1603.0,,,,,,,,,,,,,,0.2861953984661554,,,,,0.029927603900432587,5.595797847490758e-05
,imappo,,,,1603.0,0.0,0.0,0.00279789870728564,0.0,0.0,0.0,0.0,0.00279789870728564,0.0,0.0,0.0,0.0,0.0,,,,,,,
-0.00885387696325779,imappo,3.288180394633855e-08,-0.7330986261367798,0.0005186395465155052,1604.0,,,,,,,,,,,,,,0.2860620206735578,,,,,0.027228297665715218,4.31640692113433e-05
,imappo,,,,1604.0,0.0,0.0,0.0021582034842140274,0.0,0.0,0.0,0.0,0.0021582034842140274,0.0,0.0,0.0,0.0,0.0,,,,,,,
-0.001054762047715485,imappo,6.253139872569591e-08,-0.39652785658836365,0.0005183394464821607,1605.0,,,,,,,,,,,,,,0.2859286428809603,,,,,0.02629735693335533,6.750362081220374e-05
,imappo,,,,1605.0,0.0,0.0,0.0033751808571196307,0.0,0.0,0.0,0.0,0.0033751808571196307,0.0,0.0,0.0,0.0,0.0,,,,,,,
-0.005967539269477129,imappo,1.4517099522493027e-08,-0.97528475522995,0.0005180393464488163,1606.0,,,,,,,,,,,,,,0.2857952650883628,,,,,0.029116831719875336,4.376659489935264e-05
,imappo,,,,1606.0,0.0,0.0,0.002188329830744351,0.0,0.0,0.0,0.0,0.002188329830744351,0.0,0.0,0.0,0.0,0.0,,,,,,,
0.0017914620693773031,imappo,3.666249881462136e-08,-0.7624446749687195,0.0005177392464154718,1607.0,,,,,,,,,,,,,,0.28566188729576525,,,,,0.026010427623987198,7.413161802105606e-05
,imappo,,,,1607.0,0.0,0.0,0.0037065809247902592,0.0,0.0,0.0,0.0,0.0037065809247902592,0.0,0.0,0.0,0.0,0.0,,,,,,,
-0.01288588996976614,imappo,1.9355157476752538e-08,-0.7068989276885986,0.0005174391463821273,1608.0,,,,,,,,,,,,,,0.28552850950316766,,,,,0.03150051832199097,5.6360695452895015e-05
,imappo,,,,1608.0,0.0,0.0,0.002818034848132811,0.0,0.0,0.0,0.0,0.002818034848132811,0.0,0.0,0.0,0.0,0.0,,,,,,,
-0.011420049704611301,imappo,3.354739064320711e-08,-0.5787202715873718,0.000517139046348783,1609.0,,,,,,,,,,,,,,0.2853951317105702,,,,,0.033229440450668335,5.1780534704448655e-05
,imappo,,,,1609.0,0.0,0.0,0.0025890267023669367,0.0,0.0,0.0,0.0,0.0025890267023669367,0.0,0.0,0.0,0.0,0.0,,,,,,,
-0.001590663567185402,imappo,1.925631742949463e-08,-0.7438517212867737,0.0005168389463154385,1610.0,,,,,,,,,,,,,,0.28526175391797265,,,,,0.026504434645175934,5.310846972861327e-05
,imappo,,,,1610.0,0.0,0.0,0.002655423366945797,0.0,0.0,0.0,0.0,0.002655423366945797,0.0,0.0,0.0,0.0,0.0,,,,,,,
-0.0068379612639546394,imappo,9.493570374274896e-09,-0.9858102202415466,0.0005165388462820941,1611.0,,,,,,,,,,,,,,0.2851283761253751,,,,,0.028750499710440636,5.5354634241666645e-05
,imappo,,,,1611.0,0.0,0.0,0.0027677317418906,0.0,0.0,0.0,0.0,0.0027677317418906,0.0,0.0,0.0,0.0,0.0,,,,,,,
-0.0036259766202419996,imappo,4.698020639182232e-09,-0.946483850479126,0.0005162387462487496,1612.0,,,,,,,,,,,,,,0.2849949983327775,,,,,0.033639248460531235,4.414435170474462e-05
,imappo,,,,1612.0,0.0,0.0,0.0022072176207075245,0.0,0.0,0.0,0.0,0.0022072176207075245,0.0,0.0,0.0,0.0,0.0,,,,,,,
-0.008128148503601551,imappo,7.825535419669905e-08,-0.575701117515564,0.0005159386462154053,1613.0,,,,,,,,,,,,,,0.28486162054018005,,,,,0.021237719804048538,4.730436921818182e-05
,imappo,,,,1613.0,0.0,0.0,0.0023652187001061975,0.0,0.0,0.0,0.0,0.0023652187001061975,0.0,0.0,0.0,0.0,0.0,,,,,,,
0.0006035576807335019,imappo,1.228564805444421e-08,-0.6984601616859436,0.0005156385461820607,1614.0,,,,,,,,,,,,,,0.2847282427475825,,,,,0.030438514426350594,5.275749208522029e-05
,imappo,,,,1614.0,0.0,0.0,0.0026378744735779946,0.0,0.0,0.0,0.0,0.0026378744735779946,0.0,0.0,0.0,0.0,0.0,,,,,,,
-0.009798094630241394,imappo,1.2886618883101164e-08,-1.0087037086486816,0.0005153384461487162,1615.0,,,,,,,,,,,,,,0.284594864954985,,,,,0.030663374811410904,5.912920823902823e-05
,imappo,,,,1615.0,0.0,0.0,0.0029564602191385347,0.0,0.0,0.0,0.0,0.0029564602191385347,0.0,0.0,0.0,0.0,0.0,,,,,,,
-0.0025599151849746704,imappo,2.4488080896389874e-08,-0.7347274422645569,0.0005150383461153718,1616.0,,,,,,,,,,,,,,0.2844614871623875,,,,,0.02980436012148857,5.788678754470311e-05
,imappo,,,,1616.0,0.0,0.0,0.0028943395718670217,0.0,0.0,0.0,0.0,0.0028943395718670217,0.0,0.0,0.0,0.0,0.0,,,,,,,
-0.0061514670960605145,imappo,1.8335443385808503e-08,-1.0530753135681152,0.0005147382460820274,1617.0,,,,,,,,,,,,,,0.2843281093697899,,,,,0.029628152027726173,5.764151501352899e-05
,imappo,,,,1617.0,0.0,0.0,0.0028820756961067673,0.0,0.0,0.0,0.0,0.0028820756961067673,0.0,0.0,0.0,0.0,0.0,,,,,,,
-0.0016437212470918894,imappo,9.14500741799884e-09,-0.8595779538154602,0.0005144381460486829,1618.0,,,,,,,,,,,,,,0.2841947315771924,,,,,0.02796708233654499,5.790875366074033e-05
,imappo,,,,1618.0,0.0,0.0,0.00289543721123664,0.0,0.0,0.0,0.0,0.00289543721123664,0.0,0.0,0.0,0.0,0.0,,,,,,,
-0.0037193275056779385,imappo,4.764981298421844e-09,-0.860427975654602,0.0005141380460153384,1619.0,,,,,,,,,,,,,,0.28406135378459485,,,,,0.027061492204666138,5.41573426744435e-05
,imappo,,,,1619.0,0.0,0.0,0.002707867153276311,0.0,0.0,0.0,0.0,0.002707867153276311,0.0,0.0,0.0,0.0,0.0,,,,,,,
-0.00456113088876009,imappo,1.2141970984202999e-08,-0.5439900159835815,0.0005138379459819941,1620.0,,,,,,,,,,,,,,0.28392797599199737,,,,,0.029645945876836777,4.6013345126993954e-05
,imappo,,,,1620.0,0.0,0.0,0.0023006673225154373,0.0,0.0,0.0,0.0,0.0023006673225154373,0.0,0.0,0.0,0.0,0.0,,,,,,,
0.013202071189880371,imappo,2.1595260690787654e-08,-0.8513991832733154,0.0005135378459486496,1621.0,,,,,,,,,,,,,,0.2837945981993998,,,,,0.023637132719159126,6.432068767026067e-05
,imappo,,,,1621.0,0.0,0.0,0.003216034709467408,0.0,0.0,0.0,0.0,0.003216034709467408,0.0,0.0,0.0,0.0,0.0,,,,,,,
-0.005104843061417341,imappo,2.5742592058008995e-08,-0.806179940700531,0.0005132377459153052,1622.0,,,,,,,,,,,,,,0.28366122040680225,,,,,0.028026096522808075,3.63959843525663e-05
,imappo,,,,1622.0,0.0,0.0,0.0018197990414137166,0.0,0.0,0.0,0.0,0.0018197990414137166,0.0,0.0,0.0,0.0,0.0,,,,,,,
0.004104210529476404,imappo,4.179958068561973e-08,-0.8043258190155029,0.0005129376458819606,1623.0,,,,,,,,,,,,,,0.2835278426142047,,,,,0.033597588539123535,4.6116354496916756e-05
,imappo,,,,1623.0,0.0,0.0,0.0023058178295514153,0.0,0.0,0.0,0.0,0.0023058178295514153,0.0,0.0,0.0,0.0,0.0,,,,,,,
-0.015295763500034809,imappo,8.057001288364063e-09,-0.6053749918937683,0.0005126375458486163,1624.0,,,,,,,,,,,,,,0.28339446482160724,,,,,0.02717715874314308,4.7816280130064115e-05
,imappo,,,,1624.0,0.0,0.0,0.0023908143127755466,0.0,0.0,0.0,0.0,0.0023908143127755466,0.0,0.0,0.0,0.0,0.0,,,,,,,
0.007927983067929745,imappo,2.053271686008884e-08,-0.9363300800323486,0.0005123374458152718,1625.0,,,,,,,,,,,,,,0.28326108702900965,,,,,0.028631895780563354,6.163998477859423e-05
,imappo,,,,1625.0,0.0,0.0,0.003081999366713717,0.0,0.0,0.0,0.0,0.003081999366713717,0.0,0.0,0.0,0.0,0.0,,,,,,,
-0.0005009762244299054,imappo,1.5358823546307576e-08,-0.9457806348800659,0.0005120373457819273,1626.0,,,,,,,,,,,,,,0.2831277092364121,,,,,0.028413787484169006,6.090422175475396e-05
,imappo,,,,1626.0,0.0,0.0,0.0030452110131591326,0.0,0.0,0.0,0.0,0.0030452110131591326,0.0,0.0,0.0,0.0,0.0,,,,,,,
-0.004116922616958618,imappo,1.3880241844788088e-08,-0.36621421575546265,0.0005117372457485829,1627.0,,,,,,,,,,,,,,0.2829943314438146,,,,,0.02144329994916916,3.786604793276638e-05
,imappo,,,,1627.0,0.0,0.0,0.0018933025085061672,0.0,0.0,0.0,0.0,0.0018933025085061672,0.0,0.0,0.0,0.0,0.0,,,,,,,
0.0001930169528350234,imappo,2.0318999816026917e-08,-0.9636551141738892,0.0005114371457152385,1628.0,,,,,,,,,,,,,,0.2828609536512171,,,,,0.027697117999196053,6.0476912040030584e-05
,imappo,,,,1628.0,0.0,0.0,0.0030238456201914232,0.0,0.0,0.0,0.0,0.0030238456201914232,0.0,0.0,0.0,0.0,0.0,,,,,,,
0.00674454728141427,imappo,9.113765742085889e-09,-1.2687647342681885,0.000511137045681894,1629.0,,,,,,,,,,,,,,0.2827275758586195,,,,,0.028666405007243156,5.572347072302364e-05
,imappo,,,,1629.0,0.0,0.0,0.0027861736225531786,0.0,0.0,0.0,0.0,0.0027861736225531786,0.0,0.0,0.0,0.0,0.0,,,,,,,
-0.002332940697669983,imappo,1.0190168708845704e-08,-0.5402790904045105,0.0005108369456485496,1630.0,,,,,,,,,,,,,,0.282594198066022,,,,,0.03131328523159027,5.351407526177354e-05
,imappo,,,,1630.0,0.0,0.0,0.0026757038848472803,0.0,0.0,0.0,0.0,0.0026757038848472803,0.0,0.0,0.0,0.0,0.0,,,,,,,
0.004638798534870148,imappo,8.748617830178773e-09,-0.44729378819465637,0.0005105368456152052,1631.0,,,,,,,,,,,,,,0.28246082027342445,,,,,0.02834826335310936,4.667622488341294e-05
,imappo,,,,1631.0,0.0,0.0,0.0023338114206126193,0.0,0.0,0.0,0.0,0.0023338114206126193,0.0,0.0,0.0,0.0,0.0,,,,,,,
-0.002638536971062422,imappo,1.3407018606415022e-08,-0.5534232258796692,0.0005102367455818606,1632.0,,,,,,,,,,,,,,0.282327442480827,,,,,0.029964657500386238,4.9582100473344326e-05
,imappo,,,,1632.0,0.0,0.0,0.0024791051860120206,0.0,0.0,0.0,0.0,0.0024791051860120206,0.0,0.0,0.0,0.0,0.0,,,,,,,
-0.006277727894484997,imappo,1.5369813866072946e-08,-0.43339410424232483,0.0005099366455485162,1633.0,,,,,,,,,,,,,,0.2821940646882294,,,,,0.019487716257572174,4.070854265592061e-05
,imappo,,,,1633.0,0.0,0.0,0.0020354272743361435,0.0,0.0,0.0,0.0,0.0020354272743361435,0.0,0.0,0.0,0.0,0.0,,,,,,,
-0.00873066671192646,imappo,1.0097576108591966e-08,-0.9471301436424255,0.0005096365455151717,1634.0,,,,,,,,,,,,,,0.28206068689563185,,,,,0.03221306949853897,4.796612120117061e-05
,imappo,,,,1634.0,0.0,0.0,0.002398306112809223,0.0,0.0,0.0,0.0,0.002398306112809223,0.0,0.0,0.0,0.0,0.0,,,,,,,
0.004856053274124861,imappo,1.6677965675171436e-08,-0.8629282712936401,0.0005093364454818273,1635.0,,,,,,,,,,,,,,0.2819273091030343,,,,,0.03005530685186386,7.280973659362644e-05
,imappo,,,,1635.0,0.0,0.0,0.00364048692358665,0.0,0.0,0.0,0.0,0.00364048692358665,0.0,0.0,0.0,0.0,0.0,,,,,,,
-0.007111472077667713,imappo,1.7294050635996427e-08,-0.7519270181655884,0.0005090363454484829,1636.0,,,,,,,,,,,,,,0.28179393131043684,,,,,0.019822999835014343,3.1419695005752146e-05
,imappo,,,,1636.0,0.0,0.0,0.0015709846795743942,0.0,0.0,0.0,0.0,0.0015709846795743942,0.0,0.0,0.0,0.0,0.0,,,,,,,
0.007775837555527687,imappo,1.714165875910112e-08,-0.7557586431503296,0.0005087362454151384,1637.0,,,,,,,,,,,,,,0.28166055351783925,,,,,0.017493996769189835,3.0487468393403105e-05
,imappo,,,,1637.0,0.0,0.0,0.0015243734704384337,0.0,0.0,0.0,0.0,0.0015243734704384337,0.0,0.0,0.0,0.0,0.0,,,,,,,
-0.007632256019860506,imappo,2.3726034470428203e-08,-0.7952961921691895,0.000508436145381794,1638.0,,,,,,,,,,,,,,0.2815271757252417,,,,,0.031040333211421967,6.439147546188906e-05
,imappo,,,,1638.0,0.0,0.0,0.0032195736123412644,0.0,0.0,0.0,0.0,0.0032195736123412644,0.0,0.0,0.0,0.0,0.0,,,,,,,
-0.006488065700978041,imappo,1.1675443722936052e-08,-0.9117037057876587,0.0005081360453484496,1639.0,,,,,,,,,,,,,,0.2813937979326442,,,,,0.026482168585062027,4.1055049223359674e-05
,imappo,,,,1639.0,0.0,0.0,0.0020527526219780157,0.0,0.0,0.0,0.0,0.0020527526219780157,0.0,0.0,0.0,0.0,0.0,,,,,,,
-0.0005122541915625334,imappo,2.7483533671102123e-08,-0.8906575441360474,0.000507835945315105,1640.0,,,,,,,,,,,,,,0.2812604201400467,,,,,0.028856687247753143,8.28495467430912e-05
,imappo,,,,1640.0,0.0,0.0,0.004142477102504927,0.0,0.0,0.0,0.0,0.004142477102504927,0.0,0.0,0.0,0.0,0.0,,,,,,,
0.00716185849159956,imappo,8.348790103696047e-09,-0.9447490572929382,0.0005075358452817606,1641.0,,,,,,,,,,,,,,0.2811270423474491,,,,,0.026347102597355843,6.648377166129649e-05
,imappo,,,,1641.0,0.0,0.0,0.0033241884202652727,0.0,0.0,0.0,0.0,0.0033241884202652727,0.0,0.0,0.0,0.0,0.0,,,,,,,
0.005125701893121004,imappo,1.8913800303721473e-08,-0.8747126460075378,0.0005072357452484161,1642.0,,,,,,,,,,,,,,0.2809936645548516,,,,,0.030969887971878052,6.14088712609373e-05
,imappo,,,,1642.0,0.0,0.0,0.003070443529622935,0.0,0.0,0.0,0.0,0.003070443529622935,0.0,0.0,0.0,0.0,0.0,,,,,,,
-0.00021216983441263437,imappo,1.504299262933273e-08,-0.6167352795600891,0.0005069356452150717,1643.0,,,,,,,,,,,,,,0.28086028676225405,,,,,0.02872857078909874,5.223793050390668e-05
,imappo,,,,1643.0,0.0,0.0,0.0026118967147112926,0.0,0.0,0.0,0.0,0.0026118967147112926,0.0,0.0,0.0,0.0,0.0,,,,,,,
-0.005048808641731739,imappo,1.1152342160869466e-08,-1.1595267057418823,0.0005066355451817273,1644.0,,,,,,,,,,,,,,0.2807269089696566,,,,,0.03260013461112976,3.93291084037628e-05
,imappo,,,,1644.0,0.0,0.0,0.0019664555220515467,0.0,0.0,0.0,0.0,0.0019664555220515467,0.0,0.0,0.0,0.0,0.0,,,,,,,
-0.008875524625182152,imappo,1.3712395663389998e-08,-1.4443793296813965,0.0005063354451483828,1645.0,,,,,,,,,,,,,,0.280593531177059,,,,,0.029895033687353134,4.623842323780991e-05
,imappo,,,,1645.0,0.0,0.0,0.002311921299678943,0.0,0.0,0.0,0.0,0.002311921299678943,0.0,0.0,0.0,0.0,0.0,,,,,,,
-0.005731227807700634,imappo,1.0226119506739906e-08,-0.5848612189292908,0.0005060353451150384,1646.0,,,,,,,,,,,,,,0.2804601533844615,,,,,0.02773263305425644,4.5532971853390336e-05
,imappo,,,,1646.0,0.0,0.0,0.0022766485224678945,0.0,0.0,0.0,0.0,0.0022766485224678945,0.0,0.0,0.0,0.0,0.0,,,,,,,
-0.0011280773906037211,imappo,5.105205591604545e-09,-0.8446103930473328,0.000505735245081694,1647.0,,,,,,,,,,,,,,0.2803267755918639,,,,,0.026814768090844154,4.5515862439060584e-05
,imappo,,,,1647.0,0.0,0.0,0.002275793061016884,0.0,0.0,0.0,0.0,0.002275793061016884,0.0,0.0,0.0,0.0,0.0,,,,,,,
-0.004510633647441864,imappo,1.1118287623901324e-08,-1.074433445930481,0.0005054351450483495,1648.0,,,,,,,,,,,,,,0.28019339779926644,,,,,0.03382323682308197,4.870833799941465e-05
,imappo,,,,1648.0,0.0,0.0,0.0024354169313483,0.0,0.0,0.0,0.0,0.0024354169313483,0.0,0.0,0.0,0.0,0.0,,,,,,,
-0.002557081403210759,imappo,3.424582217803618e-08,-1.216328740119934,0.000505135045015005,1649.0,,,,,,,,,,,,,,0.28006002000666885,,,,,0.0300084687769413,4.234670632285997e-05
,imappo,,,,1649.0,0.0,0.0,0.0021173353425893993,0.0,0.0,0.0,0.0,0.0021173353425893993,0.0,0.0,0.0,0.0,0.0,,,,,,,
0.014749446883797646,imappo,6.832465260231402e-08,-1.1967732906341553,0.0005048349449816606,1650.0,,,,,,,,,,,,,,0.2799266422140714,,,,,0.028547480702400208,4.355479541118257e-05
,imappo,,,,1650.0,0.0,0.0,0.002177739908802323,0.0,0.0,0.0,0.0,0.002177739908802323,0.0,0.0,0.0,0.0,0.0,,,,,,,
-0.001741205109283328,imappo,1.1511492914451082e-07,-1.165016531944275,0.0005045348449483161,1651.0,,,,,,,,,,,,,,0.2797932644214738,,,,,0.028046317398548126,4.228048783261329e-05
,imappo,,,,1651.0,0.0,0.0,0.0021140245435162797,0.0,0.0,0.0,0.0,0.0021140245435162797,0.0,0.0,0.0,0.0,0.0,,,,,,,
-0.004731825552880764,imappo,9.228203623479203e-08,-0.6047254204750061,0.0005042347449149717,1652.0,,,,,,,,,,,,,,0.2796598866288763,,,,,0.029051728546619415,4.411747067933902e-05
,imappo,,,,1652.0,0.0,0.0,0.0022058737804400153,0.0,0.0,0.0,0.0,0.0022058737804400153,0.0,0.0,0.0,0.0,0.0,,,,,,,
-0.00917605310678482,imappo,6.114581196925428e-08,-0.8885693550109863,0.0005039346448816272,1653.0,,,,,,,,,,,,,,0.2795265088362787,,,,,0.025740288197994232,4.1668739868327975e-05
,imappo,,,,1653.0,0.0,0.0,0.00208343706526648,0.0,0.0,0.0,0.0,0.00208343706526648,0.0,0.0,0.0,0.0,0.0,,,,,,,
-0.002541704336181283,imappo,4.945091802710522e-08,-1.0188753604888916,0.0005036345448482828,1654.0,,,,,,,,,,,,,,0.27939313104368124,,,,,0.030419815331697464,4.0280727262143046e-05
,imappo,,,,1654.0,0.0,0.0,0.002014036158698218,0.0,0.0,0.0,0.0,0.002014036158698218,0.0,0.0,0.0,0.0,0.0,,,,,,,
0.004590759519487619,imappo,2.260377485185927e-08,-0.9213075637817383,0.0005033344448149384,1655.0,,,,,,,,,,,,,,0.27925975325108365,,,,,0.026820186525583267,5.9604983107419685e-05
,imappo,,,,1655.0,0.0,0.0,0.0029802491175132673,0.0,0.0,0.0,0.0,0.0029802491175132673,0.0,0.0,0.0,0.0,0.0,,,,,,,
-0.005200960673391819,imappo,4.1804600670047876e-08,-1.470913290977478,0.0005030343447815939,1656.0,,,,,,,,,,,,,,0.2791263754584862,,,,,0.027121830731630325,4.6861379814799875e-05
,imappo,,,,1656.0,0.0,0.0,0.0023430689946053462,0.0,0.0,0.0,0.0,0.0023430689946053462,0.0,0.0,0.0,0.0,0.0,,,,,,,
0.027583014219999313,imappo,4.4399556031748943e-08,-1.4603747129440308,0.0005027342447482494,1657.0,,,,,,,,,,,,,,0.2789929976658886,,,,,0.026217740029096603,4.662945502786897e-05
,imappo,,,,1657.0,0.0,0.0,0.0023314727641263744,0.0,0.0,0.0,0.0,0.0023314727641263744,0.0,0.0,0.0,0.0,0.0,,,,,,,
0.0025571738369762897,imappo,6.674350316870914e-08,-1.084128975868225,0.000502434144714905,1658.0,,,,,,,,,,,,,,0.2788596198732911,,,,,0.027399759739637375,3.965787618653849e-05
,imappo,,,,1658.0,0.0,0.0,0.0019828935583063867,0.0,0.0,0.0,0.0,0.0019828935583063867,0.0,0.0,0.0,0.0,0.0,,,,,,,
-0.003517147619277239,imappo,6.89830628175514e-08,-0.5541422367095947,0.0005021340446815605,1659.0,,,,,,,,,,,,,,0.2787262420806935,,,,,0.027183210477232933,4.06158906116616e-05
,imappo,,,,1659.0,0.0,0.0,0.0020307945342210587,0.0,0.0,0.0,0.0,0.0020307945342210587,0.0,0.0,0.0,0.0,0.0,,,,,,,
-0.0029256867710500956,imappo,2.4540238285908345e-08,-0.6064074635505676,0.0005018339446482161,1660.0,,,,,,,,,,,,,,0.27859286428809604,,,,,0.03198715299367905,5.163368405192159e-05
,imappo,,,,1660.0,0.0,0.0,0.0025816843285610958,0.0,0.0,0.0,0.0,0.0025816843285610958,0.0,0.0,0.0,0.0,0.0,,,,,,,
0.012053416110575199,imappo,1.8284172398352894e-08,-1.0404452085494995,0.0005015338446148717,1661.0,,,,,,,,,,,,,,0.2784594864954985,,,,,0.02635321393609047,3.9818496588850394e-05
,imappo,,,,1661.0,0.0,0.0,0.001990924907659064,0.0,0.0,0.0,0.0,0.001990924907659064,0.0,0.0,0.0,0.0,0.0,,,,,,,
0.013423638418316841,imappo,1.782021108454046e-08,-0.8691668510437012,0.0005012337445815272,1662.0,,,,,,,,,,,,,,0.278326108702901,,,,,0.03326112776994705,5.2411076467251405e-05
,imappo,,,,1662.0,0.0,0.0,0.0026205539015791146,0.0,0.0,0.0,0.0,0.0026205539015791146,0.0,0.0,0.0,0.0,0.0,,,,,,,
-0.00737763149663806,imappo,1.5596333113876426e-08,-1.0498840808868408,0.0005009336445481828,1663.0,,,,,,,,,,,,,,0.2781927309103034,,,,,0.032492391765117645,4.2210005631204695e-05
,imappo,,,,1663.0,0.0,0.0,0.002110500256094383,0.0,0.0,0.0,0.0,0.002110500256094383,0.0,0.0,0.0,0.0,0.0,,,,,,,
0.00556563213467598,imappo,6.2553773716445e-08,-0.8032312989234924,0.0005006335445148383,1664.0,,,,,,,,,,,,,,0.2780593531177059,,,,,0.03244190663099289,5.1518309192033485e-05
,imappo,,,,1664.0,0.0,0.0,0.0025759154823390418,0.0,0.0,0.0,0.0,0.0025759154823390418,0.0,0.0,0.0,0.0,0.0,,,,,,,
0.017039939761161804,imappo,8.49052597118316e-08,-0.9566267132759094,0.0005003334444814939,1665.0,,,,,,,,,,,,,,0.2779259753251084,,,,,0.03361968323588371,4.753996472572908e-05
,imappo,,,,1665.0,0.0,0.0,0.0023769983508827863,0.0,0.0,0.0,0.0,0.0023769983508827863,0.0,0.0,0.0,0.0,0.0,,,,,,,
0.0009757303632795811,imappo,1.339005848421948e-07,-0.6414604783058167,0.0005000333444481495,1666.0,,,,,,,,,,,,,,0.27779259753251084,,,,,0.030128005892038345,4.74792905151844e-05
,imappo,,,,1666.0,0.0,0.0,0.0023739644757370115,0.0,0.0,0.0,0.0,0.0023739644757370115,0.0,0.0,0.0,0.0,0.0,,,,,,,
0.015275079756975174,imappo,8.74890488944402e-08,-1.2340812683105469,0.0004997332444148049,1667.0,,,,,,,,,,,,,,0.27765921973991325,,,,,0.02944331243634224,5.121178037370555e-05
,imappo,,,,1667.0,0.0,0.0,0.0025605889813959948,0.0,0.0,0.0,0.0,0.0025605889813959948,0.0,0.0,0.0,0.0,0.0,,,,,,,
0.016270436346530914,imappo,2.2236116592466715e-07,-0.6573687791824341,0.0004994331443814604,1668.0,,,,,,,,,,,,,,0.2775258419473158,,,,,0.02924373187124729,4.7236811951734126e-05
,imappo,,,,1668.0,0.0,0.0,0.0023618405625711603,0.0,0.0,0.0,0.0,0.0023618405625711603,0.0,0.0,0.0,0.0,0.0,,,,,,,
-0.007825777865946293,imappo,1.024138995830981e-07,-1.2684565782546997,0.0004991330443481161,1669.0,,,,,,,,,,,,,,0.27739246415471824,,,,,0.02509216219186783,4.936331242788583e-05
,imappo,,,,1669.0,0.0,0.0,0.0024681654658706975,0.0,0.0,0.0,0.0,0.0024681654658706975,0.0,0.0,0.0,0.0,0.0,,,,,,,
-0.008136282674968243,imappo,2.1889349000048242e-07,-0.4355754554271698,0.0004988329443147716,1670.0,,,,,,,,,,,,,,0.2772590863621207,,,,,0.026590146124362946,4.057820115122013e-05
,imappo,,,,1670.0,0.0,0.0,0.0020289097724344174,0.0,0.0,0.0,0.0,0.0020289097724344174,0.0,0.0,0.0,0.0,0.0,,,,,,,
-0.0019309100462123752,imappo,5.5748490268570094e-08,-0.9721720218658447,0.0004985328442814272,1671.0,,,,,,,,,,,,,,0.2771257085695231,,,,,0.030792560428380966,3.292089604656212e-05
,imappo,,,,1671.0,0.0,0.0,0.0016460448224222546,0.0,0.0,0.0,0.0,0.0016460448224222546,0.0,0.0,0.0,0.0,0.0,,,,,,,
-0.00501017551869154,imappo,1.5982750767307152e-07,-0.6849592328071594,0.0004982327442480827,1672.0,,,,,,,,,,,,,,0.27699233077692564,,,,,0.03128805011510849,5.087191311758943e-05
,imappo,,,,1672.0,0.0,0.0,0.002543595663155429,0.0,0.0,0.0,0.0,0.002543595663155429,0.0,0.0,0.0,0.0,0.0,,,,,,,
0.008438964374363422,imappo,1.2805959670458833e-07,-0.607120156288147,0.0004979326442147383,1673.0,,,,,,,,,,,,,,0.2768589529843281,,,,,0.02756354585289955,4.334456389187835e-05
,imappo,,,,1673.0,0.0,0.0,0.0021672281818609918,0.0,0.0,0.0,0.0,0.0021672281818609918,0.0,0.0,0.0,0.0,0.0,,,,,,,
0.0007666328456252813,imappo,7.463425077958163e-08,-0.6672694683074951,0.0004976325441813939,1674.0,,,,,,,,,,,,,,0.2767255751917306,,,,,0.028736654669046402,4.240137423039414e-05
,imappo,,,,1674.0,0.0,0.0,0.0021200687006057706,0.0,0.0,0.0,0.0,0.0021200687006057706,0.0,0.0,0.0,0.0,0.0,,,,,,,
-0.00977039523422718,imappo,1.0031352104533653e-07,-0.5835602879524231,0.0004973324441480494,1675.0,,,,,,,,,,,,,,0.276592197399133,,,,,0.028700988739728928,4.110581357963383e-05
,imappo,,,,1675.0,0.0,0.0,0.002055290524708653,0.0,0.0,0.0,0.0,0.002055290524708653,0.0,0.0,0.0,0.0,0.0,,,,,,,
0.005633947439491749,imappo,5.394604940534009e-08,-0.810751736164093,0.000497032344114705,1676.0,,,,,,,,,,,,,,0.2764588196065355,,,,,0.029779251664876938,4.067022746312432e-05
,imappo,,,,1676.0,0.0,0.0,0.0020335114750196226,0.0,0.0,0.0,0.0,0.0020335114750196226,0.0,0.0,0.0,0.0,0.0,,,,,,,
0.0039016155060380697,imappo,8.159284448083781e-08,-0.7034249305725098,0.0004967322440813605,1677.0,,,,,,,,,,,,,,0.276325441813938,,,,,0.02780262753367424,5.583426900557242e-05
,imappo,,,,1677.0,0.0,0.0,0.0027917134214021644,0.0,0.0,0.0,0.0,0.0027917134214021644,0.0,0.0,0.0,0.0,0.0,,,,,,,
-0.006135717965662479,imappo,2.076530947192623e-08,-0.6575513482093811,0.000496432144048016,1678.0,,,,,,,,,,,,,,0.27619206402134044,,,,,0.026625316590070724,3.9615737478015944e-05
,imappo,,,,1678.0,0.0,0.0,0.001980786670173984,0.0,0.0,0.0,0.0,0.001980786670173984,0.0,0.0,0.0,0.0,0.0,,,,,,,
-0.0042900387197732925,imappo,1.6261155977304043e-08,-0.727768063545227,0.0004961320440146716,1679.0,,,,,,,,,,,,,,0.27605868622874286,,,,,0.02529507502913475,5.329529813025147e-05
,imappo,,,,1679.0,0.0,0.0,0.0026647648621285214,0.0,0.0,0.0,0.0,0.0026647648621285214,0.0,0.0,0.0,0.0,0.0,,,,,,,
-0.006213792134076357,imappo,4.724706670344858e-08,-0.9630951881408691,0.0004958319439813272,1680.0,,,,,,,,,,,,,,0.2759253084361454,,,,,0.027404988184571266,3.813063813140616e-05
,imappo,,,,1680.0,0.0,0.0,0.0019065318488173943,0.0,0.0,0.0,0.0,0.0019065318488173943,0.0,0.0,0.0,0.0,0.0,,,,,,,
-0.006931540556252003,imappo,3.9110581440127135e-08,-0.493228554725647,0.0004955318439479827,1681.0,,,,,,,,,,,,,,0.27579193064354784,,,,,0.03091631829738617,6.063520777388476e-05
,imappo,,,,1681.0,0.0,0.0,0.003031760579606413,0.0,0.0,0.0,0.0,0.003031760579606413,0.0,0.0,0.0,0.0,0.0,,,,,,,
-0.0018980955937877297,imappo,7.600537799135054e-08,-0.539214015007019,0.0004952317439146383,1682.0,,,,,,,,,,,,,,0.2756585528509503,,,,,0.026407618075609207,3.54249968950171e-05
,imappo,,,,1682.0,0.0,0.0,0.0017712498898845297,0.0,0.0,0.0,0.0,0.0017712498898845297,0.0,0.0,0.0,0.0,0.0,,,,,,,
0.007814791984856129,imappo,3.5983092061542266e-08,-0.8542382717132568,0.0004949316438812938,1683.0,,,,,,,,,,,,,,0.2755251750583527,,,,,0.030245434492826462,5.891353794140741e-05
,imappo,,,,1683.0,0.0,0.0,0.002945676988019841,0.0,0.0,0.0,0.0,0.002945676988019841,0.0,0.0,0.0,0.0,0.0,,,,,,,
0.0031203110702335835,imappo,0.003634518478065729,-0.9435214400291443,0.0004946315438479494,1684.0,,,,,,,,,,,,,,0.27539179726575524,,,,,0.027447007596492767,0.006693299859762192
,imappo,,,,1684.0,0.0,0.0,0.3346649823770349,0.0,0.0,0.0,0.3333333432674408,0.001331624441263557,0.0,0.0,0.0,0.0,0.0,,,,,,,
0.020976506173610687,imappo,0.00027292734012007713,-0.9590198993682861,0.000494331443814605,1685.0,,,,,,,,,,,,,,0.2752584194731577,,,,,0.029132327064871788,4.3297852243995294e-05
,imappo,,,,1685.0,0.0,0.0,0.0021648924939654535,0.0,0.0,0.0,0.0,0.0021648924939654535,0.0,0.0,0.0,0.0,0.0,,,,,,,
0.0032429490238428116,imappo,1.6431195035693236e-05,-0.5369115471839905,0.0004940313437812604,1686.0,,,,,,,,,,,,,,0.2751250416805602,,,,,0.019641509279608727,3.365777592989616e-05
,imappo,,,,1686.0,0.0,0.0,0.0016828888026338973,0.0,0.0,0.0,0.0,0.0016828888026338973,0.0,0.0,0.0,0.0,0.0,,,,,,,
0.04057268053293228,imappo,3.3108088246081024e-05,-1.367279052734375,0.0004937312437479159,1687.0,,,,,,,,,,,,,,0.2749916638879626,,,,,0.0323636494576931,8.18420376162976e-05
,imappo,,,,1687.0,0.0,0.0,0.004092102299750877,0.0,0.0,0.0,0.0,0.004092102299750877,0.0,0.0,0.0,0.0,0.0,,,,,,,
0.009009466506540775,imappo,1.183757558465004e-05,-0.9740901589393616,0.0004934311437145716,1688.0,,,,,,,,,,,,,,0.2748582860953651,,,,,0.028429081663489342,5.20679859619122e-05
,imappo,,,,1688.0,0.0,0.0,0.002603399532631556,0.0,0.0,0.0,0.0,0.002603399532631556,0.0,0.0,0.0,0.0,0.0,,,,,,,
0.007940532639622688,imappo,3.206122346455231e-05,-0.8563559055328369,0.0004931310436812271,1689.0,,,,,,,,,,,,,,0.2747249083027676,,,,,0.029274821281433105,8.091607742244378e-05
,imappo,,,,1689.0,0.0,0.0,0.0040458043011426525,0.0,0.0,0.0,0.0,0.0040458043011426525,0.0,0.0,0.0,0.0,0.0,,,,,,,
0.020086023956537247,imappo,7.477562576241326e-06,-0.9948854446411133,0.0004928309436478827,1690.0,,,,,,,,,,,,,,0.27459153051017005,,,,,0.026325393468141556,4.2424886487424374e-05
,imappo,,,,1690.0,0.0,0.0,0.002121244500813191,0.0,0.0,0.0,0.0,0.002121244500813191,0.0,0.0,0.0,0.0,0.0,,,,,,,
-0.008684955537319183,imappo,1.3603617844637483e-05,-0.6505531668663025,0.0004925308436145383,1691.0,,,,,,,,,,,,,,0.27445815271757257,,,,,0.03211038559675217,5.2201226935721934e-05
,imappo,,,,1691.0,0.0,0.0,0.0026100611830770504,0.0,0.0,0.0,0.0,0.0026100611830770504,0.0,0.0,0.0,0.0,0.0,,,,,,,
-0.012641814537346363,imappo,4.061988420289708e-06,-1.1062954664230347,0.0004922307435811938,1692.0,,,,,,,,,,,,,,0.274324774924975,,,,,0.026127789169549942,5.446386057883501e-05
,imappo,,,,1692.0,0.0,0.0,0.0027231931599089876,0.0,0.0,0.0,0.0,0.0027231931599089876,0.0,0.0,0.0,0.0,0.0,,,,,,,
-0.007457320112735033,imappo,5.2549598876794335e-06,-0.6428248882293701,0.0004919306435478494,1693.0,,,,,,,,,,,,,,0.27419139713237745,,,,,0.031361598521471024,4.8350677388953045e-05
,imappo,,,,1693.0,0.0,0.0,0.0024175339835892373,0.0,0.0,0.0,0.0,0.0024175339835892373,0.0,0.0,0.0,0.0,0.0,,,,,,,
-0.005139647051692009,imappo,1.830030555538542e-06,-0.8429470062255859,0.0004916305435145048,1694.0,,,,,,,,,,,,,,0.2740580193397799,,,,,0.0276140458881855,5.4578598792431876e-05
,imappo,,,,1694.0,0.0,0.0,0.0027289300602433286,0.0,0.0,0.0,0.0,0.0027289300602433286,0.0,0.0,0.0,0.0,0.0,,,,,,,
-0.008586281910538673,imappo,2.2704002731188666e-06,-0.9015662670135498,0.0004913304434811604,1695.0,,,,,,,,,,,,,,0.27392464154718243,,,,,0.029356736689805984,5.979769048281014e-05
,imappo,,,,1695.0,0.0,0.0,0.002989884749695193,0.0,0.0,0.0,0.0,0.002989884749695193,0.0,0.0,0.0,0.0,0.0,,,,,,,
-0.0015239837812259793,imappo,0.004600086249411106,-1.1537346839904785,0.000491030343447816,1696.0,,,,,,,,,,,,,,0.27379126375458485,,,,,0.029011622071266174,0.006712600588798523
,imappo,,,,1696.0,0.0,0.0,0.3356300155273857,0.0,0.0,0.0,0.3333333432674408,0.0022966492106206715,0.0,0.0,0.0,0.0,0.0,,,,,,,
-0.0037526688538491726,imappo,0.00027488666819408536,-1.1297082901000977,0.0004907302434144715,1697.0,,,,,,,,,,,,,,0.2736578859619873,,,,,0.02537382021546364,4.440934571903199e-05
,imappo,,,,1697.0,0.0,0.0,0.0022204672131920233,0.0,0.0,0.0,0.0,0.0022204672131920233,0.0,0.0,0.0,0.0,0.0,,,,,,,
0.03535308316349983,imappo,1.5408928447868675e-05,-0.7973992228507996,0.000490430143381127,1698.0,,,,,,,,,,,,,,0.2735245081693898,,,,,0.0296443160623312,5.0344675400992855e-05
,imappo,,,,1698.0,0.0,0.0,0.002517233709568245,0.0,0.0,0.0,0.0,0.002517233709568245,0.0,0.0,0.0,0.0,0.0,,,,,,,
-0.0017355771269649267,imappo,4.9988346290774643e-05,-1.1385974884033203,0.0004901300433477827,1699.0,,,,,,,,,,,,,,0.2733911303767923,,,,,0.032225076109170914,4.7141355025814846e-05
,imappo,,,,1699.0,0.0,0.0,0.002357067813136382,0.0,0.0,0.0,0.0,0.002357067813136382,0.0,0.0,0.0,0.0,0.0,,,,,,,
,imappo,,,,1699.0,,,,,,,,,,,,,,,0.0,0.0,0.0,0.0,,
0.018395153805613518,imappo,2.6925541533273645e-05,-1.2130309343338013,0.0004898299433144382,1700.0,,,,,,,,,,,,,,0.2732577525841947,,,,,0.02454870194196701,4.2345593101345e-05
,imappo,,,,1700.0,0.0,0.0,0.002117279850608611,0.0,0.0,0.0,0.0,0.002117279850608611,0.0,0.0,0.0,0.0,0.0,,,,,,,
-0.006718988064676523,imappo,1.7331560229649767e-05,-1.0873208045959473,0.0004895298432810938,1701.0,,,,,,,,,,,,,,0.2731243747915972,,,,,0.032479774206876755,4.088609784957953e-05
,imappo,,,,1701.0,0.0,0.0,0.0020443049525056267,0.0,0.0,0.0,0.0,0.0020443049525056267,0.0,0.0,0.0,0.0,0.0,,,,,,,
-0.005773973185569048,imappo,1.340077506029047e-05,-1.1343806982040405,0.0004892297432477492,1702.0,,,,,,,,,,,,,,0.27299099699899965,,,,,0.03370235860347748,4.523065945249982e-05
,imappo,,,,1702.0,0.0,0.0,0.0022615328875872365,0.0,0.0,0.0,0.0,0.0022615328875872365,0.0,0.0,0.0,0.0,0.0,,,,,,,
0.025129331275820732,imappo,7.74555064708693e-06,-0.8231419324874878,0.0004889296432144048,1703.0,,,,,,,,,,,,,,0.27285761920640217,,,,,0.020421506837010384,6.166424282127991e-05
,imappo,,,,1703.0,0.0,0.0,0.0030832119860662033,0.0,0.0,0.0,0.0,0.0030832119860662033,0.0,0.0,0.0,0.0,0.0,,,,,,,
-0.009533884935081005,imappo,3.0161222639435437e-06,-0.9211279153823853,0.0004886295431810604,1704.0,,,,,,,,,,,,,,0.2727242414138046,,,,,0.027469754219055176,6.609675619984046e-05
,imappo,,,,1704.0,0.0,0.0,0.003304838167196067,0.0,0.0,0.0,0.0,0.003304838167196067,0.0,0.0,0.0,0.0,0.0,,,,,,,
-0.0008343369700014591,imappo,4.084772626811173e-06,-0.5546002984046936,0.0004883294431477159,1705.0,,,,,,,,,,,,,,0.27259086362120705,,,,,0.019074928015470505,5.330655403668061e-05
,imappo,,,,1705.0,0.0,0.0,0.002665327396016437,0.0,0.0,0.0,0.0,0.002665327396016437,0.0,0.0,0.0,0.0,0.0,,,,,,,
-0.002610438968986273,imappo,2.9783416266582208e-06,-1.0703208446502686,0.0004880293431143715,1706.0,,,,,,,,,,,,,,0.2724574858286095,,,,,0.03083104081451893,4.996279312763363e-05
,imappo,,,,1706.0,0.0,0.0,0.0024981395963550312,0.0,0.0,0.0,0.0,0.0024981395963550312,0.0,0.0,0.0,0.0,0.0,,,,,,,
-0.0035154588986188173,imappo,1.8396326595393475e-06,-0.7513917684555054,0.0004877292430810271,1707.0,,,,,,,,,,,,,,0.27232410803601204,,,,,0.033541545271873474,6.54076284263283e-05
,imappo,,,,1707.0,0.0,0.0,0.00327038147111125,0.0,0.0,0.0,0.0,0.00327038147111125,0.0,0.0,0.0,0.0,0.0,,,,,,,
0.0388156920671463,imappo,2.2806539163866546e-06,-0.9162209033966064,0.0004874291430476826,1708.0,,,,,,,,,,,,,,0.27219073024341445,,,,,0.027388472110033035,3.8204343582037836e-05
,imappo,,,,1708.0,0.0,0.0,0.0019102172047951171,0.0,0.0,0.0,0.0,0.0019102172047951171,0.0,0.0,0.0,0.0,0.0,,,,,,,
0.0050527965649962425,imappo,3.222638952138368e-06,-0.9457374811172485,0.00048712904301433807,1709.0,,,,,,,,,,,,,,0.2720573524508169,,,,,0.030808206647634506,5.454582060337998e-05
,imappo,,,,1709.0,0.0,0.0,0.002727291161136236,0.0,0.0,0.0,0.0,0.002727291161136236,0.0,0.0,0.0,0.0,0.0,,,,,,,
0.0023785321973264217,imappo,1.8972623649915477e-07,-0.37450286746025085,0.00048682894298099377,1710.0,,,,,,,,,,,,,,0.2719239746582194,,,,,0.028255458921194077,4.52066924481187e-05
,imappo,,,,1710.0,0.0,0.0,0.0022603344987146556,0.0,0.0,0.0,0.0,0.0022603344987146556,0.0,0.0,0.0,0.0,0.0,,,,,,,
-0.0005417475476861,imappo,6.550113198500185e-07,-0.51480633020401,0.00048652884294764925,1711.0,,,,,,,,,,,,,,0.2717905968656219,,,,,0.030821019783616066,5.786109250038862e-05
,imappo,,,,1711.0,0.0,0.0,0.0028930544822856064,0.0,0.0,0.0,0.0,0.0028930544822856064,0.0,0.0,0.0,0.0,0.0,,,,,,,
0.04170866683125496,imappo,4.767859081766801e-06,-1.2348064184188843,0.00048622874291430484,1712.0,,,,,,,,,,,,,,0.2716572190730243,,,,,0.02742392010986805,5.1810668082907796e-05
,imappo,,,,1712.0,0.0,0.0,0.0025905331941658005,0.0,0.0,0.0,0.0,0.0025905331941658005,0.0,0.0,0.0,0.0,0.0,,,,,,,
-0.010749131441116333,imappo,1.4929086091797217e-06,-0.5595242977142334,0.0004859286428809603,1713.0,,,,,,,,,,,,,,0.2715238412804268,,,,,0.018031267449259758,4.0504288335796446e-05
,imappo,,,,1713.0,0.0,0.0,0.0020252144724963728,0.0,0.0,0.0,0.0,0.0020252144724963728,0.0,0.0,0.0,0.0,0.0,,,,,,,
-0.002975782845169306,imappo,5.311248969519511e-07,-0.6355138421058655,0.0004856285428476159,1714.0,,,,,,,,,,,,,,0.27139046348782925,,,,,0.030672596767544746,7.213454955490306e-05
,imappo,,,,1714.0,0.0,0.0,0.0036067272940272233,0.0,0.0,0.0,0.0,0.0036067272940272233,0.0,0.0,0.0,0.0,0.0,,,,,,,
0.006426970008760691,imappo,0.0021370258182287216,-0.7139129638671875,0.0004853284428142715,1715.0,,,,,,,,,,,,,,0.27125708569523177,,,,,0.027321510016918182,0.0067100501619279385
,imappo,,,,1715.0,0.0,0.0,0.33550253897965376,0.0,0.0,0.0,0.3333333432674408,0.002169212097669515,0.0,0.0,0.0,0.0,0.0,,,,,,,
0.020231690257787704,imappo,0.003981153015047312,-0.9330987334251404,0.000485028342780927,1716.0,,,,,,,,,,,,,,0.2711237079026342,,,,,0.02651999518275261,0.0067518120631575584
,imappo,,,,1716.0,0.0,0.0,0.3375905999716906,0.0,0.0,0.0,0.3333333432674408,0.004257221313991977,0.0,0.0,0.0,0.0,0.0,,,,,,,
0.0053911651484668255,imappo,0.0003605933452490717,-0.5533230900764465,0.0004847282427475825,1717.0,,,,,,,,,,,,,,0.27099033011003665,,,,,0.030201097950339317,6.446697079809383e-05
,imappo,,,,1717.0,0.0,0.0,0.0032233483029813215,0.0,0.0,0.0,0.0,0.0032233483029813215,0.0,0.0,0.0,0.0,0.0,,,,,,,
0.007199879270046949,imappo,5.9303965826984495e-05,-0.5581363439559937,0.0004844281427142382,1718.0,,,,,,,,,,,,,,0.2708569523174391,,,,,0.02615544945001602,7.591853500343859e-05
,imappo,,,,1718.0,0.0,0.0,0.0037959267372968952,0.0,0.0,0.0,0.0,0.0037959267372968952,0.0,0.0,0.0,0.0,0.0,,,,,,,
-0.004860293120145798,imappo,5.489678733283654e-05,-0.29868942499160767,0.00048412804268089366,1719.0,,,,,,,,,,,,,,0.27072357452484164,,,,,0.019052427262067795,4.741123120766133e-05
,imappo,,,,1719.0,0.0,0.0,0.002370561475615318,0.0,0.0,0.0,0.0,0.002370561475615318,0.0,0.0,0.0,0.0,0.0,,,,,,,
-0.0018347837030887604,imappo,3.2710737286834046e-05,-0.42527493834495544,0.00048382794264754914,1720.0,,,,,,,,,,,,,,0.27059019673224405,,,,,0.016263799741864204,4.3610176362562925e-05
,imappo,,,,1720.0,0.0,0.0,0.002180508751216337,0.0,0.0,0.0,0.0,0.002180508751216337,0.0,0.0,0.0,0.0,0.0,,,,,,,
-0.005641408264636993,imappo,1.0130337614100426e-05,-0.2865259647369385,0.00048352784261420484,1721.0,,,,,,,,,,,,,,0.27045681893964657,,,,,0.03223114833235741,5.371005318011157e-05
,imappo,,,,1721.0,0.0,0.0,0.002685502642634674,0.0,0.0,0.0,0.0,0.002685502642634674,0.0,0.0,0.0,0.0,0.0,,,,,,,
0.007240186911076307,imappo,1.4763545550522394e-05,-0.22242134809494019,0.00048322774258086033,1722.0,,,,,,,,,,,,,,0.270323441147049,,,,,0.01576825976371765,3.276574716437608e-05
,imappo,,,,1722.0,0.0,0.0,0.001638287377090819,0.0,0.0,0.0,0.0,0.001638287377090819,0.0,0.0,0.0,0.0,0.0,,,,,,,
-0.007189848925918341,imappo,4.2334559111623093e-05,-0.41084644198417664,0.0004829276425475159,1723.0,,,,,,,,,,,,,,0.2701900633544515,,,,,0.029589714482426643,7.251066563185304e-05
,imappo,,,,1723.0,0.0,0.0,0.003625533287461735,0.0,0.0,0.0,0.0,0.003625533287461735,0.0,0.0,0.0,0.0,0.0,,,,,,,
-0.0020289234817028046,imappo,1.0476296665729024e-05,-0.3906453251838684,0.0004826275425141714,1724.0,,,,,,,,,,,,,,0.2700566855618539,,,,,0.015079110860824585,2.0339610273367725e-05
,imappo,,,,1724.0,0.0,0.0,0.001016980506847176,0.0,0.0,0.0,0.0,0.001016980506847176,0.0,0.0,0.0,0.0,0.0,,,,,,,
-0.004473634995520115,imappo,1.589456769579556e-05,-0.4692915380001068,0.000482327442480827,1725.0,,,,,,,,,,,,,,0.26992330776925644,,,,,0.025220930576324463,0.00010640585969667882
,imappo,,,,1725.0,0.0,0.0,0.0053202931447913215,0.0,0.0,0.0,0.0,0.0053202931447913215,0.0,0.0,0.0,0.0,0.0,,,,,,,
-0.005652181338518858,imappo,4.538622306426987e-06,-0.48026129603385925,0.0004820273424474826,1726.0,,,,,,,,,,,,,,0.26978992997665885,,,,,0.023495905101299286,0.00010257784015266225
,imappo,,,,1726.0,0.0,0.0,0.005128891477284014,0.0,0.0,0.0,0.0,0.005128891477284014,0.0,0.0,0.0,0.0,0.0,,,,,,,
0.008207123726606369,imappo,0.0028878820594400167,-0.6473137140274048,0.00048172724241413807,1727.0,,,,,,,,,,,,,,0.26965655218406137,,,,,0.027643166482448578,0.0067086415365338326
,imappo,,,,1727.0,0.0,0.0,0.3354320384139555,0.0,0.0,0.0,0.3333333432674408,0.0020987343784781842,0.0,0.0,0.0,0.0,0.0,,,,,,,
-0.0072503890842199326,imappo,0.0003001433506142348,-0.47553497552871704,0.00048142714238079355,1728.0,,,,,,,,,,,,,,0.2695231743914638,,,,,0.02788582444190979,6.212863809196278e-05
,imappo,,,,1728.0,0.0,0.0,0.003106431880951277,0.0,0.0,0.0,0.0,0.003106431880951277,0.0,0.0,0.0,0.0,0.0,,,,,,,
-0.0014852193417027593,imappo,9.948441584128886e-05,-0.49183109402656555,0.00048112704234744925,1729.0,,,,,,,,,,,,,,0.2693897965988663,,,,,0.02803780511021614,5.612695895251818e-05
,imappo,,,,1729.0,0.0,0.0,0.0028063481600213436,0.0,0.0,0.0,0.0,0.0028063481600213436,0.0,0.0,0.0,0.0,0.0,,,,,,,
-0.005060632713139057,imappo,5.249346941127442e-05,-0.4623947739601135,0.00048082694231410474,1730.0,,,,,,,,,,,,,,0.2692564188062687,,,,,0.02726994827389717,5.3734656830783933e-05
,imappo,,,,1730.0,0.0,0.0,0.002686733033215205,0.0,0.0,0.0,0.0,0.002686733033215205,0.0,0.0,0.0,0.0,0.0,,,,,,,
-0.005294380243867636,imappo,2.886645779653918e-05,-0.5088154673576355,0.0004805268422807602,1731.0,,,,,,,,,,,,,,0.26912304101367124,,,,,0.029793228954076767,5.5914126278366894e-05
,imappo,,,,1731.0,0.0,0.0,0.002795706313207802,0.0,0.0,0.0,0.0,0.002795706313207802,0.0,0.0,0.0,0.0,0.0,,,,,,,
-0.004136157687753439,imappo,1.1757453648897354e-05,-0.27471238374710083,0.0004802267422474158,1732.0,,,,,,,,,,,,,,0.26898966322107365,,,,,0.03229576349258423,5.335276000550948e-05
,imappo,,,,1732.0,0.0,0.0,0.002667637854528948,0.0,0.0,0.0,0.0,0.002667637854528948,0.0,0.0,0.0,0.0,0.0,,,,,,,
-0.0019013297278434038,imappo,5.374317424866604e-06,-0.35774460434913635,0.0004799266422140714,1733.0,,,,,,,,,,,,,,0.26885628542847617,,,,,0.02810988947749138,5.053124550613575e-05
,imappo,,,,1733.0,0.0,0.0,0.0025265622343795258,0.0,0.0,0.0,0.0,0.0025265622343795258,0.0,0.0,0.0,0.0,0.0,,,,,,,
-0.007971408776938915,imappo,1.3112770830048248e-05,-0.319684773683548,0.000479626542180727,1734.0,,,,,,,,,,,,,,0.2687229076358786,,,,,0.026954129338264465,4.356464705779217e-05
,imappo,,,,1734.0,0.0,0.0,0.0021782324048444934,0.0,0.0,0.0,0.0,0.0021782324048444934,0.0,0.0,0.0,0.0,0.0,,,,,,,
-0.006954479496926069,imappo,1.416031773260329e-05,-0.2414858043193817,0.0004793264421473825,1735.0,,,,,,,,,,,,,,0.2685895298432811,,,,,0.02825170010328293,3.591851782402955e-05
,imappo,,,,1735.0,0.0,0.0,0.0017959259430426755,0.0,0.0,0.0,0.0,0.0017959259430426755,0.0,0.0,0.0,0.0,0.0,,,,,,,
-0.0075611514039337635,imappo,8.434421033598483e-06,-0.39565643668174744,0.00047902634211403807,1736.0,,,,,,,,,,,,,,0.26845615205068357,,,,,0.028187980875372887,4.029988849652e-05
,imappo,,,,1736.0,0.0,0.0,0.0020149944048171164,0.0,0.0,0.0,0.0,0.0020149944048171164,0.0,0.0,0.0,0.0,0.0,,,,,,,
-0.010845818556845188,imappo,4.6490549721056595e-06,-0.2799709439277649,0.00047872624208069366,1737.0,,,,,,,,,,,,,,0.26832277425808604,,,,,0.028214387595653534,6.006205148878507e-05
,imappo,,,,1737.0,0.0,0.0,0.0030031024650725158,0.0,0.0,0.0,0.0,0.0030031024650725158,0.0,0.0,0.0,0.0,0.0,,,,,,,
0.0036012271884828806,imappo,4.92115032102447e-06,-0.4571171700954437,0.00047842614204734915,1738.0,,,,,,,,,,,,,,0.26818939646548845,,,,,0.027324847877025604,4.4655389501713216e-05
,imappo,,,,1738.0,0.0,0.0,0.0022327692722683423,0.0,0.0,0.0,0.0,0.0022327692722683423,0.0,0.0,0.0,0.0,0.0,,,,,,,
-0.017138130962848663,imappo,2.8867921173514333e-06,-0.42987239360809326,0.00047812604201400463,1739.0,,,,,,,,,,,,,,0.26805601867289097,,,,,0.026150334626436234,4.550367157207802e-05
,imappo,,,,1739.0,0.0,0.0,0.002275183572919559,0.0,0.0,0.0,0.0,0.002275183572919559,0.0,0.0,0.0,0.0,0.0,,,,,,,
-0.012143653817474842,imappo,2.286168182763504e-06,-0.18105654418468475,0.00047782594198066033,1740.0,,,,,,,,,,,,,,0.26792264088029344,,,,,0.030118098482489586,5.5302170949289575e-05
,imappo,,,,1740.0,0.0,0.0,0.00276510871890423,0.0,0.0,0.0,0.0,0.00276510871890423,0.0,0.0,0.0,0.0,0.0,,,,,,,
-0.0062613580375909805,imappo,2.276711256854469e-06,-0.12145423889160156,0.0004775258419473158,1741.0,,,,,,,,,,,,,,0.2677892630876959,,,,,0.025797545909881592,3.943713818443939e-05
,imappo,,,,1741.0,0.0,0.0,0.0019718568795781266,0.0,0.0,0.0,0.0,0.0019718568795781266,0.0,0.0,0.0,0.0,0.0,,,,,,,
-0.0004987318534404039,imappo,1.04671664757916e-06,-0.18661142885684967,0.0004772257419139713,1742.0,,,,,,,,,,,,,,0.2676558852950983,,,,,0.034545473754405975,4.729033025796525e-05
,imappo,,,,1742.0,0.0,0.0,0.00236451658201986,0.0,0.0,0.0,0.0,0.00236451658201986,0.0,0.0,0.0,0.0,0.0,,,,,,,
-0.008681251667439938,imappo,1.1950725138376583e-06,-0.1959935426712036,0.0004769256418806269,1743.0,,,,,,,,,,,,,,0.26752250750250084,,,,,0.025859501212835312,3.365147495060228e-05
,imappo,,,,1743.0,0.0,0.0,0.001682573587402203,0.0,0.0,0.0,0.0,0.001682573587402203,0.0,0.0,0.0,0.0,0.0,,,,,,,
-0.011103772558271885,imappo,7.035649218778417e-07,0.04813433811068535,0.0004766255418472825,1744.0,,,,,,,,,,,,,,0.2673891297099033,,,,,0.03073696419596672,5.559472265304066e-05
,imappo,,,,1744.0,0.0,0.0,0.0027797361872217152,0.0,0.0,0.0,0.0,0.0027797361872217152,0.0,0.0,0.0,0.0,0.0,,,,,,,
-0.006527020130306482,imappo,9.045136266649934e-07,-0.2640362083911896,0.00047632544181393807,1745.0,,,,,,,,,,,,,,0.2672557519173058,,,,,0.033856913447380066,4.616140358848497e-05
,imappo,,,,1745.0,0.0,0.0,0.002308070366780157,0.0,0.0,0.0,0.0,0.002308070366780157,0.0,0.0,0.0,0.0,0.0,,,,,,,
-0.012673679739236832,imappo,1.651554043746728e-06,-0.48856836557388306,0.00047602534178059356,1746.0,,,,,,,,,,,,,,0.2671223741247082,,,,,0.03290889412164688,5.012333713239059e-05
,imappo,,,,1746.0,0.0,0.0,0.002506166665625642,0.0,0.0,0.0,0.0,0.002506166665625642,0.0,0.0,0.0,0.0,0.0,,,,,,,
0.003998233005404472,imappo,4.986738986190176e-07,-0.279159814119339,0.00047572524174724904,1747.0,,,,,,,,,,,,,,0.2669889963321107,,,,,0.0295149814337492,4.441409691935405e-05
,imappo,,,,1747.0,0.0,0.0,0.002220704914179805,0.0,0.0,0.0,0.0,0.002220704914179805,0.0,0.0,0.0,0.0,0.0,,,,,,,
-0.0033186764921993017,imappo,6.696968739561271e-07,-0.31824037432670593,0.00047542514171390474,1748.0,,,,,,,,,,,,,,0.2668556185395132,,,,,0.030019652098417282,4.1584240534575656e-05
,imappo,,,,1748.0,0.0,0.0,0.0020792120001260628,0.0,0.0,0.0,0.0,0.0020792120001260628,0.0,0.0,0.0,0.0,0.0,,,,,,,
-0.0036352404858917,imappo,1.3340030591280083e-07,-0.35428673028945923,0.0004751250416805602,1749.0,,,,,,,,,,,,,,0.26672224074691564,,,,,0.02872595563530922,4.330050069256686e-05
,imappo,,,,1749.0,0.0,0.0,0.002165025007343502,0.0,0.0,0.0,0.0,0.002165025007343502,0.0,0.0,0.0,0.0,0.0,,,,,,,
-0.007615354843437672,imappo,6.128644969294328e-08,-0.4637974500656128,0.0004748249416472157,1750.0,,,,,,,,,,,,,,0.26658886295431805,,,,,0.0258348248898983,4.160244861850515e-05
,imappo,,,,1750.0,0.0,0.0,0.0020801225358582087,0.0,0.0,0.0,0.0,0.0020801225358582087,0.0,0.0,0.0,0.0,0.0,,,,,,,
0.0013625477440655231,imappo,8.056855449467548e-07,-0.7991785407066345,0.0004745248416138714,1751.0,,,,,,,,,,,,,,0.2664554851617206,,,,,0.02793838083744049,4.539884685073048e-05
,imappo,,,,1751.0,0.0,0.0,0.0022699421979268664,0.0,0.0,0.0,0.0,0.0022699421979268664,0.0,0.0,0.0,0.0,0.0,,,,,,,
-0.014313939027488232,imappo,1.3710932478261384e-07,-0.24963140487670898,0.0004742247415805269,1752.0,,,,,,,,,,,,,,0.26632210736912304,,,,,0.02976689115166664,4.87463221361395e-05
,imappo,,,,1752.0,0.0,0.0,0.002437316106124854,0.0,0.0,0.0,0.0,0.002437316106124854,0.0,0.0,0.0,0.0,0.0,,,,,,,
-0.00557829299941659,imappo,9.430496561435575e-07,-0.026777001097798347,0.0004739246415471824,1753.0,,,,,,,,,,,,,,0.2661887295765255,,,,,0.028059035539627075,4.570013334159739e-05
,imappo,,,,1753.0,0.0,0.0,0.0022850068498883047,0.0,0.0,0.0,0.0,0.0022850068498883047,0.0,0.0,0.0,0.0,0.0,,,,,,,
-0.0013208540622144938,imappo,2.0710041326310602e-07,-0.17726252973079681,0.00047362454151383797,1754.0,,,,,,,,,,,,,,0.2660553517839279,,,,,0.026824872940778732,4.740356598631479e-05
,imappo,,,,1754.0,0.0,0.0,0.002370178319324623,0.0,0.0,0.0,0.0,0.002370178319324623,0.0,0.0,0.0,0.0,0.0,,,,,,,
0.0044948342256248,imappo,1.9208653156965738e-07,-0.3968810737133026,0.00047332444148049356,1755.0,,,,,,,,,,,,,,0.26592197399133044,,,,,0.02868165820837021,4.1004535887623206e-05
,imappo,,,,1755.0,0.0,0.0,0.00205022665454635,0.0,0.0,0.0,0.0,0.00205022665454635,0.0,0.0,0.0,0.0,0.0,,,,,,,
-0.009363825432956219,imappo,5.484929488375201e-07,-0.312124103307724,0.00047302434144714915,1756.0,,,,,,,,,,,,,,0.2657885961987329,,,,,0.031631432473659515,4.23310739279259e-05
,imappo,,,,1756.0,0.0,0.0,0.0021165536959415476,0.0,0.0,0.0,0.0,0.0021165536959415476,0.0,0.0,0.0,0.0,0.0,,,,,,,
-0.002237571869045496,imappo,2.774216909529059e-07,-0.39216580986976624,0.00047272424141380463,1757.0,,,,,,,,,,,,,,0.2656552184061354,,,,,0.0266326405107975,4.8540077841607854e-05
,imappo,,,,1757.0,0.0,0.0,0.002427004003664024,0.0,0.0,0.0,0.0,0.002427004003664024,0.0,0.0,0.0,0.0,0.0,,,,,,,
-0.007887090556323528,imappo,6.329159418783092e-08,-0.3210061192512512,0.0004724241413804601,1758.0,,,,,,,,,,,,,,0.2655218406135378,,,,,0.027704617008566856,4.045126843266189e-05
,imappo,,,,1758.0,0.0,0.0,0.0020225634243615787,0.0,0.0,0.0,0.0,0.0020225634243615787,0.0,0.0,0.0,0.0,0.0,,,,,,,
0.0003142448258586228,imappo,6.618878956032859e-08,-0.3349195718765259,0.0004721240413471158,1759.0,,,,,,,,,,,,,,0.2653884628209403,,,,,0.027041304856538773,3.94478629459627e-05
,imappo,,,,1759.0,0.0,0.0,0.0019723931595763133,0.0,0.0,0.0,0.0,0.0019723931595763133,0.0,0.0,0.0,0.0,0.0,,,,,,,
-0.013641662895679474,imappo,3.636099847881269e-07,-0.058255553245544434,0.0004718239413137713,1760.0,,,,,,,,,,,,,,0.2652550850283428,,,,,0.029132306575775146,4.8326495743822306e-05
,imappo,,,,1760.0,0.0,0.0,0.002416324921796331,0.0,0.0,0.0,0.0,0.002416324921796331,0.0,0.0,0.0,0.0,0.0,,,,,,,
-0.006017625797539949,imappo,5.813986945213401e-07,-0.39681199193000793,0.0004715238412804268,1761.0,,,,,,,,,,,,,,0.26512170723574524,,,,,0.02880321443080902,4.7364992497023195e-05
,imappo,,,,1761.0,0.0,0.0,0.002368249730466232,0.0,0.0,0.0,0.0,0.002368249730466232,0.0,0.0,0.0,0.0,0.0,,,,,,,
-0.00963635090738535,imappo,3.9790293726582604e-07,-0.24600906670093536,0.0004712237412470824,1762.0,,,,,,,,,,,,,,0.26498832944314765,,,,,0.03417797386646271,4.4726879423251376e-05
,imappo,,,,1762.0,0.0,0.0,0.002236343842696442,0.0,0.0,0.0,0.0,0.002236343842696442,0.0,0.0,0.0,0.0,0.0,,,,,,,
-0.00824345089495182,imappo,9.62594981501752e-08,-0.1487254798412323,0.00047092364121373797,1763.0,,,,,,,,,,,,,,0.2648549516505502,,,,,0.028987601399421692,4.2615636630216613e-05
,imappo,,,,1763.0,0.0,0.0,0.002130781914615909,0.0,0.0,0.0,0.0,0.002130781914615909,0.0,0.0,0.0,0.0,0.0,,,,,,,
-0.005453009158372879,imappo,6.723017804688425e-07,-0.3060484528541565,0.00047062354118039345,1764.0,,,,,,,,,,,,,,0.26472157385795264,,,,,0.025417495518922806,4.736179835163057e-05
,imappo,,,,1764.0,0.0,0.0,0.0023680899037117342,0.0,0.0,0.0,0.0,0.0023680899037117342,0.0,0.0,0.0,0.0,0.0,,,,,,,
-0.010069574229419231,imappo,8.023266104828508e-07,-0.1433902084827423,0.00047032344114704904,1765.0,,,,,,,,,,,,,,0.2645881960653551,,,,,0.01730392687022686,7.028525578789413e-05
,imappo,,,,1765.0,0.0,0.0,0.003514262598628193,0.0,0.0,0.0,0.0,0.003514262598628193,0.0,0.0,0.0,0.0,0.0,,,,,,,
-0.00527538824826479,imappo,1.0120352555986756e-07,-0.2349092662334442,0.00047002334111370463,1766.0,,,,,,,,,,,,,,0.26445481827275763,,,,,0.02953757345676422,4.019353582407348e-05
,imappo,,,,1766.0,0.0,0.0,0.002009676805755589,0.0,0.0,0.0,0.0,0.002009676805755589,0.0,0.0,0.0,0.0,0.0,,,,,,,
-0.0023196840193122625,imappo,9.889259899864555e-08,-0.21013855934143066,0.0004697232410803602,1767.0,,,,,,,,,,,,,,0.26432144048016004,,,,,0.034445300698280334,4.735600305139087e-05
,imappo,,,,1767.0,0.0,0.0,0.0023678000675033672,0.0,0.0,0.0,0.0,0.0023678000675033672,0.0,0.0,0.0,0.0,0.0,,,,,,,
-0.00461753411218524,imappo,1.730055743109915e-07,-0.14270800352096558,0.0004694231410470157,1768.0,,,,,,,,,,,,,,0.2641880626875625,,,,,0.02678251639008522,4.95784952363465e-05
,imappo,,,,1768.0,0.0,0.0,0.0024789248545857845,0.0,0.0,0.0,0.0,0.0024789248545857845,0.0,0.0,0.0,0.0,0.0,,,,,,,
-0.010255721397697926,imappo,1.1395332677466286e-07,-0.3474459946155548,0.0004691230410136712,1769.0,,,,,,,,,,,,,,0.264054684894965,,,,,0.03129039704799652,3.9351922168862075e-05
,imappo,,,,1769.0,0.0,0.0,0.001967596064787358,0.0,0.0,0.0,0.0,0.001967596064787358,0.0,0.0,0.0,0.0,0.0,,,,,,,
-0.007357826456427574,imappo,7.361776965808531e-08,-0.10530295968055725,0.0004688229409803269,1770.0,,,,,,,,,,,,,,0.2639213071023675,,,,,0.029337316751480103,5.48911229998339e-05
,imappo,,,,1770.0,0.0,0.0,0.0027445560681371717,0.0,0.0,0.0,0.0,0.0027445560681371717,0.0,0.0,0.0,0.0,0.0,,,,,,,
-0.0027192342095077038,imappo,1.0014403528657567e-07,-0.17224955558776855,0.0004685228409469824,1771.0,,,,,,,,,,,,,,0.2637879293097699,,,,,0.02951909229159355,4.333246033638716e-05
,imappo,,,,1771.0,0.0,0.0,0.0021666229992689523,0.0,0.0,0.0,0.0,0.0021666229992689523,0.0,0.0,0.0,0.0,0.0,,,,,,,
-0.006124003324657679,imappo,6.295627485997102e-08,-0.15269307792186737,0.00046822274091363786,1772.0,,,,,,,,,,,,,,0.2636545515171724,,,,,0.027168920263648033,5.5413074733223766e-05
,imappo,,,,1772.0,0.0,0.0,0.002770653746551943,0.0,0.0,0.0,0.0,0.002770653746551943,0.0,0.0,0.0,0.0,0.0,,,,,,,
-0.006246551871299744,imappo,1.0005000206092518e-07,-0.18928956985473633,0.00046792264088029345,1773.0,,,,,,,,,,,,,,0.26352117372457484,,,,,0.029178308323025703,4.445134982233867e-05
,imappo,,,,1773.0,0.0,0.0,0.0022225675654681254,0.0,0.0,0.0,0.0,0.0022225675654681254,0.0,0.0,0.0,0.0,0.0,,,,,,,
-0.0011294931173324585,imappo,9.784805854451406e-08,-0.3210725486278534,0.00046762254084694904,1774.0,,,,,,,,,,,,,,0.26338779593197736,,,,,0.027102600783109665,3.9171631215140224e-05
,imappo,,,,1774.0,0.0,0.0,0.001958581576218421,0.0,0.0,0.0,0.0,0.001958581576218421,0.0,0.0,0.0,0.0,0.0,,,,,,,
-0.007301472593098879,imappo,1.188265841278735e-07,-0.4128127992153168,0.0004673224408136045,1775.0,,,,,,,,,,,,,,0.2632544181393798,,,,,0.031221728771924973,4.013247962575406e-05
,imappo,,,,1775.0,0.0,0.0,0.002006623816669162,0.0,0.0,0.0,0.0,0.002006623816669162,0.0,0.0,0.0,0.0,0.0,,,,,,,
-0.007232234347611666,imappo,3.771338796809687e-08,-0.43978774547576904,0.0004670223407802601,1776.0,,,,,,,,,,,,,,0.26312104034678224,,,,,0.027817942202091217,3.941281829611398e-05
,imappo,,,,1776.0,0.0,0.0,0.001970641001207696,0.0,0.0,0.0,0.0,0.001970641001207696,0.0,0.0,0.0,0.0,0.0,,,,,,,
-0.0025168603751808405,imappo,1.6071389552507753e-07,-0.545455276966095,0.0004667222407469156,1777.0,,,,,,,,,,,,,,0.2629876625541847,,,,,0.033535074442625046,4.4653188524534926e-05
,imappo,,,,1777.0,0.0,0.0,0.0022326595072854616,0.0,0.0,0.0,0.0,0.0022326595072854616,0.0,0.0,0.0,0.0,0.0,,,,,,,
-0.00786446314305067,imappo,9.210427975858693e-08,-0.4286947250366211,0.0004664221407135713,1778.0,,,,,,,,,,,,,,0.26285428476158723,,,,,0.030178159475326538,4.0835013351170346e-05
,imappo,,,,1778.0,0.0,0.0,0.0020417505461409746,0.0,0.0,0.0,0.0,0.0020417505461409746,0.0,0.0,0.0,0.0,0.0,,,,,,,
-0.011090368963778019,imappo,1.393233759472423e-07,-0.19519631564617157,0.0004661220406802268,1779.0,,,,,,,,,,,,,,0.26272090696898964,,,,,0.027826664969325066,4.205032382742502e-05
,imappo,,,,1779.0,0.0,0.0,0.0021025158903285046,0.0,0.0,0.0,0.0,0.0021025158903285046,0.0,0.0,0.0,0.0,0.0,,,,,,,
-0.0034818248823285103,imappo,9.962618463532635e-08,-0.18743406236171722,0.00046582194064688227,1780.0,,,,,,,,,,,,,,0.2625875291763921,,,,,0.028648296371102333,5.3590574680129066e-05
,imappo,,,,1780.0,0.0,0.0,0.002679528733665393,0.0,0.0,0.0,0.0,0.002679528733665393,0.0,0.0,0.0,0.0,0.0,,,,,,,
-0.006715846713632345,imappo,1.2896600765088806e-07,-0.013837305828928947,0.00046552184061353786,1781.0,,,,,,,,,,,,,,0.2624541513837946,,,,,0.027779940515756607,4.122159589314833e-05
,imappo,,,,1781.0,0.0,0.0,0.0020610799460882845,0.0,0.0,0.0,0.0,0.0020610799460882845,0.0,0.0,0.0,0.0,0.0,,,,,,,
-0.006427257787436247,imappo,3.410217175314756e-08,-0.27626684308052063,0.00046522174058019345,1782.0,,,,,,,,,,,,,,0.2623207735911971,,,,,0.03291589394211769,4.4976608478464186e-05
,imappo,,,,1782.0,0.0,0.0,0.0022488304839498596,0.0,0.0,0.0,0.0,0.0022488304839498596,0.0,0.0,0.0,0.0,0.0,,,,,,,
-0.0012029624776914716,imappo,8.381082494679504e-08,-0.4632338881492615,0.00046492164054684894,1783.0,,,,,,,,,,,,,,0.2621873957985995,,,,,0.029287323355674744,3.9208141970448196e-05
,imappo,,,,1783.0,0.0,0.0,0.001960406975740625,0.0,0.0,0.0,0.0,0.001960406975740625,0.0,0.0,0.0,0.0,0.0,,,,,,,
-0.008033591322600842,imappo,8.366424708583509e-08,-0.11623401939868927,0.00046462154051350453,1784.0,,,,,,,,,,,,,,0.262054018006002,,,,,0.031596094369888306,4.296396946301684e-05
,imappo,,,,1784.0,0.0,0.0,0.0021481984567799373,0.0,0.0,0.0,0.0,0.0021481984567799373,0.0,0.0,0.0,0.0,0.0,,,,,,,
-0.0170909333974123,imappo,3.806378572335234e-07,-0.042188841849565506,0.0004643214404801601,1785.0,,,,,,,,,,,,,,0.26192064021340444,,,,,0.030648350715637207,5.593583773588762e-05
,imappo,,,,1785.0,0.0,0.0,0.002796791868604487,0.0,0.0,0.0,0.0,0.002796791868604487,0.0,0.0,0.0,0.0,0.0,,,,,,,
-0.005769255571067333,imappo,1.0293473451383761e-07,-0.48298025131225586,0.0004640213404468156,1786.0,,,,,,,,,,,,,,0.26178726242080697,,,,,0.03214231878519058,4.3549771362449974e-05
,imappo,,,,1786.0,0.0,0.0,0.002177488315055598,0.0,0.0,0.0,0.0,0.002177488315055598,0.0,0.0,0.0,0.0,0.0,,,,,,,
-0.010536122135818005,imappo,4.570561529249062e-08,-0.29085826873779297,0.0004637212404134712,1787.0,,,,,,,,,,,,,,0.2616538846282094,,,,,0.027688736096024513,5.395578045863658e-05
,imappo,,,,1787.0,0.0,0.0,0.002697789005026152,0.0,0.0,0.0,0.0,0.002697789005026152,0.0,0.0,0.0,0.0,0.0,,,,,,,
0.0025867861695587635,imappo,2.746571148293242e-08,-0.3527413606643677,0.0004634211403801267,1788.0,,,,,,,,,,,,,,0.26152050683561184,,,,,0.02566586062312126,5.103899093228392e-05
,imappo,,,,1788.0,0.0,0.0,0.0025519497999084706,0.0,0.0,0.0,0.0,0.0025519497999084706,0.0,0.0,0.0,0.0,0.0,,,,,,,
0.0026224253233522177,imappo,8.015539521011306e-08,-0.9249367117881775,0.0004631210403467824,1789.0,,,,,,,,,,,,,,0.2613871290430143,,,,,0.030434932559728622,4.0265516872750595e-05
,imappo,,,,1789.0,0.0,0.0,0.002013275899507505,0.0,0.0,0.0,0.0,0.002013275899507505,0.0,0.0,0.0,0.0,0.0,,,,,,,
-0.00528558436781168,imappo,1.1189137438805119e-07,-0.17989379167556763,0.00046282094031343786,1790.0,,,,,,,,,,,,,,0.26125375125041683,,,,,0.027468327432870865,4.3593627196969464e-05
,imappo,,,,1790.0,0.0,0.0,0.0021796813223318168,0.0,0.0,0.0,0.0,0.0021796813223318168,0.0,0.0,0.0,0.0,0.0,,,,,,,
-0.00908335205167532,imappo,1.5111854168026184e-07,-0.7576981782913208,0.00046252084028009335,1791.0,,,,,,,,,,,,,,0.26112037345781924,,,,,0.03240320831537247,4.111517046112567e-05
,imappo,,,,1791.0,0.0,0.0,0.0020557585496590036,0.0,0.0,0.0,0.0,0.0020557585496590036,0.0,0.0,0.0,0.0,0.0,,,,,,,
-0.001132827834226191,imappo,3.96440327676828e-07,-0.9936735033988953,0.00046222074024674894,1792.0,,,,,,,,,,,,,,0.2609869956652217,,,,,0.028848450630903244,4.237729444867e-05
,imappo,,,,1792.0,0.0,0.0,0.0021188648811403255,0.0,0.0,0.0,0.0,0.0021188648811403255,0.0,0.0,0.0,0.0,0.0,,,,,,,
-0.009998450055718422,imappo,4.190120250768814e-08,-0.4010954797267914,0.00046192064021340453,1793.0,,,,,,,,,,,,,,0.2608536178726242,,,,,0.030718475580215454,4.213394277030602e-05
,imappo,,,,1793.0,0.0,0.0,0.002106697067119967,0.0,0.0,0.0,0.0,0.002106697067119967,0.0,0.0,0.0,0.0,0.0,,,,,,,
-0.007324912119656801,imappo,8.557009323340026e-08,-0.16230829060077667,0.00046162054018006,1794.0,,,,,,,,,,,,,,0.2607202400800267,,,,,0.0291372612118721,3.9350445149466395e-05
,imappo,,,,1794.0,0.0,0.0,0.00196752252418797,0.0,0.0,0.0,0.0,0.00196752252418797,0.0,0.0,0.0,0.0,0.0,,,,,,,
-0.010967304930090904,imappo,1.551114259257247e-08,-0.6905674338340759,0.0004613204401467156,1795.0,,,,,,,,,,,,,,0.2605868622874291,,,,,0.028757140040397644,4.300235377741046e-05
,imappo,,,,1795.0,0.0,0.0,0.002150117750716163,0.0,0.0,0.0,0.0,0.002150117750716163,0.0,0.0,0.0,0.0,0.0,,,,,,,
-0.0068732332438230515,imappo,3.2199650945585745e-08,-0.44036346673965454,0.0004610203401133711,1796.0,,,,,,,,,,,,,,0.2604534844948316,,,,,0.02730097994208336,3.779019971261732e-05
,imappo,,,,1796.0,0.0,0.0,0.001889510053615595,0.0,0.0,0.0,0.0,0.001889510053615595,0.0,0.0,0.0,0.0,0.0,,,,,,,
0.007485921494662762,imappo,2.4541017751289473e-07,-0.8870420455932617,0.0004607202400800268,1797.0,,,,,,,,,,,,,,0.26032010670223404,,,,,0.026140332221984863,4.9633599701337516e-05
,imappo,,,,1797.0,0.0,0.0,0.0024816800140570194,0.0,0.0,0.0,0.0,0.0024816800140570194,0.0,0.0,0.0,0.0,0.0,,,,,,,
0.006639176979660988,imappo,4.883385074094804e-08,-0.5772324204444885,0.00046042014004668227,1798.0,,,,,,,,,,,,,,0.26018672890963657,,,,,0.029938530176877975,4.211681880406104e-05
,imappo,,,,1798.0,0.0,0.0,0.0021058408201497514,0.0,0.0,0.0,0.0,0.0021058408201497514,0.0,0.0,0.0,0.0,0.0,,,,,,,
-0.005164550617337227,imappo,2.519019304259018e-08,-0.5755785703659058,0.00046012004001333776,1799.0,,,,,,,,,,,,,,0.260053351117039,,,,,0.028254911303520203,3.770837065530941e-05
,imappo,,,,1799.0,0.0,0.0,0.0018854183590519824,0.0,0.0,0.0,0.0,0.0018854183590519824,0.0,0.0,0.0,0.0,0.0,,,,,,,
,imappo,,,,1799.0,,,,,,,,,,,,,,,0.0,0.0,0.0,0.0,,
0.00033714869641698897,imappo,3.392282721392803e-08,-0.3771136999130249,0.00045981993997999346,1800.0,,,,,,,,,,,,,,0.2599199733244415,,,,,0.03225189447402954,4.1598264942876995e-05
,imappo,,,,1800.0,0.0,0.0,0.0020799130106752273,0.0,0.0,0.0,0.0,0.0020799130106752273,0.0,0.0,0.0,0.0,0.0,,,,,,,
-0.005610858555883169,imappo,3.1433959435389625e-08,-0.3045039474964142,0.00045951983994664894,1801.0,,,,,,,,,,,,,,0.2597865955318439,,,,,0.02907785400748253,4.997738142265007e-05
,imappo,,,,1801.0,0.0,0.0,0.0024988690495035826,0.0,0.0,0.0,0.0,0.0024988690495035826,0.0,0.0,0.0,0.0,0.0,,,,,,,
-0.0026734971906989813,imappo,2.327782944178125e-08,-0.2914373576641083,0.0004592197399133044,1802.0,,,,,,,,,,,,,,0.25965321773924643,,,,,0.027866769582033157,5.2498839067993686e-05
,imappo,,,,1802.0,0.0,0.0,0.0026249418838233396,0.0,0.0,0.0,0.0,0.0026249418838233396,0.0,0.0,0.0,0.0,0.0,,,,,,,
-0.008038584142923355,imappo,7.854775674331904e-08,-0.42618435621261597,0.00045891963987996,1803.0,,,,,,,,,,,,,,0.25951983994664884,,,,,0.029456838965415955,3.832213405985385e-05
,imappo,,,,1803.0,0.0,0.0,0.001916106834414677,0.0,0.0,0.0,0.0,0.001916106834414677,0.0,0.0,0.0,0.0,0.0,,,,,,,
0.002199422102421522,imappo,7.107826860419664e-08,-0.6528131365776062,0.0004586195398466156,1804.0,,,,,,,,,,,,,,0.25938646215405137,,,,,0.02715408429503441,4.6577973989769816e-05
,imappo,,,,1804.0,0.0,0.0,0.0023288988206360273,0.0,0.0,0.0,0.0,0.0023288988206360273,0.0,0.0,0.0,0.0,0.0,,,,,,,
-0.0034062673803418875,imappo,9.253857768953822e-08,-0.6166120171546936,0.0004583194398132711,1805.0,,,,,,,,,,,,,,0.2592530843614538,,,,,0.028904704377055168,4.077309131389484e-05
,imappo,,,,1805.0,0.0,0.0,0.0020386545402288903,0.0,0.0,0.0,0.0,0.0020386545402288903,0.0,0.0,0.0,0.0,0.0,,,,,,,
-0.0030008431058377028,imappo,5.076130946690682e-07,-0.26172810792922974,0.0004580193397799267,1806.0,,,,,,,,,,,,,,0.2591197065688563,,,,,0.020275339484214783,6.9414236349985e-05
,imappo,,,,1806.0,0.0,0.0,0.0034707117947618826,0.0,0.0,0.0,0.0,0.0034707117947618826,0.0,0.0,0.0,0.0,0.0,,,,,,,
-0.007481318432837725,imappo,2.4073383997347264e-07,-0.9149924516677856,0.00045771923974658216,1807.0,,,,,,,,,,,,,,0.2589863287762587,,,,,0.02449672855436802,4.6464432671200484e-05
,imappo,,,,1807.0,0.0,0.0,0.002323221875258241,0.0,0.0,0.0,0.0,0.002323221875258241,0.0,0.0,0.0,0.0,0.0,,,,,,,
-0.006464916747063398,imappo,1.7991990119980983e-08,-0.7495614290237427,0.00045741913971323787,1808.0,,,,,,,,,,,,,,0.25885295098366123,,,,,0.03247871994972229,4.3896045099245384e-05
,imappo,,,,1808.0,0.0,0.0,0.002194802458916456,0.0,0.0,0.0,0.0,0.002194802458916456,0.0,0.0,0.0,0.0,0.0,,,,,,,
-0.004569197539240122,imappo,7.961244818943669e-08,-0.5330248475074768,0.00045711903967989335,1809.0,,,,,,,,,,,,,,0.25871957319106365,,,,,0.028500571846961975,4.158840965828858e-05
,imappo,,,,1809.0,0.0,0.0,0.002079420451423175,0.0,0.0,0.0,0.0,0.002079420451423175,0.0,0.0,0.0,0.0,0.0,,,,,,,
-0.013186483643949032,imappo,5.09821269645272e-08,-0.47062209248542786,0.00045681893964654883,1810.0,,,,,,,,,,,,,,0.25858619539846617,,,,,0.027638670057058334,5.6017535825958475e-05
,imappo,,,,1810.0,0.0,0.0,0.0028008767527865075,0.0,0.0,0.0,0.0,0.0028008767527865075,0.0,0.0,0.0,0.0,0.0,,,,,,,
-0.01355608832091093,imappo,1.659234101225593e-07,-0.5719740390777588,0.0004565188396132044,1811.0,,,,,,,,,,,,,,0.2584528176058686,,,,,0.01700708270072937,5.301700366544537e-05
,imappo,,,,1811.0,0.0,0.0,0.0026508503219702106,0.0,0.0,0.0,0.0,0.0026508503219702106,0.0,0.0,0.0,0.0,0.0,,,,,,,
-0.004555380903184414,imappo,4.46794636843606e-08,-0.6518330574035645,0.00045621873957986,1812.0,,,,,,,,,,,,,,0.2583194398132711,,,,,0.032779015600681305,4.668875044444576e-05
,imappo,,,,1812.0,0.0,0.0,0.0023344373936424745,0.0,0.0,0.0,0.0,0.0023344373936424745,0.0,0.0,0.0,0.0,0.0,,,,,,,
0.0021454645320773125,imappo,9.681580337428386e-08,-1.225151777267456,0.0004559186395465155,1813.0,,,,,,,,,,,,,,0.2581860620206735,,,,,0.02988269180059433,5.025980499340221e-05
,imappo,,,,1813.0,0.0,0.0,0.002512990178729524,0.0,0.0,0.0,0.0,0.002512990178729524,0.0,0.0,0.0,0.0,0.0,,,,,,,
-0.0014760383637621999,imappo,1.0804664896113536e-07,-0.5250259637832642,0.0004556185395131711,1814.0,,,,,,,,,,,,,,0.25805268422807603,,,,,0.01694677211344242,4.4856988097308204e-05
,imappo,,,,1814.0,0.0,0.0,0.002242849423282678,0.0,0.0,0.0,0.0,0.002242849423282678,0.0,0.0,0.0,0.0,0.0,,,,,,,
-0.005027713719755411,imappo,7.337877150348504e-08,-0.4879436194896698,0.0004553184394798267,1815.0,,,,,,,,,,,,,,0.2579193064354785,,,,,0.029338259249925613,5.452039113151841e-05
,imappo,,,,1815.0,0.0,0.0,0.002726019747569808,0.0,0.0,0.0,0.0,0.002726019747569808,0.0,0.0,0.0,0.0,0.0,,,,,,,
-0.005214344244450331,imappo,5.061289698460314e-08,-0.5874323844909668,0.00045501833944648217,1816.0,,,,,,,,,,,,,,0.25778592864288097,,,,,0.02950206771492958,5.081024573883042e-05
,imappo,,,,1816.0,0.0,0.0,0.002540512220321034,0.0,0.0,0.0,0.0,0.002540512220321034,0.0,0.0,0.0,0.0,0.0,,,,,,,
0.0055828578770160675,imappo,3.300132078720708e-08,-0.6512949466705322,0.00045471823941313776,1817.0,,,,,,,,,,,,,,0.2576525508502834,,,,,0.027963735163211823,5.4306943638948724e-05
,imappo,,,,1817.0,0.0,0.0,0.0027153469245604356,0.0,0.0,0.0,0.0,0.0027153469245604356,0.0,0.0,0.0,0.0,0.0,,,,,,,
-0.0039971573278307915,imappo,5.029822247593074e-08,-1.104712724685669,0.00045441813937979324,1818.0,,,,,,,,,,,,,,0.2575191730576859,,,,,0.02801348827779293,5.573296584771015e-05
,imappo,,,,1818.0,0.0,0.0,0.0027866481632372597,0.0,0.0,0.0,0.0,0.0027866481632372597,0.0,0.0,0.0,0.0,0.0,,,,,,,
-0.004375276621431112,imappo,1.724532516789168e-08,-0.8983801007270813,0.00045411803934644894,1819.0,,,,,,,,,,,,,,0.25738579526508837,,,,,0.02511746436357498,3.5605684388428926e-05
,imappo,,,,1819.0,0.0,0.0,0.0017802842548917397,0.0,0.0,0.0,0.0,0.0017802842548917397,0.0,0.0,0.0,0.0,0.0,,,,,,,
-0.0030720552895218134,imappo,2.1482597034605533e-08,-0.5778064131736755,0.0004538179393131044,1820.0,,,,,,,,,,,,,,0.25725241747249084,,,,,0.028476662933826447,5.1639195589814335e-05
,imappo,,,,1820.0,0.0,0.0,0.0025819599823080353,0.0,0.0,0.0,0.0,0.0025819599823080353,0.0,0.0,0.0,0.0,0.0,,,,,,,
-0.012459360994398594,imappo,7.899789267185042e-08,-0.7541369795799255,0.0004535178392797599,1821.0,,,,,,,,,,,,,,0.25711903967989325,,,,,0.017147185280919075,4.786036515724845e-05
,imappo,,,,1821.0,0.0,0.0,0.002393018387408574,0.0,0.0,0.0,0.0,0.002393018387408574,0.0,0.0,0.0,0.0,0.0,,,,,,,
-0.0009475686820223927,imappo,3.3339659921693965e-08,-0.6460769772529602,0.0004532177392464155,1822.0,,,,,,,,,,,,,,0.25698566188729577,,,,,0.027524610981345177,5.121189315104857e-05
,imappo,,,,1822.0,0.0,0.0,0.0025605942196307296,0.0,0.0,0.0,0.0,0.0025605942196307296,0.0,0.0,0.0,0.0,0.0,,,,,,,
-0.0025302069261670113,imappo,1.5805328601459223e-08,-0.6143310070037842,0.0004529176392130711,1823.0,,,,,,,,,,,,,,0.25685228409469824,,,,,0.026293274015188217,5.207936919759959e-05
,imappo,,,,1823.0,0.0,0.0,0.0026039682168175204,0.0,0.0,0.0,0.0,0.0026039682168175204,0.0,0.0,0.0,0.0,0.0,,,,,,,
0.0012671928852796555,imappo,1.8115279942776397e-08,-0.9894192218780518,0.0004526175391797266,1824.0,,,,,,,,,,,,,,0.2567189063021007,,,,,0.03278382122516632,4.356607314548455e-05
,imappo,,,,1824.0,0.0,0.0,0.002178303544816629,0.0,0.0,0.0,0.0,0.002178303544816629,0.0,0.0,0.0,0.0,0.0,,,,,,,
-0.003281567245721817,imappo,6.377181449579439e-08,-1.3637754917144775,0.00045231743914638217,1825.0,,,,,,,,,,,,,,0.2565855285095031,,,,,0.025511469691991806,4.446062303031795e-05
,imappo,,,,1825.0,0.0,0.0,0.0022230312337399027,0.0,0.0,0.0,0.0,0.0022230312337399027,0.0,0.0,0.0,0.0,0.0,,,,,,,
-0.008538302965462208,imappo,8.284749952736092e-08,-0.45794835686683655,0.00045201733911303765,1826.0,,,,,,,,,,,,,,0.25645215071690564,,,,,0.027391213923692703,4.2059946281369776e-05
,imappo,,,,1826.0,0.0,0.0,0.0021029973688655446,0.0,0.0,0.0,0.0,0.0021029973688655446,0.0,0.0,0.0,0.0,0.0,,,,,,,
-0.005236565135419369,imappo,8.626467007388783e-08,-1.017530918121338,0.00045171723907969324,1827.0,,,,,,,,,,,,,,0.2563187729243081,,,,,0.024875324219465256,3.4551732824184e-05
,imappo,,,,1827.0,0.0,0.0,0.001727586675542625,0.0,0.0,0.0,0.0,0.001727586675542625,0.0,0.0,0.0,0.0,0.0,,,,,,,
-0.009253199212253094,imappo,5.096049449093698e-08,-0.4855425953865051,0.00045141713904634883,1828.0,,,,,,,,,,,,,,0.25618539513171057,,,,,0.026067979633808136,3.863144956994802e-05
,imappo,,,,1828.0,0.0,0.0,0.0019315725735395972,0.0,0.0,0.0,0.0,0.0019315725735395972,0.0,0.0,0.0,0.0,0.0,,,,,,,
0.008365672081708908,imappo,5.904116662236447e-08,-1.42049241065979,0.0004511170390130043,1829.0,,,,,,,,,,,,,,0.256052017339113,,,,,0.022303741425275803,4.690355126513168e-05
,imappo,,,,1829.0,0.0,0.0,0.002345177703546142,0.0,0.0,0.0,0.0,0.002345177703546142,0.0,0.0,0.0,0.0,0.0,,,,,,,
-0.006128863897174597,imappo,6.808375729860927e-08,-0.46730345487594604,0.00045081693897966,1830.0,,,,,,,,,,,,,,0.2559186395465155,,,,,0.02500857040286064,3.9065853343345225e-05
,imappo,,,,1830.0,0.0,0.0,0.0019532925704197623,0.0,0.0,0.0,0.0,0.0019532925704197623,0.0,0.0,0.0,0.0,0.0,,,,,,,
-0.01680176891386509,imappo,1.194973577867131e-07,-0.7238250374794006,0.0004505168389463155,1831.0,,,,,,,,,,,,,,0.25578526175391797,,,,,0.01640789583325386,5.751821299782023e-05
,imappo,,,,1831.0,0.0,0.0,0.0028759107799487538,0.0,0.0,0.0,0.0,0.0028759107799487538,0.0,0.0,0.0,0.0,0.0,,,,,,,
0.01594739407300949,imappo,6.273234731679622e-08,-1.3077982664108276,0.000450216738912971,1832.0,,,,,,,,,,,,,,0.25565188396132044,,,,,0.020542260259389877,4.928000635118224e-05
,imappo,,,,1832.0,0.0,0.0,0.0024640003663876087,0.0,0.0,0.0,0.0,0.0024640003663876087,0.0,0.0,0.0,0.0,0.0,,,,,,,
-0.005864765029400587,imappo,3.5546044330203586e-08,-0.6961693167686462,0.0004499166388796266,1833.0,,,,,,,,,,,,,,0.25551850616872285,,,,,0.03251613304018974,4.631077899830416e-05
,imappo,,,,1833.0,0.0,0.0,0.0023155389517341973,0.0,0.0,0.0,0.0,0.0023155389517341973,0.0,0.0,0.0,0.0,0.0,,,,,,,
-0.0045972405932843685,imappo,1.399171889460149e-08,-0.9274480938911438,0.00044961653884628217,1834.0,,,,,,,,,,,,,,0.25538512837612537,,,,,0.030379164963960648,4.889263436780311e-05
,imappo,,,,1834.0,0.0,0.0,0.0024446316765533993,0.0,0.0,0.0,0.0,0.0024446316765533993,0.0,0.0,0.0,0.0,0.0,,,,,,,
0.0039491234347224236,imappo,4.533482922397525e-08,-0.5525705218315125,0.00044931643881293765,1835.0,,,,,,,,,,,,,,0.25525175058352784,,,,,0.026568377390503883,4.8321704525733367e-05
,imappo,,,,1835.0,0.0,0.0,0.002416085295863013,0.0,0.0,0.0,0.0,0.002416085295863013,0.0,0.0,0.0,0.0,0.0,,,,,,,
-0.0034855245612561703,imappo,2.555927025582605e-08,-0.3834013044834137,0.00044901633877959324,1836.0,,,,,,,,,,,,,,0.2551183727909303,,,,,0.029050655663013458,4.4913627789355814e-05
,imappo,,,,1836.0,0.0,0.0,0.0022456814815541293,0.0,0.0,0.0,0.0,0.0022456814815541293,0.0,0.0,0.0,0.0,0.0,,,,,,,
-0.00018709080177359283,imappo,2.41725146565841e-08,-0.6237822771072388,0.00044871623874624873,1837.0,,,,,,,,,,,,,,0.2549849949983327,,,,,0.03400544822216034,4.316512058721855e-05
,imappo,,,,1837.0,0.0,0.0,0.002158256059829,0.0,0.0,0.0,0.0,0.002158256059829,0.0,0.0,0.0,0.0,0.0,,,,,,,
-0.010981437750160694,imappo,1.5152154730913026e-07,-0.6436313986778259,0.0004484161387129043,1838.0,,,,,,,,,,,,,,0.25485161720573524,,,,,0.016431495547294617,5.3831987315788865e-05
,imappo,,,,1838.0,0.0,0.0,0.002691599110335119,0.0,0.0,0.0,0.0,0.002691599110335119,0.0,0.0,0.0,0.0,0.0,,,,,,,
-0.01139389630407095,imappo,3.64593120139034e-08,-0.9283146262168884,0.0004481160386795599,1839.0,,,,,,,,,,,,,,0.2547182394131377,,,,,0.028671041131019592,4.3283827835693955e-05
,imappo,,,,1839.0,0.0,0.0,0.002164191168958496,0.0,0.0,0.0,0.0,0.002164191168958496,0.0,0.0,0.0,0.0,0.0,,,,,,,
-0.00021118458244018257,imappo,1.8020093861537134e-08,-0.9971275925636292,0.0004478159386462154,1840.0,,,,,,,,,,,,,,0.25458486162054017,,,,,0.034728243947029114,4.614242061506957e-05
,imappo,,,,1840.0,0.0,0.0,0.002307120817931718,0.0,0.0,0.0,0.0,0.002307120817931718,0.0,0.0,0.0,0.0,0.0,,,,,,,
-0.009797525592148304,imappo,7.035743720962273e-08,-0.6521021723747253,0.000447515838612871,1841.0,,,,,,,,,,,,,,0.2544514838279426,,,,,0.030082467943429947,6.689342990284786e-05
,imappo,,,,1841.0,0.0,0.0,0.0033446712914155796,0.0,0.0,0.0,0.0,0.0033446712914155796,0.0,0.0,0.0,0.0,0.0,,,,,,,
-0.004222339950501919,imappo,2.3740962973306523e-08,-0.6491190195083618,0.0004472157385795266,1842.0,,,,,,,,,,,,,,0.2543181060353451,,,,,0.03212790936231613,4.6881268644938245e-05
,imappo,,,,1842.0,0.0,0.0,0.00234406353047234,0.0,0.0,0.0,0.0,0.00234406353047234,0.0,0.0,0.0,0.0,0.0,,,,,,,
0.011305488646030426,imappo,8.236590787191744e-08,-1.276005506515503,0.00044691563854618206,1843.0,,,,,,,,,,,,,,0.25418472824274757,,,,,0.017865512520074844,4.737065683002584e-05
,imappo,,,,1843.0,0.0,0.0,0.0023685329345539685,0.0,0.0,0.0,0.0,0.0023685329345539685,0.0,0.0,0.0,0.0,0.0,,,,,,,
-0.004297607112675905,imappo,2.527387010786697e-08,-0.6601647734642029,0.00044661553851283765,1844.0,,,,,,,,,,,,,,0.25405135045015004,,,,,0.028504423797130585,5.449970194604248e-05
,imappo,,,,1844.0,0.0,0.0,0.0027249852034856303,0.0,0.0,0.0,0.0,0.0027249852034856303,0.0,0.0,0.0,0.0,0.0,,,,,,,
-0.007246393244713545,imappo,4.1554265806098556e-08,-1.261534333229065,0.00044631543847949325,1845.0,,,,,,,,,,,,,,0.25391797265755256,,,,,0.015403206460177898,4.675987656810321e-05
,imappo,,,,1845.0,0.0,0.0,0.0023379937350682667,0.0,0.0,0.0,0.0,0.0023379937350682667,0.0,0.0,0.0,0.0,0.0,,,,,,,
-0.006120273843407631,imappo,5.740392694519869e-08,-0.750546395778656,0.00044601533844614873,1846.0,,,,,,,,,,,,,,0.25378459486495497,,,,,0.030539188534021378,3.956742148147896e-05
,imappo,,,,1846.0,0.0,0.0,0.001978371096157616,0.0,0.0,0.0,0.0,0.001978371096157616,0.0,0.0,0.0,0.0,0.0,,,,,,,
0.003321531694382429,imappo,1.59722635117987e-08,-1.1949834823608398,0.0004457152384128043,1847.0,,,,,,,,,,,,,,0.25365121707235744,,,,,0.03388269990682602,3.879306677845307e-05
,imappo,,,,1847.0,0.0,0.0,0.001939653554245524,0.0,0.0,0.0,0.0,0.001939653554245524,0.0,0.0,0.0,0.0,0.0,,,,,,,
-0.005938515067100525,imappo,4.2793111276751006e-08,-0.8455607295036316,0.0004454151383794598,1848.0,,,,,,,,,,,,,,0.2535178392797599,,,,,0.03231561928987503,3.967480733990669e-05
,imappo,,,,1848.0,0.0,0.0,0.001983740304638104,0.0,0.0,0.0,0.0,0.001983740304638104,0.0,0.0,0.0,0.0,0.0,,,,,,,
0.02998536452651024,imappo,5.999834939984794e-08,-1.185639500617981,0.0004451150383461154,1849.0,,,,,,,,,,,,,,0.2533844614871624,,,,,0.014724978245794773,4.62300558865536e-05
,imappo,,,,1849.0,0.0,0.0,0.0023115027087214912,0.0,0.0,0.0,0.0,0.0023115027087214912,0.0,0.0,0.0,0.0,0.0,,,,,,,
-0.00776511337608099,imappo,2.389456810192314e-08,-0.5574554204940796,0.000444814938312771,1850.0,,,,,,,,,,,,,,0.25325108369456484,,,,,0.030764058232307434,4.308570714783855e-05
,imappo,,,,1850.0,0.0,0.0,0.002154285267351952,0.0,0.0,0.0,0.0,0.002154285267351952,0.0,0.0,0.0,0.0,0.0,,,,,,,
0.005702050402760506,imappo,3.7246287831749214e-08,-0.9094738960266113,0.00044451483827942647,1851.0,,,,,,,,,,,,,,0.2531177059019673,,,,,0.031013311818242073,4.470494241104461e-05
,imappo,,,,1851.0,0.0,0.0,0.002235247148291819,0.0,0.0,0.0,0.0,0.002235247148291819,0.0,0.0,0.0,0.0,0.0,,,,,,,
0.005925549194216728,imappo,4.06947826547821e-08,-0.5916122198104858,0.00044421473824608206,1852.0,,,,,,,,,,,,,,0.25298432810936977,,,,,0.02953295223414898,4.7496137995040044e-05
,imappo,,,,1852.0,0.0,0.0,0.002374806760371939,0.0,0.0,0.0,0.0,0.002374806760371939,0.0,0.0,0.0,0.0,0.0,,,,,,,
-0.014742156490683556,imappo,2.1922096138382585e-08,-0.2320602387189865,0.00044391463821273766,1853.0,,,,,,,,,,,,,,0.2528509503167723,,,,,0.027301479130983353,4.53877764812205e-05
,imappo,,,,1853.0,0.0,0.0,0.0022693886535307684,0.0,0.0,0.0,0.0,0.0022693886535307684,0.0,0.0,0.0,0.0,0.0,,,,,,,
-0.004923306405544281,imappo,3.5957210542392204e-08,-0.3575565814971924,0.00044361453817939314,1854.0,,,,,,,,,,,,,,0.2527175725241747,,,,,0.025887304916977882,4.326909765950404e-05
,imappo,,,,1854.0,0.0,0.0,0.002163454808822962,0.0,0.0,0.0,0.0,0.002163454808822962,0.0,0.0,0.0,0.0,0.0,,,,,,,
0.0018025843892246485,imappo,4.038797740690825e-08,-0.4991014003753662,0.00044331443814604873,1855.0,,,,,,,,,,,,,,0.25258419473157717,,,,,0.030703000724315643,3.7076271837577224e-05
,imappo,,,,1855.0,0.0,0.0,0.00185381363758097,0.0,0.0,0.0,0.0,0.00185381363758097,0.0,0.0,0.0,0.0,0.0,,,,,,,
-0.0012695002369582653,imappo,1.1173244551798689e-08,-0.4838269054889679,0.0004430143381127042,1856.0,,,,,,,,,,,,,,0.25245081693897964,,,,,0.029044698923826218,4.7826088120928034e-05
,imappo,,,,1856.0,0.0,0.0,0.00239130434067647,0.0,0.0,0.0,0.0,0.00239130434067647,0.0,0.0,0.0,0.0,0.0,,,,,,,
-0.0023405016399919987,imappo,2.097477214135779e-08,-0.7513603568077087,0.0004427142380793598,1857.0,,,,,,,,,,,,,,0.25231743914638216,,,,,0.033424656838178635,3.843275044346228e-05
,imappo,,,,1857.0,0.0,0.0,0.0019216373644894702,0.0,0.0,0.0,0.0,0.0019216373644894702,0.0,0.0,0.0,0.0,0.0,,,,,,,
-0.006588381249457598,imappo,2.470034985435632e-07,-0.23156633973121643,0.0004424141380460154,1858.0,,,,,,,,,,,,,,0.25218406135378457,,,,,0.02791626751422882,5.523774598259479e-05
,imappo,,,,1858.0,0.0,0.0,0.0027618873300525593,0.0,0.0,0.0,0.0,0.0027618873300525593,0.0,0.0,0.0,0.0,0.0,,,,,,,
-0.013429107144474983,imappo,8.203517865013055e-08,-0.4701707363128662,0.0004421140380126709,1859.0,,,,,,,,,,,,,,0.25205068356118704,,,,,0.030172795057296753,3.795243173954077e-05
,imappo,,,,1859.0,0.0,0.0,0.0018976215906150173,0.0,0.0,0.0,0.0,0.0018976215906150173,0.0,0.0,0.0,0.0,0.0,,,,,,,
-0.0052080946043133736,imappo,1.4605396359002043e-07,-0.2106018215417862,0.00044181393797932647,1860.0,,,,,,,,,,,,,,0.2519173057685895,,,,,0.026534516364336014,5.459952080855146e-05
,imappo,,,,1860.0,0.0,0.0,0.0027299761442804993,0.0,0.0,0.0,0.0,0.0027299761442804993,0.0,0.0,0.0,0.0,0.0,,,,,,,
0.013814330101013184,imappo,6.293294774195601e-08,-0.77144855260849,0.00044151383794598206,1861.0,,,,,,,,,,,,,,0.25178392797599203,,,,,0.03267449885606766,3.8340043829521164e-05
,imappo,,,,1861.0,0.0,0.0,0.0019170021735135379,0.0,0.0,0.0,0.0,0.0019170021735135379,0.0,0.0,0.0,0.0,0.0,,,,,,,
-0.007953586988151073,imappo,1.847616637462579e-08,-0.9988616108894348,0.00044121373791263755,1862.0,,,,,,,,,,,,,,0.25165055018339444,,,,,0.018127571791410446,5.1662875193869695e-05
,imappo,,,,1862.0,0.0,0.0,0.0025831436672660857,0.0,0.0,0.0,0.0,0.0025831436672660857,0.0,0.0,0.0,0.0,0.0,,,,,,,
-0.010600958950817585,imappo,8.623657521411587e-08,-0.1570988893508911,0.00044091363787929314,1863.0,,,,,,,,,,,,,,0.2515171723907969,,,,,0.026733560487627983,3.685951742227189e-05
,imappo,,,,1863.0,0.0,0.0,0.0018429756685236498,0.0,0.0,0.0,0.0,0.0018429756685236498,0.0,0.0,0.0,0.0,0.0,,,,,,,
-0.00028212807956151664,imappo,6.805942831533685e-08,-0.37367457151412964,0.00044061353784594873,1864.0,,,,,,,,,,,,,,0.2513837945981994,,,,,0.03109932690858841,4.2705050873337314e-05
,imappo,,,,1864.0,0.0,0.0,0.00213525242253354,0.0,0.0,0.0,0.0,0.00213525242253354,0.0,0.0,0.0,0.0,0.0,,,,,,,
-0.002762861317023635,imappo,8.995497324804091e-08,-0.17784157395362854,0.0004403134378126042,1865.0,,,,,,,,,,,,,,0.2512504168056019,,,,,0.03237025439739227,4.742083547171205e-05
,imappo,,,,1865.0,0.0,0.0,0.002371041819515085,0.0,0.0,0.0,0.0,0.002371041819515085,0.0,0.0,0.0,0.0,0.0,,,,,,,
0.008734773844480515,imappo,2.2632963947444296e-08,-0.25329580903053284,0.0004400133377792598,1866.0,,,,,,,,,,,,,,0.2511170390130043,,,,,0.02419041097164154,4.344394983490929e-05
,imappo,,,,1866.0,0.0,0.0,0.0021721973923831683,0.0,0.0,0.0,0.0,0.0021721973923831683,0.0,0.0,0.0,0.0,0.0,,,,,,,
-0.0032532638870179653,imappo,4.0525655720102804e-08,-0.49709951877593994,0.0004397132377459153,1867.0,,,,,,,,,,,,,,0.2509836612204068,,,,,0.027604656293988228,3.646673940238543e-05
,imappo,,,,1867.0,0.0,0.0,0.0018233370407187977,0.0,0.0,0.0,0.0,0.0018233370407187977,0.0,0.0,0.0,0.0,0.0,,,,,,,
-0.0016072946600615978,imappo,1.753199363463409e-08,-0.7335869073867798,0.0004394131377125709,1868.0,,,,,,,,,,,,,,0.25085028342780924,,,,,0.031282756477594376,3.600057607400231e-05
,imappo,,,,1868.0,0.0,0.0,0.0018000287304573703,0.0,0.0,0.0,0.0,0.0018000287304573703,0.0,0.0,0.0,0.0,0.0,,,,,,,
-0.0048690857365727425,imappo,3.6166522221492414e-08,-0.5161823630332947,0.0004391130376792265,1869.0,,,,,,,,,,,,,,0.25071690563521176,,,,,0.026985570788383484,3.664275573100895e-05
,imappo,,,,1869.0,0.0,0.0,0.001832137683777546,0.0,0.0,0.0,0.0,0.001832137683777546,0.0,0.0,0.0,0.0,0.0,,,,,,,
-0.0044789621606469154,imappo,2.2040810065959704e-08,-0.4049467146396637,0.00043881293764588196,1870.0,,,,,,,,,,,,,,0.2505835278426142,,,,,0.029497642070055008,3.930590901290998e-05
,imappo,,,,1870.0,0.0,0.0,0.001965295549325674,0.0,0.0,0.0,0.0,0.001965295549325674,0.0,0.0,0.0,0.0,0.0,,,,,,,
-0.011375891044735909,imappo,7.688650782711193e-08,-0.9251737594604492,0.00043851283761253755,1871.0,,,,,,,,,,,,,,0.25045015005001664,,,,,0.014675416052341461,6.51673399261199e-05
,imappo,,,,1871.0,0.0,0.0,0.003258366847603611,0.0,0.0,0.0,0.0,0.003258366847603611,0.0,0.0,0.0,0.0,0.0,,,,,,,
0.001880344352684915,imappo,1.5164831168590354e-08,-0.8800099492073059,0.00043821273757919314,1872.0,,,,,,,,,,,,,,0.2503167722574191,,,,,0.030231140553951263,4.402449485496618e-05
,imappo,,,,1872.0,0.0,0.0,0.0022012246763551957,0.0,0.0,0.0,0.0,0.0022012246763551957,0.0,0.0,0.0,0.0,0.0,,,,,,,
-0.0022927899844944477,imappo,5.474194963994705e-08,-0.3270969092845917,0.0004379126375458486,1873.0,,,,,,,,,,,,,,0.25018339446482163,,,,,0.03249659761786461,4.460320633370429e-05
,imappo,,,,1873.0,0.0,0.0,0.0022301603539460757,0.0,0.0,0.0,0.0,0.0022301603539460757,0.0,0.0,0.0,0.0,0.0,,,,,,,
-0.0027325281407684088,imappo,2.872416615673501e-08,-0.3981994688510895,0.0004376125375125042,1874.0,,,,,,,,,,,,,,0.25005001667222404,,,,,0.02991935983300209,5.066804078524001e-05
,imappo,,,,1874.0,0.0,0.0,0.002533402317681066,0.0,0.0,0.0,0.0,0.002533402317681066,0.0,0.0,0.0,0.0,0.0,,,,,,,
-0.0031441766768693924,imappo,1.674715548460881e-07,-0.35059964656829834,0.0004373124374791598,1875.0,,,,,,,,,,,,,,0.24991663887962656,,,,,0.021843641996383667,5.567206608247943e-05
,imappo,,,,1875.0,0.0,0.0,0.0027836033496129176,0.0,0.0,0.0,0.0,0.0027836033496129176,0.0,0.0,0.0,0.0,0.0,,,,,,,
-0.0009073682595044374,imappo,1.680886185795316e-08,-0.5808367133140564,0.0004370123374458153,1876.0,,,,,,,,,,,,,,0.24978326108702903,,,,,0.03445904701948166,4.049409108120017e-05
,imappo,,,,1876.0,0.0,0.0,0.0020247046759322984,0.0,0.0,0.0,0.0,0.0020247046759322984,0.0,0.0,0.0,0.0,0.0,,,,,,,
0.007610321044921875,imappo,3.4326248510296864e-08,-0.2574438154697418,0.0004367122374124709,1877.0,,,,,,,,,,,,,,0.24964988329443144,,,,,0.024637162685394287,3.685948104248382e-05
,imappo,,,,1877.0,0.0,0.0,0.0018429739822067859,0.0,0.0,0.0,0.0,0.0018429739822067859,0.0,0.0,0.0,0.0,0.0,,,,,,,
-0.0025053806602954865,imappo,2.8099474747023123e-08,-0.8658832907676697,0.00043641213737912637,1878.0,,,,,,,,,,,,,,0.2495165055018339,,,,,0.02874244563281536,4.521737355389632e-05
,imappo,,,,1878.0,0.0,0.0,0.0022608688952914235,0.0,0.0,0.0,0.0,0.0022608688952914235,0.0,0.0,0.0,0.0,0.0,,,,,,,
-0.004174457862973213,imappo,2.2022323520332066e-08,-0.04263565316796303,0.00043611203734578196,1879.0,,,,,,,,,,,,,,0.24938312770923643,,,,,0.025957725942134857,3.865757389576174e-05
,imappo,,,,1879.0,0.0,0.0,0.0019328787089989419,0.0,0.0,0.0,0.0,0.0019328787089989419,0.0,0.0,0.0,0.0,0.0,,,,,,,
7.170910248532891e-05,imappo,4.342874149187992e-08,-0.2612556517124176,0.00043581193731243755,1880.0,,,,,,,,,,,,,,0.2492497499166389,,,,,0.03107893466949463,4.3020565499318764e-05
,imappo,,,,1880.0,0.0,0.0,0.002151028445553038,0.0,0.0,0.0,0.0,0.002151028445553038,0.0,0.0,0.0,0.0,0.0,,,,,,,
0.007323678582906723,imappo,1.4085928867757502e-08,-0.5947336554527283,0.00043551183727909303,1881.0,,,,,,,,,,,,,,0.2491163721240413,,,,,0.0295657217502594,4.697706026490778e-05
,imappo,,,,1881.0,0.0,0.0,0.002348853181274535,0.0,0.0,0.0,0.0,0.002348853181274535,0.0,0.0,0.0,0.0,0.0,,,,,,,
-0.011150549165904522,imappo,3.1860761140478644e-08,-0.6589697003364563,0.0004352117372457486,1882.0,,,,,,,,,,,,,,0.24898299433144377,,,,,0.028473444283008575,3.94975213566795e-05
,imappo,,,,1882.0,0.0,0.0,0.001974876037593276,0.0,0.0,0.0,0.0,0.001974876037593276,0.0,0.0,0.0,0.0,0.0,,,,,,,
-0.005827650893479586,imappo,2.9264713319321345e-08,-0.44649505615234375,0.0004349116372124042,1883.0,,,,,,,,,,,,,,0.2488496165388463,,,,,0.030123312026262283,4.213822103338316e-05
,imappo,,,,1883.0,0.0,0.0,0.002106911186274374,0.0,0.0,0.0,0.0,0.002106911186274374,0.0,0.0,0.0,0.0,0.0,,,,,,,
-0.008928727358579636,imappo,8.263606687819447e-09,-0.4042297899723053,0.0004346115371790597,1884.0,,,,,,,,,,,,,,0.24871623874624876,,,,,0.030550703406333923,4.1217426769435406e-05
,imappo,,,,1884.0,0.0,0.0,0.0020608713542742407,0.0,0.0,0.0,0.0,0.0020608713542742407,0.0,0.0,0.0,0.0,0.0,,,,,,,
-0.009190897457301617,imappo,3.7516468154308313e-08,-0.5494831204414368,0.0004343114371457153,1885.0,,,,,,,,,,,,,,0.24858286095365117,,,,,0.02849687449634075,4.371921386336908e-05
,imappo,,,,1885.0,0.0,0.0,0.0021859608359022786,0.0,0.0,0.0,0.0,0.0021859608359022786,0.0,0.0,0.0,0.0,0.0,,,,,,,
-0.003466537920758128,imappo,1.2914372682359954e-08,-0.4119672179222107,0.0004340113371123708,1886.0,,,,,,,,,,,,,,0.24844948316105364,,,,,0.027326464653015137,4.078308120369911e-05
,imappo,,,,1886.0,0.0,0.0,0.0020391540640218864,0.0,0.0,0.0,0.0,0.0020391540640218864,0.0,0.0,0.0,0.0,0.0,,,,,,,
-0.00421409634873271,imappo,1.2462665210932755e-07,-0.13653507828712463,0.00043371123707902637,1887.0,,,,,,,,,,,,,,0.24831610536845616,,,,,0.02203638106584549,5.974781743134372e-05
,imappo,,,,1887.0,0.0,0.0,0.0029873909944626575,0.0,0.0,0.0,0.0,0.0029873909944626575,0.0,0.0,0.0,0.0,0.0,,,,,,,
-0.002825588220730424,imappo,9.582066695656977e-08,-0.24762298166751862,0.00043341113704568196,1888.0,,,,,,,,,,,,,,0.24818272757585863,,,,,0.01576322317123413,5.977981345495209e-05
,imappo,,,,1888.0,0.0,0.0,0.002988990493804522,0.0,0.0,0.0,0.0,0.002988990493804522,0.0,0.0,0.0,0.0,0.0,,,,,,,
-0.004664132837206125,imappo,6.116356132679357e-08,-0.3664618730545044,0.00043311103701233744,1889.0,,,,,,,,,,,,,,0.24804934978326104,,,,,0.03117920085787773,3.8872200093464926e-05
,imappo,,,,1889.0,0.0,0.0,0.0019436100578786863,0.0,0.0,0.0,0.0,0.0019436100578786863,0.0,0.0,0.0,0.0,0.0,,,,,,,
-0.005579047836363316,imappo,6.036646738039053e-08,-0.01926037110388279,0.00043281093697899304,1890.0,,,,,,,,,,,,,,0.24791597199066356,,,,,0.02850978635251522,3.787444802583195e-05
,imappo,,,,1890.0,0.0,0.0,0.0018937224676847109,0.0,0.0,0.0,0.0,0.0018937224676847109,0.0,0.0,0.0,0.0,0.0,,,,,,,
-0.003414895385503769,imappo,1.329026702023839e-07,-0.3085879683494568,0.00043251083694564863,1891.0,,,,,,,,,,,,,,0.24778259419806603,,,,,0.013441892340779305,3.521573307807557e-05
,imappo,,,,1891.0,0.0,0.0,0.0017607868471714028,0.0,0.0,0.0,0.0,0.0017607868471714028,0.0,0.0,0.0,0.0,0.0,,,,,,,
-0.00784353818744421,imappo,2.082332706265788e-08,-0.14398662745952606,0.0004322107369123041,1892.0,,,,,,,,,,,,,,0.2476492164054685,,,,,0.02840881049633026,5.5092121328925714e-05
,imappo,,,,1892.0,0.0,0.0,0.002754606143980709,0.0,0.0,0.0,0.0,0.002754606143980709,0.0,0.0,0.0,0.0,0.0,,,,,,,
-0.010416284203529358,imappo,1.0141791406681477e-08,-0.5564119219779968,0.0004319106368789597,1893.0,,,,,,,,,,,,,,0.2475158386128709,,,,,0.032487839460372925,3.72872018488124e-05
,imappo,,,,1893.0,0.0,0.0,0.001864360208855942,0.0,0.0,0.0,0.0,0.001864360208855942,0.0,0.0,0.0,0.0,0.0,,,,,,,
0.00033110464573837817,imappo,1.4843886120274874e-08,-0.5586939454078674,0.0004316105368456153,1894.0,,,,,,,,,,,,,,0.24738246082027343,,,,,0.03186642378568649,3.6588244256563485e-05
,imappo,,,,1894.0,0.0,0.0,0.0018294122583029093,0.0,0.0,0.0,0.0,0.0018294122583029093,0.0,0.0,0.0,0.0,0.0,,,,,,,
-0.008724667131900787,imappo,7.780402455637159e-08,-0.18712745606899261,0.0004313104368122708,1895.0,,,,,,,,,,,,,,0.2472490830276759,,,,,0.02010444924235344,3.145820301142521e-05
,imappo,,,,1895.0,0.0,0.0,0.001572910103874392,0.0,0.0,0.0,0.0,0.001572910103874392,0.0,0.0,0.0,0.0,0.0,,,,,,,
-0.008099712431430817,imappo,3.6473480236054456e-08,-0.8818477392196655,0.00043101033677892637,1896.0,,,,,,,,,,,,,,0.24711570523507836,,,,,0.029751453548669815,5.59725594939664e-05
,imappo,,,,1896.0,0.0,0.0,0.0027986278734033476,0.0,0.0,0.0,0.0,0.0027986278734033476,0.0,0.0,0.0,0.0,0.0,,,,,,,
0.006133601069450378,imappo,1.4470596276794367e-08,-1.05699622631073,0.00043071023674558185,1897.0,,,,,,,,,,,,,,0.24698232744248078,,,,,0.017973527312278748,6.805048906244338e-05
,imappo,,,,1897.0,0.0,0.0,0.00340252457900192,0.0,0.0,0.0,0.0,0.00340252457900192,0.0,0.0,0.0,0.0,0.0,,,,,,,
-0.002304836641997099,imappo,6.188652434957476e-08,-0.7491179704666138,0.00043041013671223744,1898.0,,,,,,,,,,,,,,0.2468489496498833,,,,,0.02990139089524746,3.357022433192469e-05
,imappo,,,,1898.0,0.0,0.0,0.001678510984049808,0.0,0.0,0.0,0.0,0.001678510984049808,0.0,0.0,0.0,0.0,0.0,,,,,,,
-0.004688404034823179,imappo,3.4926429748338705e-08,-0.38241875171661377,0.00043011003667889304,1899.0,,,,,,,,,,,,,,0.24671557185728576,,,,,0.016777893528342247,3.298378214822151e-05
,imappo,,,,1899.0,0.0,0.0,0.0016491890196377312,0.0,0.0,0.0,0.0,0.0016491890196377312,0.0,0.0,0.0,0.0,0.0,,,,,,,
,imappo,,,,1899.0,,,,,,,,,,,,,,,0.0,0.0,0.0,0.0,,
-0.0010776740964502096,imappo,1.1406109834410927e-08,-0.5357142090797424,0.0004298099366455485,1900.0,,,,,,,,,,,,,,0.24658219406468823,,,,,0.030478544533252716,4.717557749245316e-05
,imappo,,,,1900.0,0.0,0.0,0.0023587790303736256,0.0,0.0,0.0,0.0,0.0023587790303736256,0.0,0.0,0.0,0.0,0.0,,,,,,,
-0.015119200572371483,imappo,9.634688780124634e-08,-0.14551647007465363,0.000429509836612204,1901.0,,,,,,,,,,,,,,0.24644881627209064,,,,,0.02617807313799858,4.4206444727024063e-05
,imappo,,,,1901.0,0.0,0.0,0.002210322457131042,0.0,0.0,0.0,0.0,0.002210322457131042,0.0,0.0,0.0,0.0,0.0,,,,,,,
0.0017068954184651375,imappo,2.8740078761302357e-08,-0.64212965965271,0.0004292097365788597,1902.0,,,,,,,,,,,,,,0.24631543847949317,,,,,0.029675181955099106,5.409618461271748e-05
,imappo,,,,1902.0,0.0,0.0,0.0027048090700318994,0.0,0.0,0.0,0.0,0.0027048090700318994,0.0,0.0,0.0,0.0,0.0,,,,,,,
-0.011175315827131271,imappo,1.6445246941998448e-08,-0.363826185464859,0.0004289096365455152,1903.0,,,,,,,,,,,,,,0.24618206068689563,,,,,0.028354112058877945,4.772123429575004e-05
,imappo,,,,1903.0,0.0,0.0,0.0023860616427100467,0.0,0.0,0.0,0.0,0.0023860616427100467,0.0,0.0,0.0,0.0,0.0,,,,,,,
-0.004204253200441599,imappo,1.9714104126933307e-08,-0.4638974368572235,0.0004286095365121708,1904.0,,,,,,,,,,,,,,0.2460486828942981,,,,,0.030901286751031876,5.315642920322716e-05
,imappo,,,,1904.0,0.0,0.0,0.002657821360799062,0.0,0.0,0.0,0.0,0.002657821360799062,0.0,0.0,0.0,0.0,0.0,,,,,,,
0.0048831067979335785,imappo,1.939054605770707e-08,-0.16063544154167175,0.00042830943647882637,1905.0,,,,,,,,,,,,,,0.24591530510170057,,,,,0.02716229110956192,4.741500015370548e-05
,imappo,,,,1905.0,0.0,0.0,0.0023707499694864964,0.0,0.0,0.0,0.0,0.0023707499694864964,0.0,0.0,0.0,0.0,0.0,,,,,,,
-0.0029659101273864508,imappo,5.360897503692286e-08,-0.34066838026046753,0.00042800933644548185,1906.0,,,,,,,,,,,,,,0.24578192730910303,,,,,0.032198622822761536,4.230152990203351e-05
,imappo,,,,1906.0,0.0,0.0,0.0021150765621769096,0.0,0.0,0.0,0.0,0.0021150765621769096,0.0,0.0,0.0,0.0,0.0,,,,,,,
-0.004677684046328068,imappo,7.991399542106592e-09,-0.33703672885894775,0.00042770923641213745,1907.0,,,,,,,,,,,,,,0.2456485495165055,,,,,0.03144802898168564,4.252845246810466e-05
,imappo,,,,1907.0,0.0,0.0,0.002126422795047489,0.0,0.0,0.0,0.0,0.002126422795047489,0.0,0.0,0.0,0.0,0.0,,,,,,,
-0.005142152775079012,imappo,1.7950316077985917e-07,-0.2026427835226059,0.00042740913637879293,1908.0,,,,,,,,,,,,,,0.24551517172390797,,,,,0.01714930310845375,7.365852798102424e-05
,imappo,,,,1908.0,0.0,0.0,0.0036829264417974628,0.0,0.0,0.0,0.0,0.0036829264417974628,0.0,0.0,0.0,0.0,0.0,,,,,,,
-0.008394185453653336,imappo,5.966001737078841e-08,-0.2825811505317688,0.0004271090363454485,1909.0,,,,,,,,,,,,,,0.24538179393131043,,,,,0.030463874340057373,4.390926915220916e-05
,imappo,,,,1909.0,0.0,0.0,0.0021954635071779194,0.0,0.0,0.0,0.0,0.0021954635071779194,0.0,0.0,0.0,0.0,0.0,,,,,,,
0.0019377985736355186,imappo,7.606260510328866e-08,-0.5568771958351135,0.0004268089363121041,1910.0,,,,,,,,,,,,,,0.2452484161387129,,,,,0.03193077817559242,3.129769902443513e-05
,imappo,,,,1910.0,0.0,0.0,0.0015648848263936088,0.0,0.0,0.0,0.0,0.0015648848263936088,0.0,0.0,0.0,0.0,0.0,,,,,,,
-0.00295081059448421,imappo,2.569184331946417e-08,-0.4753890335559845,0.0004265088362787596,1911.0,,,,,,,,,,,,,,0.24511503834611537,,,,,0.029686875641345978,3.4756962122628465e-05
,imappo,,,,1911.0,0.0,0.0,0.0017378481734340312,0.0,0.0,0.0,0.0,0.0017378481734340312,0.0,0.0,0.0,0.0,0.0,,,,,,,
-0.0024382583796977997,imappo,3.2157469576077347e-08,-0.0731409341096878,0.0004262087362454152,1912.0,,,,,,,,,,,,,,0.24498166055351783,,,,,0.023294569924473763,4.020954656880349e-05
,imappo,,,,1912.0,0.0,0.0,0.0020104773097386897,0.0,0.0,0.0,0.0,0.0020104773097386897,0.0,0.0,0.0,0.0,0.0,,,,,,,
-0.012804238125681877,imappo,6.300026456074193e-08,-0.7722383737564087,0.0004259086362120708,1913.0,,,,,,,,,,,,,,0.2448482827609203,,,,,0.018687330186367035,6.845789903309196e-05
,imappo,,,,1913.0,0.0,0.0,0.0034228950535180047,0.0,0.0,0.0,0.0,0.0034228950535180047,0.0,0.0,0.0,0.0,0.0,,,,,,,
-0.004462376236915588,imappo,9.827573421716806e-09,-0.4746933579444885,0.00042560853617872626,1914.0,,,,,,,,,,,,,,0.24471490496832277,,,,,0.027498528361320496,3.9617487345822155e-05
,imappo,,,,1914.0,0.0,0.0,0.001980874563287216,0.0,0.0,0.0,0.0,0.001980874563287216,0.0,0.0,0.0,0.0,0.0,,,,,,,
-0.014545774087309837,imappo,9.32222263827498e-08,-0.031164487823843956,0.00042530843614538186,1915.0,,,,,,,,,,,,,,0.24458152717572523,,,,,0.02666899934411049,4.323099346947856e-05
,imappo,,,,1915.0,0.0,0.0,0.0021615496857521066,0.0,0.0,0.0,0.0,0.0021615496857521066,0.0,0.0,0.0,0.0,0.0,,,,,,,
-0.014688768424093723,imappo,8.487981517646404e-08,-0.19699722528457642,0.00042500833611203734,1916.0,,,,,,,,,,,,,,0.2444481493831277,,,,,0.02101433090865612,5.355768371373415e-05
,imappo,,,,1916.0,0.0,0.0,0.002677884298691424,0.0,0.0,0.0,0.0,0.002677884298691424,0.0,0.0,0.0,0.0,0.0,,,,,,,
0.0030800551176071167,imappo,3.8973002602915585e-08,-0.18697820603847504,0.00042470823607869293,1917.0,,,,,,,,,,,,,,0.24431477159053017,,,,,0.030669841915369034,4.604962668963708e-05
,imappo,,,,1917.0,0.0,0.0,0.00230248138495881,0.0,0.0,0.0,0.0,0.00230248138495881,0.0,0.0,0.0,0.0,0.0,,,,,,,
-0.009184448979794979,imappo,1.75952887815356e-08,-0.21095837652683258,0.0004244081360453485,1918.0,,,,,,,,,,,,,,0.24418139379793263,,,,,0.02927267923951149,4.609163079294376e-05
,imappo,,,,1918.0,0.0,0.0,0.0023045816575404388,0.0,0.0,0.0,0.0,0.0023045816575404388,0.0,0.0,0.0,0.0,0.0,,,,,,,
-0.010785004124045372,imappo,1.0597725719208029e-07,-0.06852514296770096,0.000424108036012004,1919.0,,,,,,,,,,,,,,0.2440480160053351,,,,,0.017316490411758423,5.5010550568113104e-05
,imappo,,,,1919.0,0.0,0.0,0.0027505273676524666,0.0,0.0,0.0,0.0,0.0027505273676524666,0.0,0.0,0.0,0.0,0.0,,,,,,,
-0.009519509971141815,imappo,8.392498074272225e-08,-0.19535188376903534,0.0004238079359786596,1920.0,,,,,,,,,,,,,,0.24391463821273757,,,,,0.03295003995299339,3.045303310500458e-05
,imappo,,,,1920.0,0.0,0.0,0.0015226517716655508,0.0,0.0,0.0,0.0,0.0015226517716655508,0.0,0.0,0.0,0.0,0.0,,,,,,,
-0.0019258549436926842,imappo,2.6231701255596818e-08,0.016626819968223572,0.0004235078359453152,1921.0,,,,,,,,,,,,,,0.24378126042014003,,,,,0.025880467146635056,5.409385994425975e-05
,imappo,,,,1921.0,0.0,0.0,0.002704693166379002,0.0,0.0,0.0,0.0,0.002704693166379002,0.0,0.0,0.0,0.0,0.0,,,,,,,
-0.008314171805977821,imappo,8.315097232980406e-08,-0.4388831555843353,0.0004232077359119707,1922.0,,,,,,,,,,,,,,0.2436478826275425,,,,,0.03128057345747948,3.71372552763205e-05
,imappo,,,,1922.0,0.0,0.0,0.0018568627026525064,0.0,0.0,0.0,0.0,0.0018568627026525064,0.0,0.0,0.0,0.0,0.0,,,,,,,
-0.003118226071819663,imappo,5.3581587167172984e-08,-0.06559845060110092,0.00042290763587862627,1923.0,,,,,,,,,,,,,,0.24351450483494497,,,,,0.022670362144708633,3.380816269782372e-05
,imappo,,,,1923.0,0.0,0.0,0.0016904081607549415,0.0,0.0,0.0,0.0,0.0016904081607549415,0.0,0.0,0.0,0.0,0.0,,,,,,,
0.0005791772273369133,imappo,2.9353428132594672e-08,-0.22928546369075775,0.00042260753584528186,1924.0,,,,,,,,,,,,,,0.24338112704234743,,,,,0.02766300179064274,4.884685404249467e-05
,imappo,,,,1924.0,0.0,0.0,0.0024423427374244966,0.0,0.0,0.0,0.0,0.0024423427374244966,0.0,0.0,0.0,0.0,0.0,,,,,,,
-0.009450908750295639,imappo,2.8905821736202597e-08,-0.31702128052711487,0.00042230743581193734,1925.0,,,,,,,,,,,,,,0.2432477492497499,,,,,0.030610786750912666,4.091300434083678e-05
,imappo,,,,1925.0,0.0,0.0,0.002045650374611796,0.0,0.0,0.0,0.0,0.002045650374611796,0.0,0.0,0.0,0.0,0.0,,,,,,,
0.0303766168653965,imappo,4.937469455512655e-08,-0.347334623336792,0.00042200733577859293,1926.0,,,,,,,,,,,,,,0.24311437145715237,,,,,0.029673999175429344,3.5894317989004776e-05
,imappo,,,,1926.0,0.0,0.0,0.0017947159913092037,0.0,0.0,0.0,0.0,0.0017947159913092037,0.0,0.0,0.0,0.0,0.0,,,,,,,
0.006297206971794367,imappo,1.0209731016175283e-07,-0.6941290497779846,0.0004217072357452484,1927.0,,,,,,,,,,,,,,0.24298099366455483,,,,,0.03622625023126602,2.5160075892927125e-05
,imappo,,,,1927.0,0.0,0.0,0.0012580036727740662,0.0,0.0,0.0,0.0,0.0012580036727740662,0.0,0.0,0.0,0.0,0.0,,,,,,,
-0.011709661222994328,imappo,7.57151781272114e-08,-0.30733969807624817,0.000421407135711904,1928.0,,,,,,,,,,,,,,0.2428476158719573,,,,,0.020131323486566544,4.379859092296101e-05
,imappo,,,,1928.0,0.0,0.0,0.0021899295558114318,0.0,0.0,0.0,0.0,0.0021899295558114318,0.0,0.0,0.0,0.0,0.0,,,,,,,
-0.010055170394480228,imappo,6.58387691032658e-08,-0.40827545523643494,0.0004211070356785596,1929.0,,,,,,,,,,,,,,0.24271423807935977,,,,,0.03384032100439072,5.091213097330183e-05
,imappo,,,,1929.0,0.0,0.0,0.0025456065733919786,0.0,0.0,0.0,0.0,0.0025456065733919786,0.0,0.0,0.0,0.0,0.0,,,,,,,
-0.005191060248762369,imappo,2.0170174863665125e-08,-0.4707157015800476,0.0004208069356452151,1930.0,,,,,,,,,,,,,,0.24258086028676223,,,,,0.030934959650039673,4.4694905227515846e-05
,imappo,,,,1930.0,0.0,0.0,0.002234745359828594,0.0,0.0,0.0,0.0,0.002234745359828594,0.0,0.0,0.0,0.0,0.0,,,,,,,
-0.0016048750840127468,imappo,1.313101094524427e-08,-0.5923945307731628,0.00042050683561187057,1931.0,,,,,,,,,,,,,,0.2424474824941647,,,,,0.030281439423561096,4.16847069573123e-05
,imappo,,,,1931.0,0.0,0.0,0.0020842355479544494,0.0,0.0,0.0,0.0,0.0020842355479544494,0.0,0.0,0.0,0.0,0.0,,,,,,,
-0.008149933069944382,imappo,5.187816753959851e-08,-0.31489503383636475,0.00042020673557852627,1932.0,,,,,,,,,,,,,,0.24231410470156717,,,,,0.027823520824313164,4.396394797367975e-05
,imappo,,,,1932.0,0.0,0.0,0.00219819749881367,0.0,0.0,0.0,0.0,0.00219819749881367,0.0,0.0,0.0,0.0,0.0,,,,,,,
-0.005809605121612549,imappo,5.8482047649022206e-08,-0.19708409905433655,0.00041990663554518175,1933.0,,,,,,,,,,,,,,0.24218072690896963,,,,,0.024835821241140366,4.5117674744687974e-05
,imappo,,,,1933.0,0.0,0.0,0.0022558838053612362,0.0,0.0,0.0,0.0,0.0022558838053612362,0.0,0.0,0.0,0.0,0.0,,,,,,,
0.013176114298403263,imappo,1.0813091932959651e-07,-0.9945849776268005,0.00041960653551183734,1934.0,,,,,,,,,,,,,,0.2420473491163721,,,,,0.02973547950387001,3.914082481060177e-05
,imappo,,,,1934.0,0.0,0.0,0.001957041332616427,0.0,0.0,0.0,0.0,0.001957041332616427,0.0,0.0,0.0,0.0,0.0,,,,,,,
-0.002123358193784952,imappo,3.5603509473958184e-08,-0.7565957903862,0.00041930643547849293,1935.0,,,,,,,,,,,,,,0.24191397132377462,,,,,0.02892822027206421,3.377237226231955e-05
,imappo,,,,1935.0,0.0,0.0,0.001688618803996178,0.0,0.0,0.0,0.0,0.001688618803996178,0.0,0.0,0.0,0.0,0.0,,,,,,,
-0.007254272233694792,imappo,4.549259458030974e-08,-0.8171672224998474,0.0004190063354451484,1936.0,,,,,,,,,,,,,,0.24178059353117703,,,,,0.031205464154481888,3.03872784570558e-05
,imappo,,,,1936.0,0.0,0.0,0.0015193639628705569,0.0,0.0,0.0,0.0,0.0015193639628705569,0.0,0.0,0.0,0.0,0.0,,,,,,,
-0.007058275397866964,imappo,2.2801522447934985e-08,-0.46882355213165283,0.000418706235411804,1937.0,,,,,,,,,,,,,,0.2416472157385795,,,,,0.025500502437353134,3.627287151175551e-05
,imappo,,,,1937.0,0.0,0.0,0.0018136435056557154,0.0,0.0,0.0,0.0,0.0018136435056557154,0.0,0.0,0.0,0.0,0.0,,,,,,,
0.006790591403841972,imappo,9.947257240128238e-08,-0.980725884437561,0.0004184061353784595,1938.0,,,,,,,,,,,,,,0.24151383794598197,,,,,0.02836146391928196,4.638643440557644e-05
,imappo,,,,1938.0,0.0,0.0,0.0023193219106474317,0.0,0.0,0.0,0.0,0.0023193219106474317,0.0,0.0,0.0,0.0,0.0,,,,,,,
-0.005680918227881193,imappo,5.2213923851240907e-08,-1.0338826179504395,0.0004181060353451151,1939.0,,,,,,,,,,,,,,0.2413804601533845,,,,,0.02575603686273098,5.098292604088783e-05
,imappo,,,,1939.0,0.0,0.0,0.002549146510432365,0.0,0.0,0.0,0.0,0.002549146510432365,0.0,0.0,0.0,0.0,0.0,,,,,,,
0.0007957004709169269,imappo,5.1927784738836635e-08,-0.7640222311019897,0.0004178059353117707,1940.0,,,,,,,,,,,,,,0.2412470823607869,,,,,0.027175620198249817,3.500541060930118e-05
,imappo,,,,1940.0,0.0,0.0,0.0017502705491097004,0.0,0.0,0.0,0.0,0.0017502705491097004,0.0,0.0,0.0,0.0,0.0,,,,,,,
-0.0018307743594050407,imappo,6.110037276130242e-08,-0.5323380827903748,0.00041750583527842616,1941.0,,,,,,,,,,,,,,0.24111370456818937,,,,,0.031966324895620346,3.4037708246614784e-05
,imappo,,,,1941.0,0.0,0.0,0.0017018854505295167,0.0,0.0,0.0,0.0,0.0017018854505295167,0.0,0.0,0.0,0.0,0.0,,,,,,,
-0.005471833515912294,imappo,2.9671694434796336e-08,-0.5523557066917419,0.00041720573524508164,1942.0,,,,,,,,,,,,,,0.24098032677559184,,,,,0.030622096732258797,3.500769525999203e-05
,imappo,,,,1942.0,0.0,0.0,0.0017503846602267004,0.0,0.0,0.0,0.0,0.0017503846602267004,0.0,0.0,0.0,0.0,0.0,,,,,,,
-0.008953173644840717,imappo,4.039227263774592e-08,-0.9455838799476624,0.00041690563521173734,1943.0,,,,,,,,,,,,,,0.24084694898299436,,,,,0.03272051364183426,2.8704418582492508e-05
,imappo,,,,1943.0,0.0,0.0,0.001435220988923902,0.0,0.0,0.0,0.0,0.001435220988923902,0.0,0.0,0.0,0.0,0.0,,,,,,,
-0.008889916352927685,imappo,3.2439888997259914e-08,-0.5391422510147095,0.0004166055351783928,1944.0,,,,,,,,,,,,,,0.24071357119039677,,,,,0.030253816395998,2.9071721655782312e-05
,imappo,,,,1944.0,0.0,0.0,0.0014535860523068322,0.0,0.0,0.0,0.0,0.0014535860523068322,0.0,0.0,0.0,0.0,0.0,,,,,,,
0.0019918167963624,imappo,4.596900282649585e-08,-0.7434757351875305,0.0004163054351450484,1945.0,,,,,,,,,,,,,,0.24058019339779924,,,,,0.03051089495420456,3.32375020661857e-05
,imappo,,,,1945.0,0.0,0.0,0.0016618751540136145,0.0,0.0,0.0,0.0,0.0016618751540136145,0.0,0.0,0.0,0.0,0.0,,,,,,,
-0.012932897545397282,imappo,2.169965007681185e-08,-0.543423056602478,0.0004160053351117039,1946.0,,,,,,,,,,,,,,0.2404468156052017,,,,,0.02718745544552803,3.426572584430687e-05
,imappo,,,,1946.0,0.0,0.0,0.0017132862682558425,0.0,0.0,0.0,0.0,0.0017132862682558425,0.0,0.0,0.0,0.0,0.0,,,,,,,
-0.006674301810562611,imappo,8.082892577476741e-08,-1.1689532995224,0.0004157052350783595,1947.0,,,,,,,,,,,,,,0.24031343781260422,,,,,0.02142096683382988,4.919073035125621e-05
,imappo,,,,1947.0,0.0,0.0,0.002459536526487227,0.0,0.0,0.0,0.0,0.002459536526487227,0.0,0.0,0.0,0.0,0.0,,,,,,,
-0.0006956151919439435,imappo,6.810009978153175e-08,-0.9270288348197937,0.0004154051350450151,1948.0,,,,,,,,,,,,,,0.24018006002000664,,,,,0.030721191316843033,3.289022788521834e-05
,imappo,,,,1948.0,0.0,0.0,0.0016445114741827638,0.0,0.0,0.0,0.0,0.0016445114741827638,0.0,0.0,0.0,0.0,0.0,,,,,,,
0.00594429112970829,imappo,3.00874702929832e-08,-0.838001012802124,0.00041510503501167057,1949.0,,,,,,,,,,,,,,0.2400466822274091,,,,,0.028930766507983208,2.7596312065725215e-05
,imappo,,,,1949.0,0.0,0.0,0.0013798156046505028,0.0,0.0,0.0,0.0,0.0013798156046505028,0.0,0.0,0.0,0.0,0.0,,,,,,,
-0.007740190252661705,imappo,5.856583484842304e-08,-0.5227329730987549,0.00041480493497832616,1950.0,,,,,,,,,,,,,,0.23991330443481163,,,,,0.03210550546646118,3.6631361581385136e-05
,imappo,,,,1950.0,0.0,0.0,0.0018315680358682584,0.0,0.0,0.0,0.0,0.0018315680358682584,0.0,0.0,0.0,0.0,0.0,,,,,,,
-0.01309956330806017,imappo,5.674219494267163e-08,-0.32390153408050537,0.00041450483494498175,1951.0,,,,,,,,,,,,,,0.2397799266422141,,,,,0.029099784791469574,4.5435241190716624e-05
,imappo,,,,1951.0,0.0,0.0,0.002271762291655932,0.0,0.0,0.0,0.0,0.002271762291655932,0.0,0.0,0.0,0.0,0.0,,,,,,,
0.0013672702480107546,imappo,2.055460335270709e-08,-0.44472071528434753,0.00041420473491163724,1952.0,,,,,,,,,,,,,,0.2396465488496165,,,,,0.03062533587217331,3.1382958695758134e-05
,imappo,,,,1952.0,0.0,0.0,0.0015691479179622547,0.0,0.0,0.0,0.0,0.0015691479179622547,0.0,0.0,0.0,0.0,0.0,,,,,,,
0.006470109336078167,imappo,2.3242058944106248e-08,-0.7619341611862183,0.0004139046348782927,1953.0,,,,,,,,,,,,,,0.23951317105701897,,,,,0.029438374564051628,3.6756264307769015e-05
,imappo,,,,1953.0,0.0,0.0,0.0018378131305780698,0.0,0.0,0.0,0.0,0.0018378131305780698,0.0,0.0,0.0,0.0,0.0,,,,,,,
-0.006903353147208691,imappo,8.292809994259187e-09,-0.6617260575294495,0.0004136045348449484,1954.0,,,,,,,,,,,,,,0.2393797932644215,,,,,0.032312020659446716,4.5012660848442465e-05
,imappo,,,,1954.0,0.0,0.0,0.002250632851428236,0.0,0.0,0.0,0.0,0.002250632851428236,0.0,0.0,0.0,0.0,0.0,,,,,,,
-0.005905411671847105,imappo,1.1280997469498288e-08,-0.6068493127822876,0.0004133044348116039,1955.0,,,,,,,,,,,,,,0.23924641547182396,,,,,0.030709147453308105,4.169919702690095e-05
,imappo,,,,1955.0,0.0,0.0,0.00208495963275368,0.0,0.0,0.0,0.0,0.00208495963275368,0.0,0.0,0.0,0.0,0.0,,,,,,,
-0.007677839603275061,imappo,1.6718743722776708e-08,-0.5118447542190552,0.0004130043347782595,1956.0,,,,,,,,,,,,,,0.23911303767922637,,,,,0.030230488628149033,3.8556572690140456e-05
,imappo,,,,1956.0,0.0,0.0,0.0019278286653161558,0.0,0.0,0.0,0.0,0.0019278286653161558,0.0,0.0,0.0,0.0,0.0,,,,,,,
0.002795054577291012,imappo,8.333454815101504e-09,-0.7220433950424194,0.000412704234744915,1957.0,,,,,,,,,,,,,,0.23897965988662884,,,,,0.028969768434762955,3.84721060981974e-05
,imappo,,,,1957.0,0.0,0.0,0.0019236051075495197,0.0,0.0,0.0,0.0,0.0019236051075495197,0.0,0.0,0.0,0.0,0.0,,,,,,,
0.008071399293839931,imappo,3.126440617506887e-08,-0.872039794921875,0.00041240413471157057,1958.0,,,,,,,,,,,,,,0.23884628209403136,,,,,0.03074607625603676,3.7311416235752404e-05
,imappo,,,,1958.0,0.0,0.0,0.0018655708658457115,0.0,0.0,0.0,0.0,0.0018655708658457115,0.0,0.0,0.0,0.0,0.0,,,,,,,
-0.005802392493933439,imappo,5.400525893151098e-08,-0.32444262504577637,0.00041210403467822616,1959.0,,,,,,,,,,,,,,0.23871290430143383,,,,,0.026394356042146683,4.397398151922971e-05
,imappo,,,,1959.0,0.0,0.0,0.002198699180496533,0.0,0.0,0.0,0.0,0.002198699180496533,0.0,0.0,0.0,0.0,0.0,,,,,,,
-0.012062964960932732,imappo,6.141249997426712e-08,-0.15626034140586853,0.00041180393464488165,1960.0,,,,,,,,,,,,,,0.23857952650883624,,,,,0.026439499109983444,5.090843842481263e-05
,imappo,,,,1960.0,0.0,0.0,0.0025454217224716302,0.0,0.0,0.0,0.0,0.0025454217224716302,0.0,0.0,0.0,0.0,0.0,,,,,,,
0.003688161727041006,imappo,8.20758838671054e-09,-0.5687892436981201,0.00041150383461153713,1961.0,,,,,,,,,,,,,,0.2384461487162387,,,,,0.028322843834757805,3.8428232073783875e-05
,imappo,,,,1961.0,0.0,0.0,0.0019214117960473232,0.0,0.0,0.0,0.0,0.0019214117960473232,0.0,0.0,0.0,0.0,0.0,,,,,,,
-0.007387966848909855,imappo,1.425958640055569e-08,-0.22394444048404694,0.00041120373457819283,1962.0,,,,,,,,,,,,,,0.23831277092364123,,,,,0.026451904326677322,4.5628665247932076e-05
,imappo,,,,1962.0,0.0,0.0,0.0022814332508005464,0.0,0.0,0.0,0.0,0.0022814332508005464,0.0,0.0,0.0,0.0,0.0,,,,,,,
-0.004117392934858799,imappo,3.338019638476908e-08,-0.31922852993011475,0.0004109036345448483,1963.0,,,,,,,,,,,,,,0.2381793931310437,,,,,0.031129736453294754,3.956750515499152e-05
,imappo,,,,1963.0,0.0,0.0,0.0019783752127295884,0.0,0.0,0.0,0.0,0.0019783752127295884,0.0,0.0,0.0,0.0,0.0,,,,,,,
-0.0035557132214307785,imappo,5.312929118872489e-08,-0.40053802728652954,0.0004106035345115038,1964.0,,,,,,,,,,,,,,0.2380460153384461,,,,,0.03133966028690338,4.5375545596471056e-05
,imappo,,,,1964.0,0.0,0.0,0.0022687772948302154,0.0,0.0,0.0,0.0,0.0022687772948302154,0.0,0.0,0.0,0.0,0.0,,,,,,,
-0.016559770330786705,imappo,1.4251286373223593e-08,-0.388443261384964,0.0004103034344781595,1965.0,,,,,,,,,,,,,,0.23791263754584863,,,,,0.03212203085422516,3.8913280150154606e-05
,imappo,,,,1965.0,0.0,0.0,0.0019456640561656968,0.0,0.0,0.0,0.0,0.0019456640561656968,0.0,0.0,0.0,0.0,0.0,,,,,,,
-0.006416407413780689,imappo,1.575084063176746e-08,-0.39952966570854187,0.000410003334444815,1966.0,,,,,,,,,,,,,,0.2377792597532511,,,,,0.028197040781378746,3.693253893288784e-05
,imappo,,,,1966.0,0.0,0.0,0.0018466269522718903,0.0,0.0,0.0,0.0,0.0018466269522718903,0.0,0.0,0.0,0.0,0.0,,,,,,,
-0.008799212984740734,imappo,3.850756158385593e-08,-0.18226663768291473,0.00040970323441147057,1967.0,,,,,,,,,,,,,,0.23764588196065356,,,,,0.029354143887758255,3.922621544916183e-05
,imappo,,,,1967.0,0.0,0.0,0.0019613106499036803,0.0,0.0,0.0,0.0,0.0019613106499036803,0.0,0.0,0.0,0.0,0.0,,,,,,,
-0.003075261600315571,imappo,3.714755791861535e-08,-0.012923593632876873,0.00040940313437812605,1968.0,,,,,,,,,,,,,,0.23751250416805597,,,,,0.024360530078411102,3.9792390452930704e-05
,imappo,,,,1968.0,0.0,0.0,0.0019896195440196607,0.0,0.0,0.0,0.0,0.0019896195440196607,0.0,0.0,0.0,0.0,0.0,,,,,,,
-0.0073510706424713135,imappo,2.1372727587731788e-08,-0.661740243434906,0.00040910303434478165,1969.0,,,,,,,,,,,,,,0.2373791263754585,,,,,0.027051687240600586,5.090177364763804e-05
,imappo,,,,1969.0,0.0,0.0,0.002545088697843312,0.0,0.0,0.0,0.0,0.002545088697843312,0.0,0.0,0.0,0.0,0.0,,,,,,,
-0.01116549875587225,imappo,2.0854438176343137e-08,-0.20900557935237885,0.00040880293431143724,1970.0,,,,,,,,,,,,,,0.23724574858286096,,,,,0.02789829857647419,3.6663033824879676e-05
,imappo,,,,1970.0,0.0,0.0,0.001833151737685057,0.0,0.0,0.0,0.0,0.001833151737685057,0.0,0.0,0.0,0.0,0.0,,,,,,,
0.0015515153063461185,imappo,3.017036931396433e-08,-0.35137856006622314,0.0004085028342780927,1971.0,,,,,,,,,,,,,,0.23711237079026343,,,,,0.029145749285817146,3.467439455562271e-05
,imappo,,,,1971.0,0.0,0.0,0.0017337196975404368,0.0,0.0,0.0,0.0,0.0017337196975404368,0.0,0.0,0.0,0.0,0.0,,,,,,,
-0.0022517754696309566,imappo,3.4730440745534e-08,-0.13398276269435883,0.0004082027342447482,1972.0,,,,,,,,,,,,,,0.23697899299766584,,,,,0.021932091563940048,3.45111548085697e-05
,imappo,,,,1972.0,0.0,0.0,0.0017255576929073868,0.0,0.0,0.0,0.0,0.0017255576929073868,0.0,0.0,0.0,0.0,0.0,,,,,,,
0.008822046220302582,imappo,6.967574961436185e-08,-0.8615975975990295,0.0004079026342114039,1973.0,,,,,,,,,,,,,,0.23684561520506836,,,,,0.02334195002913475,5.525159212993458e-05
,imappo,,,,1973.0,0.0,0.0,0.002762579646514496,0.0,0.0,0.0,0.0,0.002762579646514496,0.0,0.0,0.0,0.0,0.0,,,,,,,
-0.01295213121920824,imappo,5.674120018284157e-08,-0.6023523211479187,0.0004076025341780594,1974.0,,,,,,,,,,,,,,0.23671223741247083,,,,,0.03045530617237091,3.6530291254166514e-05
,imappo,,,,1974.0,0.0,0.0,0.0018265145827172091,0.0,0.0,0.0,0.0,0.0018265145827172091,0.0,0.0,0.0,0.0,0.0,,,,,,,
-0.0022735209204256535,imappo,1.0467799960167667e-08,-0.7437673211097717,0.00040730243414471487,1975.0,,,,,,,,,,,,,,0.2365788596198733,,,,,0.03338626027107239,4.1532042814651504e-05
,imappo,,,,1975.0,0.0,0.0,0.002076602123338489,0.0,0.0,0.0,0.0,0.002076602123338489,0.0,0.0,0.0,0.0,0.0,,,,,,,
-0.011922255158424377,imappo,1.4409770265899624e-08,-0.45276153087615967,0.00040700233411137046,1976.0,,,,,,,,,,,,,,0.2364454818272757,,,,,0.031180622056126595,4.4501932279672474e-05
,imappo,,,,1976.0,0.0,0.0,0.0022250965685088886,0.0,0.0,0.0,0.0,0.0022250965685088886,0.0,0.0,0.0,0.0,0.0,,,,,,,
-0.0061798784881830215,imappo,6.227175930462181e-08,-0.9958641529083252,0.00040670223407802606,1977.0,,,,,,,,,,,,,,0.23631210403467823,,,,,0.02861786261200905,5.743385190726258e-05
,imappo,,,,1977.0,0.0,0.0,0.0028716927225787003,0.0,0.0,0.0,0.0,0.0028716927225787003,0.0,0.0,0.0,0.0,0.0,,,,,,,
-0.0033484885934740305,imappo,4.262261299459169e-08,-0.4241340756416321,0.00040640213404468165,1978.0,,,,,,,,,,,,,,0.2361787262420807,,,,,0.02720501273870468,4.215273656882346e-05
,imappo,,,,1978.0,0.0,0.0,0.0021076369554293706,0.0,0.0,0.0,0.0,0.0021076369554293706,0.0,0.0,0.0,0.0,0.0,,,,,,,
-0.0010165177518501878,imappo,3.4447239727342094e-08,-0.6848617792129517,0.00040610203401133713,1979.0,,,,,,,,,,,,,,0.23604534844948316,,,,,0.02793089672923088,3.683819522848353e-05
,imappo,,,,1979.0,0.0,0.0,0.0018419098735193984,0.0,0.0,0.0,0.0,0.0018419098735193984,0.0,0.0,0.0,0.0,0.0,,,,,,,
0.0016284299781545997,imappo,1.3327908554572332e-08,-0.5968056321144104,0.0004058019339779927,1980.0,,,,,,,,,,,,,,0.23591197065688563,,,,,0.02963593602180481,3.7854417314520106e-05
,imappo,,,,1980.0,0.0,0.0,0.0018927208779189186,0.0,0.0,0.0,0.0,0.0018927208779189186,0.0,0.0,0.0,0.0,0.0,,,,,,,
-0.0019950682763010263,imappo,6.328998658489127e-09,-0.7537854313850403,0.0004055018339446483,1981.0,,,,,,,,,,,,,,0.2357785928642881,,,,,0.029485587030649185,3.2903415558394045e-05
,imappo,,,,1981.0,0.0,0.0,0.0016451707442683983,0.0,0.0,0.0,0.0,0.0016451707442683983,0.0,0.0,0.0,0.0,0.0,,,,,,,
-0.0025310562923550606,imappo,2.139996624350715e-08,-0.47836920619010925,0.0004052017339113038,1982.0,,,,,,,,,,,,,,0.23564521507169056,,,,,0.03356602042913437,3.748071685549803e-05
,imappo,,,,1982.0,0.0,0.0,0.0018740360270328438,0.0,0.0,0.0,0.0,0.0018740360270328438,0.0,0.0,0.0,0.0,0.0,,,,,,,
-0.0063492232002317905,imappo,2.886520711342655e-08,-0.7345471382141113,0.0004049016338779593,1983.0,,,,,,,,,,,,,,0.23551183727909303,,,,,0.028783176094293594,4.269957935321145e-05
,imappo,,,,1983.0,0.0,0.0,0.002134979155016481,0.0,0.0,0.0,0.0,0.002134979155016481,0.0,0.0,0.0,0.0,0.0,,,,,,,
0.0013303769519552588,imappo,3.263161474365006e-08,-0.961383581161499,0.000404601533844615,1984.0,,,,,,,,,,,,,,0.2353784594864955,,,,,0.020407922565937042,5.383262760005891e-05
,imappo,,,,1984.0,0.0,0.0,0.0026916312181128887,0.0,0.0,0.0,0.0,0.0026916312181128887,0.0,0.0,0.0,0.0,0.0,,,,,,,
-0.008459559641778469,imappo,2.8177005617635587e-08,-0.6875506639480591,0.00040430143381127047,1985.0,,,,,,,,,,,,,,0.23524508169389796,,,,,0.029821882024407387,3.5079188819509e-05
,imappo,,,,1985.0,0.0,0.0,0.0017539594673507963,0.0,0.0,0.0,0.0,0.0017539594673507963,0.0,0.0,0.0,0.0,0.0,,,,,,,
-0.0021145418286323547,imappo,1.5114657969661494e-08,-0.43161436915397644,0.00040400133377792595,1986.0,,,,,,,,,,,,,,0.23511170390130043,,,,,0.024417702108621597,3.5390068660490215e-05
,imappo,,,,1986.0,0.0,0.0,0.001769503399643213,0.0,0.0,0.0,0.0,0.001769503399643213,0.0,0.0,0.0,0.0,0.0,,,,,,,
-0.001067134435288608,imappo,1.405821326017076e-08,-0.979828417301178,0.00040370123374458154,1987.0,,,,,,,,,,,,,,0.2349783261087029,,,,,0.02737332135438919,4.4614149373956025e-05
,imappo,,,,1987.0,0.0,0.0,0.002230707503940721,0.0,0.0,0.0,0.0,0.002230707503940721,0.0,0.0,0.0,0.0,0.0,,,,,,,
0.0204620324075222,imappo,2.7303322269744967e-08,-0.7583035230636597,0.00040340113371123713,1988.0,,,,,,,,,,,,,,0.23484494831610536,,,,,0.03307858482003212,2.8517564715002663e-05
,imappo,,,,1988.0,0.0,0.0,0.0014258783152172327,0.0,0.0,0.0,0.0,0.0014258783152172327,0.0,0.0,0.0,0.0,0.0,,,,,,,
-0.006620671134442091,imappo,1.330572896307558e-08,-0.6552317142486572,0.0004031010336778927,1989.0,,,,,,,,,,,,,,0.23471157052350783,,,,,0.02869480475783348,3.261577876401134e-05
,imappo,,,,1989.0,0.0,0.0,0.001630788870897959,0.0,0.0,0.0,0.0,0.001630788870897959,0.0,0.0,0.0,0.0,0.0,,,,,,,
-0.00851864367723465,imappo,3.692265693189256e-08,-0.4100542366504669,0.0004028009336445482,1990.0,,,,,,,,,,,,,,0.2345781927309103,,,,,0.023890146985650063,3.379250119905919e-05
,imappo,,,,1990.0,0.0,0.0,0.0016896249392175378,0.0,0.0,0.0,0.0,0.0016896249392175378,0.0,0.0,0.0,0.0,0.0,,,,,,,
-0.004145768471062183,imappo,6.245747385946743e-08,-0.7906357645988464,0.0004025008336112037,1991.0,,,,,,,,,,,,,,0.23444481493831276,,,,,0.03183283656835556,3.3127613278338686e-05
,imappo,,,,1991.0,0.0,0.0,0.0016563805713758484,0.0,0.0,0.0,0.0,0.0016563805713758484,0.0,0.0,0.0,0.0,0.0,,,,,,,
-0.0006445418111979961,imappo,1.9529229788872726e-08,-0.4065510928630829,0.0004022007335778594,1992.0,,,,,,,,,,,,,,0.23431143714571523,,,,,0.0279390811920166,3.559811375453137e-05
,imappo,,,,1992.0,0.0,0.0,0.0017799058337857332,0.0,0.0,0.0,0.0,0.0017799058337857332,0.0,0.0,0.0,0.0,0.0,,,,,,,
0.0005703407223336399,imappo,1.06984874292948e-08,-0.7234623432159424,0.0004019006335445149,1993.0,,,,,,,,,,,,,,0.2341780593531177,,,,,0.029184672981500626,3.23456188198179e-05
,imappo,,,,1993.0,0.0,0.0,0.0016172810514945013,0.0,0.0,0.0,0.0,0.0016172810514945013,0.0,0.0,0.0,0.0,0.0,,,,,,,
-0.00645054318010807,imappo,7.334157725580326e-09,-0.7028222680091858,0.00040160053351117036,1994.0,,,,,,,,,,,,,,0.23404468156052016,,,,,0.028778620064258575,3.439476131461561e-05
,imappo,,,,1994.0,0.0,0.0,0.0017197381347955343,0.0,0.0,0.0,0.0,0.0017197381347955343,0.0,0.0,0.0,0.0,0.0,,,,,,,
1.0920804925262928e-05,imappo,4.926226182533355e-08,-0.9176215529441833,0.00040130043347782606,1995.0,,,,,,,,,,,,,,0.23391130376792263,,,,,0.022425249218940735,4.9193607992492616e-05
,imappo,,,,1995.0,0.0,0.0,0.002459680326751368,0.0,0.0,0.0,0.0,0.002459680326751368,0.0,0.0,0.0,0.0,0.0,,,,,,,
-0.006298082415014505,imappo,3.16671240341293e-08,-0.42699337005615234,0.00040100033344448154,1996.0,,,,,,,,,,,,,,0.2337779259753251,,,,,0.033792294561862946,3.2076506613520905e-05
,imappo,,,,1996.0,0.0,0.0,0.001603825446608198,0.0,0.0,0.0,0.0,0.001603825446608198,0.0,0.0,0.0,0.0,0.0,,,,,,,
-0.004446048755198717,imappo,6.479417002935861e-09,-0.47386205196380615,0.000400700233411137,1997.0,,,,,,,,,,,,,,0.23364454818272756,,,,,0.03517944738268852,2.7996622520731762e-05
,imappo,,,,1997.0,0.0,0.0,0.0013998312187624151,0.0,0.0,0.0,0.0,0.0013998312187624151,0.0,0.0,0.0,0.0,0.0,,,,,,,
-0.005918258801102638,imappo,2.6251084861428353e-08,-0.252280592918396,0.0004004001333777926,1998.0,,,,,,,,,,,,,,0.23351117039013003,,,,,0.02781890705227852,3.472042590146884e-05
,imappo,,,,1998.0,0.0,0.0,0.001736021221915962,0.0,0.0,0.0,0.0,0.001736021221915962,0.0,0.0,0.0,0.0,0.0,,,,,,,
-0.009130106307566166,imappo,3.637380174836835e-08,-0.6016334891319275,0.0004001000333444482,1999.0,,,,,,,,,,,,,,0.2333777925975325,,,,,0.031902678310871124,3.6988320061936975e-05
,imappo,,,,1999.0,0.0,0.0,0.0018494160586897124,0.0,0.0,0.0,0.0,0.0018494160586897124,0.0,0.0,0.0,0.0,0.0,,,,,,,
,imappo,,,,1999.0,,,,,,,,,,,,,,,0.0,0.0,0.0,0.0,,
-0.0024704569950699806,imappo,2.5305901374395035e-08,-0.4795198440551758,0.0003997999333111038,2000.0,,,,,,,,,,,,,,0.23324441480493496,,,,,0.02843298390507698,3.538155579008162e-05
,imappo,,,,2000.0,0.0,0.0,0.0017690779500298959,0.0,0.0,0.0,0.0,0.0017690779500298959,0.0,0.0,0.0,0.0,0.0,,,,,,,
-0.006270093377679586,imappo,1.2337427079955887e-08,-0.4087650179862976,0.0003994998332777593,2001.0,,,,,,,,,,,,,,0.23311103701233743,,,,,0.027645379304885864,3.523446139297448e-05
,imappo,,,,2001.0,0.0,0.0,0.0017617230296309572,0.0,0.0,0.0,0.0,0.0017617230296309572,0.0,0.0,0.0,0.0,0.0,,,,,,,
-0.0037587301339954138,imappo,0.004502837546169758,-0.24998730421066284,0.00039919973324441477,2002.0,,,,,,,,,,,,,,0.2329776592197399,,,,,0.02423393353819847,0.006687993183732033
,imappo,,,,2002.0,0.0,0.0,0.33439967720771335,0.0,0.0,0.0,0.3333333432674408,0.0010663326597040168,0.0,0.0,0.0,0.0,0.0,,,,,,,
-0.0008887351723387837,imappo,0.0004439878393895924,-0.246446430683136,0.00039889963321107047,2003.0,,,,,,,,,,,,,,0.23284428142714236,,,,,0.019519785419106483,4.343116961535998e-05
,imappo,,,,2003.0,0.0,0.0,0.0021715584466619475,0.0,0.0,0.0,0.0,0.0021715584466619475,0.0,0.0,0.0,0.0,0.0,,,,,,,
-0.0007729683420620859,imappo,8.652315591461957e-05,-0.589516818523407,0.00039859953317772595,2004.0,,,,,,,,,,,,,,0.23271090363454483,,,,,0.031257882714271545,4.905103560304269e-05
,imappo,,,,2004.0,0.0,0.0,0.0024525518329596707,0.0,0.0,0.0,0.0,0.0024525518329596707,0.0,0.0,0.0,0.0,0.0,,,,,,,
-0.009479323402047157,imappo,3.878531788359396e-05,-0.737274706363678,0.00039829943314438144,2005.0,,,,,,,,,,,,,,0.2325775258419473,,,,,0.0286782905459404,8.456418436253443e-05
,imappo,,,,2005.0,0.0,0.0,0.004228209227221669,0.0,0.0,0.0,0.0,0.004228209227221669,0.0,0.0,0.0,0.0,0.0,,,,,,,
-0.0014773465227335691,imappo,2.8697882953565568e-05,-0.3760945498943329,0.000397999333111037,2006.0,,,,,,,,,,,,,,0.23244414804934976,,,,,0.032444603741168976,7.066997932270169e-05
,imappo,,,,2006.0,0.0,0.0,0.00353349837598671,0.0,0.0,0.0,0.0,0.00353349837598671,0.0,0.0,0.0,0.0,0.0,,,,,,,
-0.007850523106753826,imappo,1.814524148358032e-05,-0.16678528487682343,0.0003976992330776926,2007.0,,,,,,,,,,,,,,0.23231077025675223,,,,,0.030243225395679474,4.1709408833412454e-05
,imappo,,,,2007.0,0.0,0.0,0.002085470305075887,0.0,0.0,0.0,0.0,0.002085470305075887,0.0,0.0,0.0,0.0,0.0,,,,,,,
-0.007256975397467613,imappo,7.70687165640993e-06,-0.2373397797346115,0.0003973991330443481,2008.0,,,,,,,,,,,,,,0.2321773924641547,,,,,0.025195568799972534,3.781295527005568e-05
,imappo,,,,2008.0,0.0,0.0,0.001890647561026526,0.0,0.0,0.0,0.0,0.001890647561026526,0.0,0.0,0.0,0.0,0.0,,,,,,,
-0.011530720628798008,imappo,3.7973286453052424e-06,-0.37305495142936707,0.0003970990330110037,2009.0,,,,,,,,,,,,,,0.23204401467155716,,,,,0.030661456286907196,3.8078240322647616e-05
,imappo,,,,2009.0,0.0,0.0,0.0019039119133594795,0.0,0.0,0.0,0.0,0.0019039119133594795,0.0,0.0,0.0,0.0,0.0,,,,,,,
-0.006437004543840885,imappo,1.3430930266622454e-05,-0.6757771372795105,0.0003967989329776593,2010.0,,,,,,,,,,,,,,0.2319106368789597,,,,,0.032424457371234894,2.9169710614951327e-05
,imappo,,,,2010.0,0.0,0.0,0.001458485453895264,0.0,0.0,0.0,0.0,0.001458485453895264,0.0,0.0,0.0,0.0,0.0,,,,,,,
0.00392092065885663,imappo,1.024341781885596e-05,-0.13852186501026154,0.0003964988329443149,2011.0,,,,,,,,,,,,,,0.2317772590863621,,,,,0.02659655176103115,3.775276127271354e-05
,imappo,,,,2011.0,0.0,0.0,0.0018876379990615533,0.0,0.0,0.0,0.0,0.0018876379990615533,0.0,0.0,0.0,0.0,0.0,,,,,,,
-0.0021789073944091797,imappo,5.719332875742111e-06,-0.34954479336738586,0.00039619873291097036,2012.0,,,,,,,,,,,,,,0.23164388129376456,,,,,0.023026201874017715,3.5091292375000194e-05
,imappo,,,,2012.0,0.0,0.0,0.0017545645105201402,0.0,0.0,0.0,0.0,0.0017545645105201402,0.0,0.0,0.0,0.0,0.0,,,,,,,
0.006726565770804882,imappo,4.021439053758513e-06,-0.6241554021835327,0.00039589863287762584,2013.0,,,,,,,,,,,,,,0.23151050350116703,,,,,0.0279898252338171,3.378600740688853e-05
,imappo,,,,2013.0,0.0,0.0,0.0016893004276425927,0.0,0.0,0.0,0.0,0.0016893004276425927,0.0,0.0,0.0,0.0,0.0,,,,,,,
0.00021545562776736915,imappo,2.6390573566459352e-06,-0.36729201674461365,0.00039559853284428154,2014.0,,,,,,,,,,,,,,0.23137712570856955,,,,,0.03207450360059738,3.533727795002051e-05
,imappo,,,,2014.0,0.0,0.0,0.001766863899206328,0.0,0.0,0.0,0.0,0.001766863899206328,0.0,0.0,0.0,0.0,0.0,,,,,,,
0.00040412848466075957,imappo,2.5376225494255777e-06,-0.303265243768692,0.00039529843281093703,2015.0,,,,,,,,,,,,,,0.23124374791597196,,,,,0.023204419761896133,4.741775046568364e-05
,imappo,,,,2015.0,0.0,0.0,0.0023708874241492595,0.0,0.0,0.0,0.0,0.0023708874241492595,0.0,0.0,0.0,0.0,0.0,,,,,,,
-0.003482881933450699,imappo,2.390830104559427e-06,-0.3788805902004242,0.0003949983327775925,2016.0,,,,,,,,,,,,,,0.23111037012337443,,,,,0.031425848603248596,3.3036048989742994e-05
,imappo,,,,2016.0,0.0,0.0,0.0016518024124252406,0.0,0.0,0.0,0.0,0.0016518024124252406,0.0,0.0,0.0,0.0,0.0,,,,,,,
-0.007953525520861149,imappo,1.951094418473076e-06,-0.3091944754123688,0.0003946982327442481,2017.0,,,,,,,,,,,,,,0.2309769923307769,,,,,0.031925275921821594,3.5624998417915776e-05
,imappo,,,,2017.0,0.0,0.0,0.0017812500857417035,0.0,0.0,0.0,0.0,0.0017812500857417035,0.0,0.0,0.0,0.0,0.0,,,,,,,
-0.008797243237495422,imappo,0.0060194022953510284,-0.38029155135154724,0.0003943981327109037,2018.0,,,,,,,,,,,,,,0.23084361453817942,,,,,0.032578952610492706,0.006681567057967186
,imappo,,,,2018.0,0.0,0.0,0.334078375527497,0.0,0.0,0.0,0.3333333432674408,0.0007450308630723157,0.0,0.0,0.0,0.0,0.0,,,,,,,
-0.006937495432794094,imappo,0.005030385684221983,-0.34006062150001526,0.0003940980326775593,2019.0,,,,,,,,,,,,,,0.23071023674558183,,,,,0.030758902430534363,0.006690028123557568
,imappo,,,,2019.0,0.0,0.0,0.3345014745436856,0.0,0.0,0.0,0.3333333432674408,0.0011681317073453101,0.0,0.0,0.0,0.0,0.0,,,,,,,
0.004321541171520948,imappo,0.0003558447351679206,-0.33832302689552307,0.00039379793264421477,2020.0,,,,,,,,,,,,,,0.2305768589529843,,,,,0.031551651656627655,3.837362237391062e-05
,imappo,,,,2020.0,0.0,0.0,0.0019186809697657736,0.0,0.0,0.0,0.0,0.0019186809697657736,0.0,0.0,0.0,0.0,0.0,,,,,,,
-0.0019063875079154968,imappo,5.8923804317601025e-05,-0.23158401250839233,0.00039349783261087025,2021.0,,,,,,,,,,,,,,0.23044348116038676,,,,,0.03064453788101673,3.525889405864291e-05
,imappo,,,,2021.0,0.0,0.0,0.0017629445198963367,0.0,0.0,0.0,0.0,0.0017629445198963367,0.0,0.0,0.0,0.0,0.0,,,,,,,
-0.004572905134409666,imappo,4.125678970012814e-05,-0.21796421706676483,0.00039319773257752595,2022.0,,,,,,,,,,,,,,0.2303101033677893,,,,,0.029411036521196365,3.2643452868796885e-05
,imappo,,,,2022.0,0.0,0.0,0.0016321726338901499,0.0,0.0,0.0,0.0,0.0016321726338901499,0.0,0.0,0.0,0.0,0.0,,,,,,,
-0.0029698775615543127,imappo,1.0486604878678918e-05,-0.024667493999004364,0.00039289763254418144,2023.0,,,,,,,,,,,,,,0.2301767255751917,,,,,0.024276308715343475,3.9833132177591324e-05
,imappo,,,,2023.0,0.0,0.0,0.001991656677091669,0.0,0.0,0.0,0.0,0.001991656677091669,0.0,0.0,0.0,0.0,0.0,,,,,,,
-0.008835009299218655,imappo,3.954596832045354e-05,0.1841895580291748,0.0003925975325108369,2024.0,,,,,,,,,,,,,,0.23004334778259417,,,,,0.028785593807697296,4.567568248603493e-05
,imappo,,,,2024.0,0.0,0.0,0.0022837842395802,0.0,0.0,0.0,0.0,0.0022837842395802,0.0,0.0,0.0,0.0,0.0,,,,,,,
0.001269023516215384,imappo,3.369664409547113e-05,-0.1834738850593567,0.0003922974324774926,2025.0,,,,,,,,,,,,,,0.2299099699899967,,,,,0.028414160013198853,3.5145942092640325e-05
,imappo,,,,2025.0,0.0,0.0,0.001757297012318304,0.0,0.0,0.0,0.0,0.001757297012318304,0.0,0.0,0.0,0.0,0.0,,,,,,,
0.002275447128340602,imappo,5.497886013472453e-05,-0.610135018825531,0.0003919973324441481,2026.0,,,,,,,,,,,,,,0.22977659219739915,,,,,0.024647675454616547,5.836689524585381e-05
,imappo,,,,2026.0,0.0,0.0,0.002918344769966552,0.0,0.0,0.0,0.0,0.002918344769966552,0.0,0.0,0.0,0.0,0.0,,,,,,,
-0.0067050340585410595,imappo,7.351506610575598e-06,-0.20838531851768494,0.0003916972324108036,2027.0,,,,,,,,,,,,,,0.22964321440480157,,,,,0.03441765159368515,3.4483091440051794e-05
,imappo,,,,2027.0,0.0,0.0,0.001724154482872109,0.0,0.0,0.0,0.0,0.001724154482872109,0.0,0.0,0.0,0.0,0.0,,,,,,,
-0.0053551229648292065,imappo,1.8436192476656288e-05,-0.25920379161834717,0.0003913971323774592,2028.0,,,,,,,,,,,,,,0.22950983661220403,,,,,0.027026042342185974,3.0206199880922213e-05
,imappo,,,,2028.0,0.0,0.0,0.00151030994386403,0.0,0.0,0.0,0.0,0.00151030994386403,0.0,0.0,0.0,0.0,0.0,,,,,,,
0.031924858689308167,imappo,3.071677565458231e-05,-0.5862084031105042,0.00039109703234411477,2029.0,,,,,,,,,,,,,,0.22937645881960655,,,,,0.020551569759845734,5.917810995015316e-05
,imappo,,,,2029.0,0.0,0.0,0.0029589054556709016,0.0,0.0,0.0,0.0,0.0029589054556709016,0.0,0.0,0.0,0.0,0.0,,,,,,,
-0.00031967228278517723,imappo,3.318327571832924e-06,-0.20736151933670044,0.00039079693231077036,2030.0,,,,,,,,,,,,,,0.22924308102700902,,,,,0.028886927291750908,2.97021797450725e-05
,imappo,,,,2030.0,0.0,0.0,0.0014851089745206991,0.0,0.0,0.0,0.0,0.0014851089745206991,0.0,0.0,0.0,0.0,0.0,,,,,,,
-0.009132888168096542,imappo,6.377743375196587e-06,-0.20073024928569794,0.00039049683227742585,2031.0,,,,,,,,,,,,,,0.22910970323441143,,,,,0.02842356264591217,2.732493703661021e-05
,imappo,,,,2031.0,0.0,0.0,0.0013662468006998552,0.0,0.0,0.0,0.0,0.0013662468006998552,0.0,0.0,0.0,0.0,0.0,,,,,,,
-0.01088048703968525,imappo,1.5310030221371562e-06,-0.08761689811944962,0.00039019673224408133,2032.0,,,,,,,,,,,,,,0.2289763254418139,,,,,0.03105819970369339,3.086755168624222e-05
,imappo,,,,2032.0,0.0,0.0,0.0015433774630935204,0.0,0.0,0.0,0.0,0.0015433774630935204,0.0,0.0,0.0,0.0,0.0,,,,,,,
0.0009049944928847253,imappo,3.321013082313584e-06,-0.2065141797065735,0.00038989663221073703,2033.0,,,,,,,,,,,,,,0.22884294764921642,,,,,0.030946826562285423,3.291337634436786e-05
,imappo,,,,2033.0,0.0,0.0,0.00164566873104377,0.0,0.0,0.0,0.0,0.00164566873104377,0.0,0.0,0.0,0.0,0.0,,,,,,,
0.010816685855388641,imappo,5.3775625019625295e-06,-0.7307057976722717,0.0003895965321773925,2034.0,,,,,,,,,,,,,,0.2287095698566189,,,,,0.02665466070175171,4.435732989804819e-05
,imappo,,,,2034.0,0.0,0.0,0.0022178666295076255,0.0,0.0,0.0,0.0,0.0022178666295076255,0.0,0.0,0.0,0.0,0.0,,,,,,,
-0.006704527884721756,imappo,8.141042826537159e-07,-0.27408328652381897,0.000389296432144048,2035.0,,,,,,,,,,,,,,0.2285761920640213,,,,,0.03275356441736221,3.616376852733083e-05
,imappo,,,,2035.0,0.0,0.0,0.0018081882707896568,0.0,0.0,0.0,0.0,0.0018081882707896568,0.0,0.0,0.0,0.0,0.0,,,,,,,
-0.00016170143499039114,imappo,1.0877579370571766e-06,-0.738194465637207,0.0003889963321107036,2036.0,,,,,,,,,,,,,,0.22844281427142377,,,,,0.024412434548139572,4.704331877292134e-05
,imappo,,,,2036.0,0.0,0.0,0.0023521661987615516,0.0,0.0,0.0,0.0,0.0023521661987615516,0.0,0.0,0.0,0.0,0.0,,,,,,,
-0.0016924270894378424,imappo,3.063180429307977e-07,-0.5335094928741455,0.0003886962320773592,2037.0,,,,,,,,,,,,,,0.2283094364788263,,,,,0.029095742851495743,3.998517422587611e-05
,imappo,,,,2037.0,0.0,0.0,0.001999258724026731,0.0,0.0,0.0,0.0,0.001999258724026731,0.0,0.0,0.0,0.0,0.0,,,,,,,
-0.0030448525212705135,imappo,6.454862955251883e-07,-0.2541719377040863,0.00038839613204401467,2038.0,,,,,,,,,,,,,,0.22817605868622876,,,,,0.028881222009658813,3.332907726871781e-05
,imappo,,,,2038.0,0.0,0.0,0.001666453779080257,0.0,0.0,0.0,0.0,0.001666453779080257,0.0,0.0,0.0,0.0,0.0,,,,,,,
-8.020807581488043e-05,imappo,3.7706817579419294e-07,-0.30700647830963135,0.00038809603201067026,2039.0,,,,,,,,,,,,,,0.22804268089363117,,,,,0.03216750919818878,3.649941209005192e-05
,imappo,,,,2039.0,0.0,0.0,0.001824970594611841,0.0,0.0,0.0,0.0,0.001824970594611841,0.0,0.0,0.0,0.0,0.0,,,,,,,
-0.0031340434215962887,imappo,6.342057758956798e-07,-0.25080496072769165,0.00038779593197732585,2040.0,,,,,,,,,,,,,,0.2279093031010337,,,,,0.028970088809728622,3.453075987636112e-05
,imappo,,,,2040.0,0.0,0.0,0.0017265380768094474,0.0,0.0,0.0,0.0,0.0017265380768094474,0.0,0.0,0.0,0.0,0.0,,,,,,,
-0.0010987342102453113,imappo,1.6374407607600006e-07,-0.14027664065361023,0.00038749583194398144,2041.0,,,,,,,,,,,,,,0.22777592530843616,,,,,0.02931114286184311,4.323058237787336e-05
,imappo,,,,2041.0,0.0,0.0,0.002161529107468141,0.0,0.0,0.0,0.0,0.002161529107468141,0.0,0.0,0.0,0.0,0.0,,,,,,,
-0.00530653353780508,imappo,0.0018704186659306288,-0.39358627796173096,0.0003871957319106369,2042.0,,,,,,,,,,,,,,0.22764254751583862,,,,,0.0308831799775362,0.00669997138902545
,imappo,,,,2042.0,0.0,0.0,0.3349985381165652,0.0,0.0,0.0,0.3333333432674408,0.0016651858851446377,0.0,0.0,0.0,0.0,0.0,,,,,,,
-0.006018569692969322,imappo,0.00029100896790623665,-0.5001400113105774,0.0003868956318772924,2043.0,,,,,,,,,,,,,,0.22750916972324103,,,,,0.03154492378234863,3.789370384765789e-05
,imappo,,,,2043.0,0.0,0.0,0.0018946851762393635,0.0,0.0,0.0,0.0,0.0018946851762393635,0.0,0.0,0.0,0.0,0.0,,,,,,,
-0.009643814526498318,imappo,4.838649329030886e-05,-0.284319669008255,0.0003865955318439481,2044.0,,,,,,,,,,,,,,0.22737579193064356,,,,,0.031629711389541626,3.668470526463352e-05
,imappo,,,,2044.0,0.0,0.0,0.0018342353614571039,0.0,0.0,0.0,0.0,0.0018342353614571039,0.0,0.0,0.0,0.0,0.0,,,,,,,
-0.01068937685340643,imappo,6.911653326824307e-05,-0.38171255588531494,0.0003862954318106036,2045.0,,,,,,,,,,,,,,0.22724241413804602,,,,,0.029014166444540024,3.436554106883705e-05
,imappo,,,,2045.0,0.0,0.0,0.0017182770027943661,0.0,0.0,0.0,0.0,0.0017182770027943661,0.0,0.0,0.0,0.0,0.0,,,,,,,
-0.003427626099437475,imappo,1.0993535397574306e-05,-0.5181038975715637,0.0003859953317772591,2046.0,,,,,,,,,,,,,,0.2271090363454485,,,,,0.0321994349360466,3.804330117418431e-05
,imappo,,,,2046.0,0.0,0.0,0.001902165071953732,0.0,0.0,0.0,0.0,0.001902165071953732,0.0,0.0,0.0,0.0,0.0,,,,,,,
-0.00347689725458622,imappo,3.7307738239178434e-05,-0.40385323762893677,0.00038569523174391467,2047.0,,,,,,,,,,,,,,0.2269756585528509,,,,,0.02930038422346115,3.29110880556982e-05
,imappo,,,,2047.0,0.0,0.0,0.0016455542848774485,0.0,0.0,0.0,0.0,0.0016455542848774485,0.0,0.0,0.0,0.0,0.0,,,,,,,
-0.0009373671491630375,imappo,2.9189775887061842e-05,-0.42616716027259827,0.00038539513171057026,2048.0,,,,,,,,,,,,,,0.22684228076025342,,,,,0.02819824405014515,3.2359184842789546e-05
,imappo,,,,2048.0,0.0,0.0,0.0016179592295628709,0.0,0.0,0.0,0.0,0.0016179592295628709,0.0,0.0,0.0,0.0,0.0,,,,,,,
0.007089770864695311,imappo,2.704719554458279e-05,-0.4544248580932617,0.00038509503167722574,2049.0,,,,,,,,,,,,,,0.2267089029676559,,,,,0.027771899476647377,3.399824709049426e-05
,imappo,,,,2049.0,0.0,0.0,0.0016999123103573766,0.0,0.0,0.0,0.0,0.0016999123103573766,0.0,0.0,0.0,0.0,0.0,,,,,,,
-0.0034397151321172714,imappo,4.99110683449544e-06,-0.3049391508102417,0.00038479493164388133,2050.0,,,,,,,,,,,,,,0.22657552517505836,,,,,0.025756988674402237,3.332822961965576e-05
,imappo,,,,2050.0,0.0,0.0,0.0016664116267932627,0.0,0.0,0.0,0.0,0.0016664116267932627,0.0,0.0,0.0,0.0,0.0,,,,,,,
-0.012460866011679173,imappo,6.199979907250963e-06,-0.2834815979003906,0.0003844948316105368,2051.0,,,,,,,,,,,,,,0.22644214738246077,,,,,0.0279742069542408,3.873207970173098e-05
,imappo,,,,2051.0,0.0,0.0,0.0019366040748423075,0.0,0.0,0.0,0.0,0.0019366040748423075,0.0,0.0,0.0,0.0,0.0,,,,,,,
-0.004840767476707697,imappo,3.955115516873775e-06,-0.41171056032180786,0.0003841947315771925,2052.0,,,,,,,,,,,,,,0.2263087695898633,,,,,0.03067370317876339,3.6886820453219116e-05
,imappo,,,,2052.0,0.0,0.0,0.0018443412104716117,0.0,0.0,0.0,0.0,0.0018443412104716117,0.0,0.0,0.0,0.0,0.0,,,,,,,
-0.0029299352318048477,imappo,1.356510324512783e-06,-0.4161425828933716,0.000383894631543848,2053.0,,,,,,,,,,,,,,0.22617539179726576,,,,,0.030269701033830643,3.855613977066241e-05
,imappo,,,,2053.0,0.0,0.0,0.001927806966676826,0.0,0.0,0.0,0.0,0.001927806966676826,0.0,0.0,0.0,0.0,0.0,,,,,,,
-0.004266308154910803,imappo,9.217505976266693e-06,-0.16907905042171478,0.0003835945315105035,2054.0,,,,,,,,,,,,,,0.22604201400466822,,,,,0.024260669946670532,4.284992246539332e-05
,imappo,,,,2054.0,0.0,0.0,0.0021424961482665594,0.0,0.0,0.0,0.0,0.0021424961482665594,0.0,0.0,0.0,0.0,0.0,,,,,,,
-0.010578562505543232,imappo,1.381200263494975e-06,-0.4203127920627594,0.0003832944314771591,2055.0,,,,,,,,,,,,,,0.22590863621207063,,,,,0.02787308767437935,3.3947206247830763e-05
,imappo,,,,2055.0,0.0,0.0,0.0016973602952248257,0.0,0.0,0.0,0.0,0.0016973602952248257,0.0,0.0,0.0,0.0,0.0,,,,,,,
-0.008815350010991096,imappo,1.5264654393831734e-06,-0.532334566116333,0.00038299433144381467,2056.0,,,,,,,,,,,,,,0.22577525841947316,,,,,0.03200996667146683,3.920180824934505e-05
,imappo,,,,2056.0,0.0,0.0,0.001960090471186504,0.0,0.0,0.0,0.0,0.001960090471186504,0.0,0.0,0.0,0.0,0.0,,,,,,,
-0.002629488008096814,imappo,9.975775583370705e-07,-0.49765706062316895,0.00038269423141047015,2057.0,,,,,,,,,,,,,,0.22564188062687562,,,,,0.031592365354299545,3.899599323631264e-05
,imappo,,,,2057.0,0.0,0.0,0.0019497996111113025,0.0,0.0,0.0,0.0,0.0019497996111113025,0.0,0.0,0.0,0.0,0.0,,,,,,,
0.021329613402485847,imappo,1.3660792319569737e-05,-0.7935485243797302,0.00038239413137712574,2058.0,,,,,,,,,,,,,,0.2255085028342781,,,,,0.02175658941268921,5.293064168654382e-05
,imappo,,,,2058.0,0.0,0.0,0.0026465318078408018,0.0,0.0,0.0,0.0,0.0026465318078408018,0.0,0.0,0.0,0.0,0.0,,,,,,,
-0.011264191940426826,imappo,1.194419019157067e-05,-0.21060791611671448,0.00038209403134378133,2059.0,,,,,,,,,,,,,,0.22537512504168056,,,,,0.025859832763671875,5.5349843023577705e-05
,imappo,,,,2059.0,0.0,0.0,0.002767492115708592,0.0,0.0,0.0,0.0,0.002767492115708592,0.0,0.0,0.0,0.0,0.0,,,,,,,
-0.0011082093697041273,imappo,1.855892946878157e-06,-0.08343721181154251,0.0003817939313104368,2060.0,,,,,,,,,,,,,,0.22524174724908302,,,,,0.021604418754577637,4.32565611845348e-05
,imappo,,,,2060.0,0.0,0.0,0.0021628283175232355,0.0,0.0,0.0,0.0,0.0021628283175232355,0.0,0.0,0.0,0.0,0.0,,,,,,,
-0.006242821458727121,imappo,2.649572024893132e-06,-0.5788267850875854,0.0003814938312770924,2061.0,,,,,,,,,,,,,,0.2251083694564855,,,,,0.02943459525704384,4.225054362905212e-05
,imappo,,,,2061.0,0.0,0.0,0.0021125271500750387,0.0,0.0,0.0,0.0,0.0021125271500750387,0.0,0.0,0.0,0.0,0.0,,,,,,,
-0.0073267449624836445,imappo,8.861742344379309e-07,-0.4397856593132019,0.0003811937312437479,2062.0,,,,,,,,,,,,,,0.22497499166388796,,,,,0.026690278202295303,3.2466952688992023e-05
,imappo,,,,2062.0,0.0,0.0,0.0016233476606544173,0.0,0.0,0.0,0.0,0.0016233476606544173,0.0,0.0,0.0,0.0,0.0,,,,,,,
-0.013469952158629894,imappo,1.5799910215719137e-06,-0.19993087649345398,0.0003808936312104036,2063.0,,,,,,,,,,,,,,0.22484161387129042,,,,,0.027130743488669395,5.2561434131348506e-05
,imappo,,,,2063.0,0.0,0.0,0.002628071345405658,0.0,0.0,0.0,0.0,0.002628071345405658,0.0,0.0,0.0,0.0,0.0,,,,,,,
-0.005983331240713596,imappo,7.618249924234988e-07,-0.520735502243042,0.0003805935311770591,2064.0,,,,,,,,,,,,,,0.2247082360786929,,,,,0.029856406152248383,3.91235007555224e-05
,imappo,,,,2064.0,0.0,0.0,0.0019561751978471875,0.0,0.0,0.0,0.0,0.0019561751978471875,0.0,0.0,0.0,0.0,0.0,,,,,,,
0.003937044646590948,imappo,3.3783729236347426e-07,-0.5351138114929199,0.00038029343114371456,2065.0,,,,,,,,,,,,,,0.22457485828609536,,,,,0.028343692421913147,4.2227631638525054e-05
,imappo,,,,2065.0,0.0,0.0,0.0021113816038393907,0.0,0.0,0.0,0.0,0.0021113816038393907,0.0,0.0,0.0,0.0,0.0,,,,,,,
-0.01111831609159708,imappo,4.4735665483131015e-07,-0.3763427734375,0.00037999333111037015,2066.0,,,,,,,,,,,,,,0.22444148049349782,,,,,0.029577821493148804,3.163204019074328e-05
,imappo,,,,2066.0,0.0,0.0,0.0015816019972589856,0.0,0.0,0.0,0.0,0.0015816019972589856,0.0,0.0,0.0,0.0,0.0,,,,,,,
-0.00017607072368264198,imappo,1.9005396723059675e-07,-0.4947619140148163,0.00037969323107702574,2067.0,,,,,,,,,,,,,,0.2243081027009003,,,,,0.02754073217511177,4.106609776499681e-05
,imappo,,,,2067.0,0.0,0.0,0.002053304749097151,0.0,0.0,0.0,0.0,0.002053304749097151,0.0,0.0,0.0,0.0,0.0,,,,,,,
-0.004605303984135389,imappo,2.250961642857874e-06,-0.27099665999412537,0.00037939313104368123,2068.0,,,,,,,,,,,,,,0.22417472490830276,,,,,0.029200507327914238,3.6911576899001375e-05
,imappo,,,,2068.0,0.0,0.0,0.0018455788301139364,0.0,0.0,0.0,0.0,0.0018455788301139364,0.0,0.0,0.0,0.0,0.0,,,,,,,
0.00030218358733691275,imappo,2.3755406175496319e-07,-0.33477526903152466,0.0003790930310103368,2069.0,,,,,,,,,,,,,,0.22404134711570522,,,,,0.02792590856552124,3.690899029606953e-05
,imappo,,,,2069.0,0.0,0.0,0.0018454493210242617,0.0,0.0,0.0,0.0,0.0018454493210242617,0.0,0.0,0.0,0.0,0.0,,,,,,,
-0.008749386295676231,imappo,2.467067588440841e-06,-0.8671667575836182,0.0003787929309769923,2070.0,,,,,,,,,,,,,,0.2239079693231077,,,,,0.02123752236366272,5.126907126395963e-05
,imappo,,,,2070.0,0.0,0.0,0.002563453405684868,0.0,0.0,0.0,0.0,0.002563453405684868,0.0,0.0,0.0,0.0,0.0,,,,,,,
-0.01748780533671379,imappo,4.5021238292974886e-07,-0.4542887508869171,0.0003784928309436479,2071.0,,,,,,,,,,,,,,0.22377459153051016,,,,,0.02542731910943985,3.1913252314552665e-05
,imappo,,,,2071.0,0.0,0.0,0.001595662677573273,0.0,0.0,0.0,0.0,0.001595662677573273,0.0,0.0,0.0,0.0,0.0,,,,,,,
0.002951702568680048,imappo,8.256342880486045e-07,-0.6240641474723816,0.0003781927309103035,2072.0,,,,,,,,,,,,,,0.22364121373791263,,,,,0.032175835222005844,3.541656769812107e-05
,imappo,,,,2072.0,0.0,0.0,0.001770828273151892,0.0,0.0,0.0,0.0,0.001770828273151892,0.0,0.0,0.0,0.0,0.0,,,,,,,
-0.006533072795718908,imappo,6.389478812707239e-07,-0.5174727439880371,0.00037789263087695897,2073.0,,,,,,,,,,,,,,0.2235078359453151,,,,,0.030101461336016655,3.447143535595387e-05
,imappo,,,,2073.0,0.0,0.0,0.0017235716996992778,0.0,0.0,0.0,0.0,0.0017235716996992778,0.0,0.0,0.0,0.0,0.0,,,,,,,
0.0013176444917917252,imappo,1.4565815718015074e-06,-0.3183910846710205,0.00037759253084361467,2074.0,,,,,,,,,,,,,,0.22337445815271756,,,,,0.02045859768986702,5.9090572904096916e-05
,imappo,,,,2074.0,0.0,0.0,0.0029545285276526556,0.0,0.0,0.0,0.0,0.0029545285276526556,0.0,0.0,0.0,0.0,0.0,,,,,,,
-0.004404558800160885,imappo,5.022544655730599e-07,-0.18883752822875977,0.00037729243081027015,2075.0,,,,,,,,,,,,,,0.22324108036012003,,,,,0.02103855274617672,4.223345604259521e-05
,imappo,,,,2075.0,0.0,0.0,0.0021116729660661804,0.0,0.0,0.0,0.0,0.0021116729660661804,0.0,0.0,0.0,0.0,0.0,,,,,,,
0.007175505626946688,imappo,1.1544293556653429e-06,-0.47641608119010925,0.00037699233077692564,2076.0,,,,,,,,,,,,,,0.2231077025675225,,,,,0.02477176859974861,3.105773066636175e-05
,imappo,,,,2076.0,0.0,0.0,0.0015528866616705272,0.0,0.0,0.0,0.0,0.0015528866616705272,0.0,0.0,0.0,0.0,0.0,,,,,,,
-0.01039987150579691,imappo,6.15067335729691e-07,-0.7339346408843994,0.00037669223074358123,2077.0,,,,,,,,,,,,,,0.22297432477492496,,,,,0.030490277335047722,3.2949697924777865e-05
,imappo,,,,2077.0,0.0,0.0,0.0016474849753649323,0.0,0.0,0.0,0.0,0.0016474849753649323,0.0,0.0,0.0,0.0,0.0,,,,,,,
-0.005459912586957216,imappo,1.0974565611832077e-06,-0.8127220273017883,0.0003763921307102368,2078.0,,,,,,,,,,,,,,0.22284094698232743,,,,,0.022685887292027473,5.477568993228488e-05
,imappo,,,,2078.0,0.0,0.0,0.0027387845948396716,0.0,0.0,0.0,0.0,0.0027387845948396716,0.0,0.0,0.0,0.0,0.0,,,,,,,
-0.0026108280289918184,imappo,1.2100178992113797e-06,-0.6023039221763611,0.0003760920306768923,2079.0,,,,,,,,,,,,,,0.2227075691897299,,,,,0.02650594338774681,4.3940075556747615e-05
,imappo,,,,2079.0,0.0,0.0,0.002197003503624728,0.0,0.0,0.0,0.0,0.002197003503624728,0.0,0.0,0.0,0.0,0.0,,,,,,,
-0.004297494422644377,imappo,1.599329834789387e-06,-0.7545443177223206,0.0003757919306435479,2080.0,,,,,,,,,,,,,,0.22257419139713236,,,,,0.03355938196182251,3.642983574536629e-05
,imappo,,,,2080.0,0.0,0.0,0.0018214918045060813,0.0,0.0,0.0,0.0,0.0018214918045060813,0.0,0.0,0.0,0.0,0.0,,,,,,,
0.010494953952729702,imappo,5.584923314927437e-07,-0.6378380060195923,0.0003754918306102034,2081.0,,,,,,,,,,,,,,0.22244081360453483,,,,,0.02913179248571396,3.552889756974764e-05
,imappo,,,,2081.0,0.0,0.0,0.001776445003599747,0.0,0.0,0.0,0.0,0.001776445003599747,0.0,0.0,0.0,0.0,0.0,,,,,,,
0.00499936006963253,imappo,4.356002705208084e-07,-0.7005176544189453,0.00037519173057685897,2082.0,,,,,,,,,,,,,,0.2223074358119373,,,,,0.024437246844172478,3.970055695390329e-05
,imappo,,,,2082.0,0.0,0.0,0.001985027852242638,0.0,0.0,0.0,0.0,0.001985027852242638,0.0,0.0,0.0,0.0,0.0,,,,,,,
-0.0029592637438327074,imappo,1.1633958365564467e-06,-0.010430448688566685,0.00037489163054351456,2083.0,,,,,,,,,,,,,,0.22217405801933976,,,,,0.03092125430703163,5.228799273027107e-05
,imappo,,,,2083.0,0.0,0.0,0.0026143995844023493,0.0,0.0,0.0,0.0,0.0026143995844023493,0.0,0.0,0.0,0.0,0.0,,,,,,,
0.005020981188863516,imappo,6.454038725678402e-07,-0.8157680034637451,0.00037459153051017005,2084.0,,,,,,,,,,,,,,0.22204068022674223,,,,,0.023727571591734886,3.886494960170239e-05
,imappo,,,,2084.0,0.0,0.0,0.001943247638791945,0.0,0.0,0.0,0.0,0.001943247638791945,0.0,0.0,0.0,0.0,0.0,,,,,,,
-0.00966019369661808,imappo,6.900865514580801e-07,-0.5829281210899353,0.00037429143047682564,2085.0,,,,,,,,,,,,,,0.2219073024341447,,,,,0.03154858946800232,3.50592854374554e-05
,imappo,,,,2085.0,0.0,0.0,0.0017529642799445355,0.0,0.0,0.0,0.0,0.0017529642799445355,0.0,0.0,0.0,0.0,0.0,,,,,,,
0.004833511542528868,imappo,1.4868881237362075e-07,-0.9270389080047607,0.00037399133044348123,2086.0,,,,,,,,,,,,,,0.22177392464154716,,,,,0.01905197650194168,4.634426295524463e-05
,imappo,,,,2086.0,0.0,0.0,0.002317213214837466,0.0,0.0,0.0,0.0,0.002317213214837466,0.0,0.0,0.0,0.0,0.0,,,,,,,
-0.007271993905305862,imappo,3.918625679943943e-06,-0.4167013168334961,0.0003736912304101367,2087.0,,,,,,,,,,,,,,0.22164054684894963,,,,,0.01828129217028618,5.9047943068435416e-05
,imappo,,,,2087.0,0.0,0.0,0.002952397229023518,0.0,0.0,0.0,0.0,0.002952397229023518,0.0,0.0,0.0,0.0,0.0,,,,,,,
0.001026542973704636,imappo,2.3412928840116365e-07,-0.8104764223098755,0.0003733911303767923,2088.0,,,,,,,,,,,,,,0.2215071690563521,,,,,0.03213334456086159,3.007169652846642e-05
,imappo,,,,2088.0,0.0,0.0,0.0015035847230819854,0.0,0.0,0.0,0.0,0.0015035847230819854,0.0,0.0,0.0,0.0,0.0,,,,,,,
-0.005585209932178259,imappo,2.7687073611559754e-07,-0.47804901003837585,0.0003730910303434479,2089.0,,,,,,,,,,,,,,0.22137379126375462,,,,,0.029421769082546234,4.495308894547634e-05
,imappo,,,,2089.0,0.0,0.0,0.00224765414805006,0.0,0.0,0.0,0.0,0.00224765414805006,0.0,0.0,0.0,0.0,0.0,,,,,,,
-0.009572507813572884,imappo,5.277292984828819e-07,-0.7736287117004395,0.0003727909303101034,2090.0,,,,,,,,,,,,,,0.22124041347115703,,,,,0.03171971067786217,3.49187248502858e-05
,imappo,,,,2090.0,0.0,0.0,0.0017459361264400286,0.0,0.0,0.0,0.0,0.0017459361264400286,0.0,0.0,0.0,0.0,0.0,,,,,,,
-0.006920723710209131,imappo,3.1561657465317694e-07,-0.6394398808479309,0.00037249083027675897,2091.0,,,,,,,,,,,,,,0.2211070356785595,,,,,0.03179117292165756,4.4106145651312545e-05
,imappo,,,,2091.0,0.0,0.0,0.0022053072009384778,0.0,0.0,0.0,0.0,0.0022053072009384778,0.0,0.0,0.0,0.0,0.0,,,,,,,
-0.002932257717475295,imappo,4.060985645537585e-07,-0.9256703853607178,0.00037219073024341446,2092.0,,,,,,,,,,,,,,0.22097365788596196,,,,,0.03200548514723778,3.904591721948236e-05
,imappo,,,,2092.0,0.0,0.0,0.001952295873593357,0.0,0.0,0.0,0.0,0.001952295873593357,0.0,0.0,0.0,0.0,0.0,,,,,,,
-0.0033843934070318937,imappo,1.217771682604507e-06,-0.672944962978363,0.00037189063021007005,2093.0,,,,,,,,,,,,,,0.22084028009336448,,,,,0.013525482267141342,5.9214849898125976e-05
,imappo,,,,2093.0,0.0,0.0,0.002960742313717901,0.0,0.0,0.0,0.0,0.002960742313717901,0.0,0.0,0.0,0.0,0.0,,,,,,,
0.002981330966576934,imappo,2.0670620415330632e-07,-0.5686402320861816,0.00037159053017672564,2094.0,,,,,,,,,,,,,,0.2207069023007669,,,,,0.021051034331321716,3.961167385568842e-05
,imappo,,,,2094.0,0.0,0.0,0.0019805835680415385,0.0,0.0,0.0,0.0,0.0019805835680415385,0.0,0.0,0.0,0.0,0.0,,,,,,,
0.004978291690349579,imappo,2.929676838903106e-07,-0.860363781452179,0.0003712904301433811,2095.0,,,,,,,,,,,,,,0.22057352450816936,,,,,0.030937999486923218,4.662001447286457e-05
,imappo,,,,2095.0,0.0,0.0,0.0023310008112957803,0.0,0.0,0.0,0.0,0.0023310008112957803,0.0,0.0,0.0,0.0,0.0,,,,,,,
-0.011485185474157333,imappo,3.46560227626469e-07,-0.7334991693496704,0.0003709903301100367,2096.0,,,,,,,,,,,,,,0.22044014671557183,,,,,0.011581571772694588,4.9042013415601104e-05
,imappo,,,,2096.0,0.0,0.0,0.0024521007035716025,0.0,0.0,0.0,0.0,0.0024521007035716025,0.0,0.0,0.0,0.0,0.0,,,,,,,
-0.006720297038555145,imappo,1.7562483378696925e-07,-0.8683679103851318,0.0003706902300766923,2097.0,,,,,,,,,,,,,,0.22030676892297435,,,,,0.031089505180716515,3.164406734867953e-05
,imappo,,,,2097.0,0.0,0.0,0.0015822034404209262,0.0,0.0,0.0,0.0,0.0015822034404209262,0.0,0.0,0.0,0.0,0.0,,,,,,,
0.020296914502978325,imappo,1.1318778803115492e-07,-0.9103518724441528,0.0003703901300433478,2098.0,,,,,,,,,,,,,,0.22017339113037676,,,,,0.02880813181400299,3.0551007512258366e-05
,imappo,,,,2098.0,0.0,0.0,0.0015275505254237487,0.0,0.0,0.0,0.0,0.0015275505254237487,0.0,0.0,0.0,0.0,0.0,,,,,,,
0.00345549825578928,imappo,1.375340588083418e-07,-0.5696539282798767,0.0003700900300100034,2099.0,,,,,,,,,,,,,,0.22004001333777923,,,,,0.020318489521741867,4.010974953416735e-05
,imappo,,,,2099.0,0.0,0.0,0.002005487289636676,0.0,0.0,0.0,0.0,0.002005487289636676,0.0,0.0,0.0,0.0,0.0,,,,,,,
,imappo,,,,2099.0,,,,,,,,,,,,,,,0.0,0.0,0.0,0.0,,
-0.011671611107885838,imappo,2.1320909127098275e-07,-0.6660027503967285,0.00036978992997665887,2100.0,,,,,,,,,,,,,,0.2199066355451817,,,,,0.02672811970114708,5.62409550184384e-05
,imappo,,,,2100.0,0.0,0.0,0.0028120476594040156,0.0,0.0,0.0,0.0,0.0028120476594040156,0.0,0.0,0.0,0.0,0.0,,,,,,,
0.011395277455449104,imappo,3.059548987494054e-07,-0.7685375213623047,0.00036948982994331446,2101.0,,,,,,,,,,,,,,0.21977325775258422,,,,,0.029209453612565994,4.3858530261786655e-05
,imappo,,,,2101.0,0.0,0.0,0.002192926723637356,0.0,0.0,0.0,0.0,0.002192926723637356,0.0,0.0,0.0,0.0,0.0,,,,,,,
0.01313302107155323,imappo,1.2975814911442285e-07,-0.785707414150238,0.00036918972990997005,2102.0,,,,,,,,,,,,,,0.21963987995998663,,,,,0.028836224228143692,3.527395165292546e-05
,imappo,,,,2102.0,0.0,0.0,0.0017636976531036908,0.0,0.0,0.0,0.0,0.0017636976531036908,0.0,0.0,0.0,0.0,0.0,,,,,,,
-0.008767214603722095,imappo,1.3119436914621474e-07,-0.6715787649154663,0.00036888962987662553,2103.0,,,,,,,,,,,,,,0.2195065021673891,,,,,0.02455972135066986,5.169556607143022e-05
,imappo,,,,2103.0,0.0,0.0,0.0025847781962511363,0.0,0.0,0.0,0.0,0.0025847781962511363,0.0,0.0,0.0,0.0,0.0,,,,,,,
-0.004019203130155802,imappo,1.4052913854811777e-07,-1.1478228569030762,0.0003685895298432811,2104.0,,,,,,,,,,,,,,0.21937312437479162,,,,,0.030119940638542175,3.565282895579003e-05
,imappo,,,,2104.0,0.0,0.0,0.001782641506224536,0.0,0.0,0.0,0.0,0.001782641506224536,0.0,0.0,0.0,0.0,0.0,,,,,,,
-0.0004893302102573216,imappo,1.3279100130603183e-07,-1.1064116954803467,0.0003682894298099367,2105.0,,,,,,,,,,,,,,0.21923974658219408,,,,,0.031104441732168198,3.174348603351973e-05
,imappo,,,,2105.0,0.0,0.0,0.0015871742820365853,0.0,0.0,0.0,0.0,0.0015871742820365853,0.0,0.0,0.0,0.0,0.0,,,,,,,
0.0005771297146566212,imappo,1.4238011658562755e-07,-1.4135212898254395,0.0003679893297765922,2106.0,,,,,,,,,,,,,,0.2191063687895965,,,,,0.02272743731737137,3.995904990006238e-05
,imappo,,,,2106.0,0.0,0.0,0.0019979525728217595,0.0,0.0,0.0,0.0,0.0019979525728217595,0.0,0.0,0.0,0.0,0.0,,,,,,,
-0.00653773033991456,imappo,7.816080227485145e-08,-1.184842586517334,0.0003676892297432478,2107.0,,,,,,,,,,,,,,0.21897299099699896,,,,,0.024848714470863342,3.160588312312029e-05
,imappo,,,,2107.0,0.0,0.0,0.0015802943070326592,0.0,0.0,0.0,0.0,0.0015802943070326592,0.0,0.0,0.0,0.0,0.0,,,,,,,
-0.0053301965817809105,imappo,5.163001404184797e-08,-0.9654923677444458,0.0003673891297099034,2108.0,,,,,,,,,,,,,,0.21883961320440148,,,,,0.032618217170238495,3.0491813959088176e-05
,imappo,,,,2108.0,0.0,0.0,0.0015245905516394487,0.0,0.0,0.0,0.0,0.0015245905516394487,0.0,0.0,0.0,0.0,0.0,,,,,,,
0.010968497022986412,imappo,1.3410777910394245e-07,-1.1521676778793335,0.00036708902967655887,2109.0,,,,,,,,,,,,,,0.21870623541180395,,,,,0.030294783413410187,3.41280028806068e-05
,imappo,,,,2109.0,0.0,0.0,0.0017064002762481323,0.0,0.0,0.0,0.0,0.0017064002762481323,0.0,0.0,0.0,0.0,0.0,,,,,,,
0.005316328257322311,imappo,1.3696134715246444e-07,-1.3071203231811523,0.00036678892964321446,2110.0,,,,,,,,,,,,,,0.21857285761920636,,,,,0.03472599759697914,3.137078965664841e-05
,imappo,,,,2110.0,0.0,0.0,0.001568539584809514,0.0,0.0,0.0,0.0,0.001568539584809514,0.0,0.0,0.0,0.0,0.0,,,,,,,
0.02314402535557747,imappo,4.646858897672246e-08,-0.8254613876342773,0.00036648882960986994,2111.0,,,,,,,,,,,,,,0.21843947982660883,,,,,0.025410078465938568,4.3046795326517895e-05
,imappo,,,,2111.0,0.0,0.0,0.0021523396787870297,0.0,0.0,0.0,0.0,0.0021523396787870297,0.0,0.0,0.0,0.0,0.0,,,,,,,
-0.0040114265866577625,imappo,3.2559810847487825e-07,-0.7651526927947998,0.00036618872957652553,2112.0,,,,,,,,,,,,,,0.21830610203401135,,,,,0.027233891189098358,4.8955524107441306e-05
,imappo,,,,2112.0,0.0,0.0,0.0024477760952095196,0.0,0.0,0.0,0.0,0.0024477760952095196,0.0,0.0,0.0,0.0,0.0,,,,,,,
-0.0030950340442359447,imappo,2.639134208948235e-07,-1.2268654108047485,0.0003658886295431811,2113.0,,,,,,,,,,,,,,0.21817272424141382,,,,,0.028266996145248413,3.3860254916362464e-05
,imappo,,,,2113.0,0.0,0.0,0.0016930127271734818,0.0,0.0,0.0,0.0,0.0016930127271734818,0.0,0.0,0.0,0.0,0.0,,,,,,,
0.00895281508564949,imappo,8.2741587448254e-07,-0.4351862967014313,0.0003655885295098366,2114.0,,,,,,,,,,,,,,0.21803934644881623,,,,,0.030049240216612816,5.195660560275428e-05
,imappo,,,,2114.0,0.0,0.0,0.0025978302119256114,0.0,0.0,0.0,0.0,0.0025978302119256114,0.0,0.0,0.0,0.0,0.0,,,,,,,
0.0018112454563379288,imappo,2.7556268378248205e-07,-0.9623899459838867,0.0003652884294764922,2115.0,,,,,,,,,,,,,,0.2179059686562187,,,,,0.02932151034474373,3.895212648785673e-05
,imappo,,,,2115.0,0.0,0.0,0.0019476063162073842,0.0,0.0,0.0,0.0,0.0019476063162073842,0.0,0.0,0.0,0.0,0.0,,,,,,,
-0.0031324082519859076,imappo,2.2385029296856374e-07,-0.9105709791183472,0.0003649883294431478,2116.0,,,,,,,,,,,,,,0.21777259086362122,,,,,0.021489236503839493,5.058425449533388e-05
,imappo,,,,2116.0,0.0,0.0,0.0025292127621590055,0.0,0.0,0.0,0.0,0.0025292127621590055,0.0,0.0,0.0,0.0,0.0,,,,,,,
0.04919987916946411,imappo,2.8349529657134553e-07,-1.6159130334854126,0.0003646882294098033,2117.0,,,,,,,,,,,,,,0.21763921307102368,,,,,0.031076934188604355,3.369889236637391e-05
,imappo,,,,2117.0,0.0,0.0,0.0016849446619460196,0.0,0.0,0.0,0.0,0.0016849446619460196,0.0,0.0,0.0,0.0,0.0,,,,,,,
-0.0019933453295379877,imappo,1.5613723292062787e-07,-0.7951034307479858,0.00036438812937645887,2118.0,,,,,,,,,,,,,,0.2175058352784261,,,,,0.025215916335582733,4.445097874850035e-05
,imappo,,,,2118.0,0.0,0.0,0.0022225488518188286,0.0,0.0,0.0,0.0,0.0022225488518188286,0.0,0.0,0.0,0.0,0.0,,,,,,,
0.0016635097563266754,imappo,2.7631153898255434e-07,-1.523348331451416,0.00036408802934311446,2119.0,,,,,,,,,,,,,,0.21737245748582862,,,,,0.01940358802676201,5.1550206990214065e-05
,imappo,,,,2119.0,0.0,0.0,0.0025775103331397986,0.0,0.0,0.0,0.0,0.0025775103331397986,0.0,0.0,0.0,0.0,0.0,,,,,,,
-0.009396117180585861,imappo,1.1262689270097326e-07,-1.2658313512802124,0.00036378792930976994,2120.0,,,,,,,,,,,,,,0.21723907969323109,,,,,0.030097130686044693,3.265167833887972e-05
,imappo,,,,2120.0,0.0,0.0,0.0016325839142155019,0.0,0.0,0.0,0.0,0.0016325839142155019,0.0,0.0,0.0,0.0,0.0,,,,,,,
-0.005382266826927662,imappo,2.2956969303322694e-07,-0.49129197001457214,0.00036348782927642554,2121.0,,,,,,,,,,,,,,0.21710570190063355,,,,,0.029537154361605644,3.935115455533378e-05
,imappo,,,,2121.0,0.0,0.0,0.0019675577545825718,0.0,0.0,0.0,0.0,0.0019675577545825718,0.0,0.0,0.0,0.0,0.0,,,,,,,
-0.0011304717045277357,imappo,2.794655244997557e-07,-0.3553321957588196,0.000363187729243081,2122.0,,,,,,,,,,,,,,0.21697232410803596,,,,,0.027781520038843155,5.237985897110775e-05
,imappo,,,,2122.0,0.0,0.0,0.002618992960833566,0.0,0.0,0.0,0.0,0.002618992960833566,0.0,0.0,0.0,0.0,0.0,,,,,,,
0.034517593681812286,imappo,1.8582284155854722e-07,-0.8095859289169312,0.0003628876292097366,2123.0,,,,,,,,,,,,,,0.21683894631543849,,,,,0.029985439032316208,4.25941361754667e-05
,imappo,,,,2123.0,0.0,0.0,0.002129706840925394,0.0,0.0,0.0,0.0,0.002129706840925394,0.0,0.0,0.0,0.0,0.0,,,,,,,
0.06781057268381119,imappo,1.795873174614826e-07,-0.825447142124176,0.0003625875291763922,2124.0,,,,,,,,,,,,,,0.21670556852284095,,,,,0.02858319878578186,4.0987200918607414e-05
,imappo,,,,2124.0,0.0,0.0,0.002049359915417881,0.0,0.0,0.0,0.0,0.002049359915417881,0.0,0.0,0.0,0.0,0.0,,,,,,,
0.009681151248514652,imappo,1.9454169830623869e-07,-0.8235867023468018,0.0003622874291430477,2125.0,,,,,,,,,,,,,,0.21657219073024342,,,,,0.03255295380949974,2.8465126888477243e-05
,imappo,,,,2125.0,0.0,0.0,0.001423256320663313,0.0,0.0,0.0,0.0,0.001423256320663313,0.0,0.0,0.0,0.0,0.0,,,,,,,
-0.007855148054659367,imappo,3.2160997420760395e-07,-0.3322044014930725,0.0003619873291097033,2126.0,,,,,,,,,,,,,,0.21643881293764583,,,,,0.02667754516005516,5.249645619187504e-05
,imappo,,,,2126.0,0.0,0.0,0.0026248226657799023,0.0,0.0,0.0,0.0,0.0026248226657799023,0.0,0.0,0.0,0.0,0.0,,,,,,,
0.00796886719763279,imappo,1.2780806457612925e-07,-0.7167860865592957,0.00036168722907635887,2127.0,,,,,,,,,,,,,,0.21630543514504835,,,,,0.022833213210105896,4.6953558921813965e-05
,imappo,,,,2127.0,0.0,0.0,0.0023476780888618265,0.0,0.0,0.0,0.0,0.0023476780888618265,0.0,0.0,0.0,0.0,0.0,,,,,,,
0.065818652510643,imappo,7.86887355275212e-08,-1.3993836641311646,0.00036138712904301435,2128.0,,,,,,,,,,,,,,0.21617205735245082,,,,,0.02974780648946762,3.4652162867132574e-05
,imappo,,,,2128.0,0.0,0.0,0.0017326082192994363,0.0,0.0,0.0,0.0,0.0017326082192994363,0.0,0.0,0.0,0.0,0.0,,,,,,,
0.02615967206656933,imappo,5.8659225032897666e-08,-1.1507817506790161,0.00036108702900966994,2129.0,,,,,,,,,,,,,,0.21603867955985329,,,,,0.031033499166369438,3.328513412270695e-05
,imappo,,,,2129.0,0.0,0.0,0.001664256701587874,0.0,0.0,0.0,0.0,0.001664256701587874,0.0,0.0,0.0,0.0,0.0,,,,,,,
0.022189076989889145,imappo,1.3116213892772066e-07,-1.0031135082244873,0.00036078692897632543,2130.0,,,,,,,,,,,,,,0.2159053017672557,,,,,0.030442699790000916,2.977907206513919e-05
,imappo,,,,2130.0,0.0,0.0,0.0014889534628252932,0.0,0.0,0.0,0.0,0.0014889534628252932,0.0,0.0,0.0,0.0,0.0,,,,,,,
0.007427433505654335,imappo,3.381892099696415e-07,-1.174623966217041,0.000360486828942981,2131.0,,,,,,,,,,,,,,0.21577192397465822,,,,,0.02983793430030346,3.126860246993601e-05
,imappo,,,,2131.0,0.0,0.0,0.0015634300834790338,0.0,0.0,0.0,0.0,0.0015634300834790338,0.0,0.0,0.0,0.0,0.0,,,,,,,
0.013976527377963066,imappo,2.1763865731827536e-07,-1.0983564853668213,0.0003601867289096366,2132.0,,,,,,,,,,,,,,0.2156385461820607,,,,,0.03136936575174332,3.8869748095748946e-05
,imappo,,,,2132.0,0.0,0.0,0.0019434873520367546,0.0,0.0,0.0,0.0,0.0019434873520367546,0.0,0.0,0.0,0.0,0.0,,,,,,,
0.004618856590241194,imappo,1.3506138429875136e-07,-1.0734293460845947,0.0003598866288762921,2133.0,,,,,,,,,,,,,,0.21550516838946315,,,,,0.029095396399497986,3.0957828130340204e-05
,imappo,,,,2133.0,0.0,0.0,0.001547891423655301,0.0,0.0,0.0,0.0,0.001547891423655301,0.0,0.0,0.0,0.0,0.0,,,,,,,
0.01758517511188984,imappo,6.829377952044524e-08,-1.235230803489685,0.0003595865288429477,2134.0,,,,,,,,,,,,,,0.21537179059686562,,,,,0.030083773657679558,3.2777563319541514e-05
,imappo,,,,2134.0,0.0,0.0,0.0016388783405147933,0.0,0.0,0.0,0.0,0.0016388783405147933,0.0,0.0,0.0,0.0,0.0,,,,,,,
0.0038285418413579464,imappo,1.1632575791509225e-07,-0.5160145163536072,0.0003592864288096033,2135.0,,,,,,,,,,,,,,0.2152384128042681,,,,,0.026455320417881012,3.9442147681256756e-05
,imappo,,,,2135.0,0.0,0.0,0.001972107586823313,0.0,0.0,0.0,0.0,0.001972107586823313,0.0,0.0,0.0,0.0,0.0,,,,,,,
-0.005746836308389902,imappo,5.888342968773941e-08,-1.1053029298782349,0.00035898632877625876,2136.0,,,,,,,,,,,,,,0.21510503501167055,,,,,0.03183956444263458,3.104149072896689e-05
,imappo,,,,2136.0,0.0,0.0,0.0015520743660033531,0.0,0.0,0.0,0.0,0.0015520743660033531,0.0,0.0,0.0,0.0,0.0,,,,,,,
0.004878852516412735,imappo,2.729533150613861e-07,-0.6792855858802795,0.00035868622874291435,2137.0,,,,,,,,,,,,,,0.21497165721907302,,,,,0.031593866646289825,3.953258419642225e-05
,imappo,,,,2137.0,0.0,0.0,0.0019766293636962473,0.0,0.0,0.0,0.0,0.0019766293636962473,0.0,0.0,0.0,0.0,0.0,,,,,,,
-0.00627007894217968,imappo,3.8751014841409415e-08,-1.201228380203247,0.00035838612870956995,2138.0,,,,,,,,,,,,,,0.2148382794264755,,,,,0.03150580823421478,3.551765257725492e-05
,imappo,,,,2138.0,0.0,0.0,0.0017758826500084979,0.0,0.0,0.0,0.0,0.0017758826500084979,0.0,0.0,0.0,0.0,0.0,,,,,,,
-0.009131427854299545,imappo,6.845054656423599e-08,-0.7111520767211914,0.00035808602867622543,2139.0,,,,,,,,,,,,,,0.21470490163387795,,,,,0.02997433766722679,3.1353636586572975e-05
,imappo,,,,2139.0,0.0,0.0,0.0015676818497354361,0.0,0.0,0.0,0.0,0.0015676818497354361,0.0,0.0,0.0,0.0,0.0,,,,,,,
0.001537708449177444,imappo,1.7615171543639008e-07,-0.6015141010284424,0.000357785928642881,2140.0,,,,,,,,,,,,,,0.21457152384128042,,,,,0.024924714118242264,3.84246013709344e-05
,imappo,,,,2140.0,0.0,0.0,0.0019212301442053104,0.0,0.0,0.0,0.0,0.0019212301442053104,0.0,0.0,0.0,0.0,0.0,,,,,,,
-0.011784229427576065,imappo,1.86738930096908e-07,-0.6504753232002258,0.0003574858286095365,2141.0,,,,,,,,,,,,,,0.2144381460486829,,,,,0.03083212673664093,3.578385440050624e-05
,imappo,,,,2141.0,0.0,0.0,0.0017891928036988247,0.0,0.0,0.0,0.0,0.0017891928036988247,0.0,0.0,0.0,0.0,0.0,,,,,,,
0.0014087553136050701,imappo,9.100276798790219e-08,-0.7152730226516724,0.0003571857285761921,2142.0,,,,,,,,,,,,,,0.21430476825608535,,,,,0.029211070388555527,3.4107346436940134e-05
,imappo,,,,2142.0,0.0,0.0,0.0017053674516773754,0.0,0.0,0.0,0.0,0.0017053674516773754,0.0,0.0,0.0,0.0,0.0,,,,,,,
-0.002709123305976391,imappo,6.84419489971333e-08,-0.5213618874549866,0.0003568856285428477,2143.0,,,,,,,,,,,,,,0.21417139046348782,,,,,0.025600656867027283,4.341920430306345e-05
,imappo,,,,2143.0,0.0,0.0,0.0021709601116981503,0.0,0.0,0.0,0.0,0.0021709601116981503,0.0,0.0,0.0,0.0,0.0,,,,,,,
-0.0025746410246938467,imappo,2.0067383843525022e-07,-0.48186588287353516,0.00035658552850950317,2144.0,,,,,,,,,,,,,,0.2140380126708903,,,,,0.021712802350521088,4.573139813146554e-05
,imappo,,,,2144.0,0.0,0.0,0.0022865699048537635,0.0,0.0,0.0,0.0,0.0022865699048537635,0.0,0.0,0.0,0.0,0.0,,,,,,,
-0.00122031569480896,imappo,8.375935323101658e-08,-0.6761860251426697,0.00035628542847615876,2145.0,,,,,,,,,,,,,,0.21390463487829275,,,,,0.027017300948500633,3.837801705230959e-05
,imappo,,,,2145.0,0.0,0.0,0.0019189010341449375,0.0,0.0,0.0,0.0,0.0019189010341449375,0.0,0.0,0.0,0.0,0.0,,,,,,,
-0.006598205305635929,imappo,2.9167875936764176e-07,-0.7011407017707825,0.00035598532844281436,2146.0,,,,,,,,,,,,,,0.21377125708569522,,,,,0.032187044620513916,3.515528078423813e-05
,imappo,,,,2146.0,0.0,0.0,0.0017577639655428356,0.0,0.0,0.0,0.0,0.0017577639655428356,0.0,0.0,0.0,0.0,0.0,,,,,,,
-0.005344283767044544,imappo,6.690722642588298e-08,-0.5528551340103149,0.00035568522840946984,2147.0,,,,,,,,,,,,,,0.2136378792930977,,,,,0.023224595934152603,4.169494422967546e-05
,imappo,,,,2147.0,0.0,0.0,0.002084747076878557,0.0,0.0,0.0,0.0,0.002084747076878557,0.0,0.0,0.0,0.0,0.0,,,,,,,
-0.0015336391516029835,imappo,7.879111052488952e-08,-0.8907666206359863,0.00035538512837612543,2148.0,,,,,,,,,,,,,,0.21350450150050015,,,,,0.03178662434220314,3.310069951112382e-05
,imappo,,,,2148.0,0.0,0.0,0.0016550351197111013,0.0,0.0,0.0,0.0,0.0016550351197111013,0.0,0.0,0.0,0.0,0.0,,,,,,,
0.000978976720944047,imappo,1.1322327964080614e-07,-0.8837499022483826,0.000355085028342781,2149.0,,,,,,,,,,,,,,0.21337112370790262,,,,,0.03146902471780777,3.309436942799948e-05
,imappo,,,,2149.0,0.0,0.0,0.0016547185704141043,0.0,0.0,0.0,0.0,0.0016547185704141043,0.0,0.0,0.0,0.0,0.0,,,,,,,
-0.0034429121296852827,imappo,1.059264107539093e-07,-1.0059032440185547,0.0003547849283094365,2150.0,,,,,,,,,,,,,,0.2132377459153051,,,,,0.030459072440862656,3.114979335805401e-05
,imappo,,,,2150.0,0.0,0.0,0.0015574896420957884,0.0,0.0,0.0,0.0,0.0015574896420957884,0.0,0.0,0.0,0.0,0.0,,,,,,,
0.0005306372768245637,imappo,6.993846568548179e-08,-0.8531495332717896,0.0003544848282760921,2151.0,,,,,,,,,,,,,,0.21310436812270755,,,,,0.029211590066552162,3.310997999506071e-05
,imappo,,,,2151.0,0.0,0.0,0.0016554990187884755,0.0,0.0,0.0,0.0,0.0016554990187884755,0.0,0.0,0.0,0.0,0.0,,,,,,,
-0.0007839465979486704,imappo,7.146736891172623e-08,-1.0288541316986084,0.0003541847282427476,2152.0,,,,,,,,,,,,,,0.21297099033011002,,,,,0.035291675478219986,2.8045415092492476e-05
,imappo,,,,2152.0,0.0,0.0,0.0014022707547383106,0.0,0.0,0.0,0.0,0.0014022707547383106,0.0,0.0,0.0,0.0,0.0,,,,,,,
-0.013108238577842712,imappo,3.9766399595464463e-07,-0.21552139520645142,0.0003538846282094032,2153.0,,,,,,,,,,,,,,0.2128376125375125,,,,,0.02804381586611271,5.1077051466563717e-05
,imappo,,,,2153.0,0.0,0.0,0.002553852333676332,0.0,0.0,0.0,0.0,0.002553852333676332,0.0,0.0,0.0,0.0,0.0,,,,,,,
-0.0012437289115041494,imappo,1.7228448712103273e-07,-0.6421957015991211,0.00035358452817605877,2154.0,,,,,,,,,,,,,,0.21270423474491496,,,,,0.030712615698575974,3.03726592392195e-05
,imappo,,,,2154.0,0.0,0.0,0.0015186330580831964,0.0,0.0,0.0,0.0,0.0015186330580831964,0.0,0.0,0.0,0.0,0.0,,,,,,,
0.009492452256381512,imappo,4.866566314376541e-07,-1.1727488040924072,0.00035328442814271425,2155.0,,,,,,,,,,,,,,0.21257085695231742,,,,,0.01931430585682392,5.13462618982885e-05
,imappo,,,,2155.0,0.0,0.0,0.0025673134011299226,0.0,0.0,0.0,0.0,0.0025673134011299226,0.0,0.0,0.0,0.0,0.0,,,,,,,
0.04426058754324913,imappo,3.4229142897856946e-07,-0.6008450984954834,0.00035298432810936984,2156.0,,,,,,,,,,,,,,0.2124374791597199,,,,,0.029737349599599838,3.0709710699738935e-05
,imappo,,,,2156.0,0.0,0.0,0.0015354856657268101,0.0,0.0,0.0,0.0,0.0015354856657268101,0.0,0.0,0.0,0.0,0.0,,,,,,,
-0.016600627452135086,imappo,1.1354647710959398e-07,-0.6756179928779602,0.00035268422807602543,2157.0,,,,,,,,,,,,,,0.21230410136712236,,,,,0.029427047818899155,3.1816118280403316e-05
,imappo,,,,2157.0,0.0,0.0,0.0015908060038327676,0.0,0.0,0.0,0.0,0.0015908060038327676,0.0,0.0,0.0,0.0,0.0,,,,,,,
0.01788593828678131,imappo,1.6024672788716998e-07,-0.9793875217437744,0.0003523841280426809,2158.0,,,,,,,,,,,,,,0.21217072357452482,,,,,0.03149426728487015,2.3751788830850273e-05
,imappo,,,,2158.0,0.0,0.0,0.0011875894825266187,0.0,0.0,0.0,0.0,0.0011875894825266187,0.0,0.0,0.0,0.0,0.0,,,,,,,
0.030140673741698265,imappo,1.0611126555204464e-07,-0.5588325262069702,0.0003520840280093365,2159.0,,,,,,,,,,,,,,0.2120373457819273,,,,,0.03162346035242081,3.384971205377951e-05
,imappo,,,,2159.0,0.0,0.0,0.0016924858072115967,0.0,0.0,0.0,0.0,0.0016924858072115967,0.0,0.0,0.0,0.0,0.0,,,,,,,
0.000971231609582901,imappo,1.0633708313889656e-07,-0.5693801045417786,0.000351783927975992,2160.0,,,,,,,,,,,,,,0.21190396798932976,,,,,0.028194934129714966,4.0802140574669465e-05
,imappo,,,,2160.0,0.0,0.0,0.002040106846834533,0.0,0.0,0.0,0.0,0.002040106846834533,0.0,0.0,0.0,0.0,0.0,,,,,,,
-0.004097864031791687,imappo,1.6134617908392102e-07,-0.7192822694778442,0.0003514838279426476,2161.0,,,,,,,,,,,,,,0.21177059019673222,,,,,0.029112394899129868,3.1528510589851066e-05
,imappo,,,,2161.0,0.0,0.0,0.0015764255717272135,0.0,0.0,0.0,0.0,0.0015764255717272135,0.0,0.0,0.0,0.0,0.0,,,,,,,
0.003328719874843955,imappo,2.6735045821624226e-07,-0.5257923007011414,0.0003511837279093032,2162.0,,,,,,,,,,,,,,0.2116372124041347,,,,,0.022109797224402428,6.648256385233253e-05
,imappo,,,,2162.0,0.0,0.0,0.0033241283910001584,0.0,0.0,0.0,0.0,0.0033241283910001584,0.0,0.0,0.0,0.0,0.0,,,,,,,
0.01462701614946127,imappo,1.071825579401775e-07,-0.9496083855628967,0.00035088362787595866,2163.0,,,,,,,,,,,,,,0.21150383461153716,,,,,0.02832948789000511,3.023594217665959e-05
,imappo,,,,2163.0,0.0,0.0,0.0015117971875042713,0.0,0.0,0.0,0.0,0.0015117971875042713,0.0,0.0,0.0,0.0,0.0,,,,,,,
-0.005213354714214802,imappo,2.2816806222181185e-07,-0.5007933974266052,0.00035058352784261425,2164.0,,,,,,,,,,,,,,0.21137045681893968,,,,,0.02908046543598175,3.294457928859629e-05
,imappo,,,,2164.0,0.0,0.0,0.0016472288212980857,0.0,0.0,0.0,0.0,0.0016472288212980857,0.0,0.0,0.0,0.0,0.0,,,,,,,
-0.0010738561395555735,imappo,2.2486827333523252e-07,-0.4887855052947998,0.00035028342780926984,2165.0,,,,,,,,,,,,,,0.2112370790263421,,,,,0.01649671420454979,6.398902769433334e-05
,imappo,,,,2165.0,0.0,0.0,0.003199451493514971,0.0,0.0,0.0,0.0,0.003199451493514971,0.0,0.0,0.0,0.0,0.0,,,,,,,
-0.004805616568773985,imappo,1.536170515237245e-07,-0.4375411868095398,0.0003499833277759253,2166.0,,,,,,,,,,,,,,0.21110370123374456,,,,,0.027858994901180267,4.056772741023451e-05
,imappo,,,,2166.0,0.0,0.0,0.002028386350616529,0.0,0.0,0.0,0.0,0.002028386350616529,0.0,0.0,0.0,0.0,0.0,,,,,,,
-0.01121324859559536,imappo,1.2985958619537996e-07,-0.4007524251937866,0.0003496832277425809,2167.0,,,,,,,,,,,,,,0.21097032344114702,,,,,0.026614680886268616,4.0620110667077824e-05
,imappo,,,,2167.0,0.0,0.0,0.0020310053403136408,0.0,0.0,0.0,0.0,0.0020310053403136408,0.0,0.0,0.0,0.0,0.0,,,,,,,
-0.005208014976233244,imappo,4.071378896242095e-07,-0.7250957489013672,0.0003493831277092365,2168.0,,,,,,,,,,,,,,0.21083694564854955,,,,,0.030902739614248276,4.499655551626347e-05
,imappo,,,,2168.0,0.0,0.0,0.0022498277087379392,0.0,0.0,0.0,0.0,0.0022498277087379392,0.0,0.0,0.0,0.0,0.0,,,,,,,
-0.004078637342900038,imappo,7.706450588784719e-08,-0.8524448871612549,0.000349083027675892,2169.0,,,,,,,,,,,,,,0.21070356785595196,,,,,0.027810443192720413,3.223555540898815e-05
,imappo,,,,2169.0,0.0,0.0,0.0016117777126964938,0.0,0.0,0.0,0.0,0.0016117777126964938,0.0,0.0,0.0,0.0,0.0,,,,,,,
-0.00582127645611763,imappo,2.220279498033051e-07,-0.39660751819610596,0.0003487829276425476,2170.0,,,,,,,,,,,,,,0.21057019006335442,,,,,0.0243009515106678,4.0796399844111875e-05
,imappo,,,,2170.0,0.0,0.0,0.002039820032678108,0.0,0.0,0.0,0.0,0.002039820032678108,0.0,0.0,0.0,0.0,0.0,,,,,,,
0.043204840272665024,imappo,1.355418959292365e-07,-0.908290684223175,0.00034848282760920307,2171.0,,,,,,,,,,,,,,0.2104368122707569,,,,,0.029865611344575882,3.104268398601562e-05
,imappo,,,,2171.0,0.0,0.0,0.0015521341349540307,0.0,0.0,0.0,0.0,0.0015521341349540307,0.0,0.0,0.0,0.0,0.0,,,,,,,
0.006841050460934639,imappo,2.3338348853485513e-07,-0.7784057855606079,0.00034818272757585866,2172.0,,,,,,,,,,,,,,0.2103034344781594,,,,,0.03185515105724335,3.865111284540035e-05
,imappo,,,,2172.0,0.0,0.0,0.0019325555692830676,0.0,0.0,0.0,0.0,0.0019325555692830676,0.0,0.0,0.0,0.0,0.0,,,,,,,
0.008845449425280094,imappo,2.627121773457475e-07,-0.5355297923088074,0.00034788262754251425,2173.0,,,,,,,,,,,,,,0.21017005668556182,,,,,0.031519703567028046,3.557220406946726e-05
,imappo,,,,2173.0,0.0,0.0,0.0017786102916943491,0.0,0.0,0.0,0.0,0.0017786102916943491,0.0,0.0,0.0,0.0,0.0,,,,,,,
0.010778387077152729,imappo,1.1516457476545838e-07,-0.8003149628639221,0.00034758252750916973,2174.0,,,,,,,,,,,,,,0.2100366788929643,,,,,0.03142855316400528,3.174230732838623e-05
,imappo,,,,2174.0,0.0,0.0,0.0015871153739510646,0.0,0.0,0.0,0.0,0.0015871153739510646,0.0,0.0,0.0,0.0,0.0,,,,,,,
0.005599055904895067,imappo,5.4653561676332174e-08,-0.6575523614883423,0.0003472824274758252,2175.0,,,,,,,,,,,,,,0.20990330110036676,,,,,0.029080640524625778,3.4365766623523086e-05
,imappo,,,,2175.0,0.0,0.0,0.0017182884339490556,0.0,0.0,0.0,0.0,0.0017182884339490556,0.0,0.0,0.0,0.0,0.0,,,,,,,
-0.0037190355360507965,imappo,2.385831123774551e-07,-0.4909707009792328,0.0003469823274424809,2176.0,,,,,,,,,,,,,,0.20976992330776928,,,,,0.01676776446402073,6.788533937651664e-05
,imappo,,,,2176.0,0.0,0.0,0.0033942668110285013,0.0,0.0,0.0,0.0,0.0033942668110285013,0.0,0.0,0.0,0.0,0.0,,,,,,,
-0.0031512149143964052,imappo,4.602011216547908e-08,-0.9294469952583313,0.0003466822274091364,2177.0,,,,,,,,,,,,,,0.2096365455151717,,,,,0.02746029943227768,3.140668195555918e-05
,imappo,,,,2177.0,0.0,0.0,0.0015703342293136302,0.0,0.0,0.0,0.0,0.0015703342293136302,0.0,0.0,0.0,0.0,0.0,,,,,,,
-0.01208190992474556,imappo,6.36922266039619e-08,-0.6033788919448853,0.000346382127375792,2178.0,,,,,,,,,,,,,,0.20950316772257416,,,,,0.029086366295814514,3.346339872223325e-05
,imappo,,,,2178.0,0.0,0.0,0.0016731697633076692,0.0,0.0,0.0,0.0,0.0016731697633076692,0.0,0.0,0.0,0.0,0.0,,,,,,,
0.007049206644296646,imappo,8.488892433433648e-08,-0.3837548494338989,0.0003460820273424476,2179.0,,,,,,,,,,,,,,0.20936978992997668,,,,,0.024004589766263962,3.720752283697948e-05
,imappo,,,,2179.0,0.0,0.0,0.0018603763546636287,0.0,0.0,0.0,0.0,0.0018603763546636287,0.0,0.0,0.0,0.0,0.0,,,,,,,
-2.1524057956412435e-05,imappo,5.951936188353102e-08,-0.03383281081914902,0.00034578192730910307,2180.0,,,,,,,,,,,,,,0.20923641213737915,,,,,0.028416747227311134,4.650370101444423e-05
,imappo,,,,2180.0,0.0,0.0,0.0023251852351933167,0.0,0.0,0.0,0.0,0.0023251852351933167,0.0,0.0,0.0,0.0,0.0,,,,,,,
0.006359602324664593,imappo,6.352124870545595e-08,-0.5686706900596619,0.00034548182727575866,2181.0,,,,,,,,,,,,,,0.20910303434478156,,,,,0.027857430279254913,3.1833318644203246e-05
,imappo,,,,2181.0,0.0,0.0,0.001591666054892471,0.0,0.0,0.0,0.0,0.001591666054892471,0.0,0.0,0.0,0.0,0.0,,,,,,,
-0.0033657716121524572,imappo,1.0145804196781683e-07,-0.9131514430046082,0.00034518172724241414,2182.0,,,,,,,,,,,,,,0.20896965655218402,,,,,0.033719100058078766,3.6575158446794376e-05
,imappo,,,,2182.0,0.0,0.0,0.0018287579169111723,0.0,0.0,0.0,0.0,0.0018287579169111723,0.0,0.0,0.0,0.0,0.0,,,,,,,
0.0033410212490707636,imappo,1.1585289172444391e-07,-1.0112820863723755,0.00034488162720906974,2183.0,,,,,,,,,,,,,,0.20883627875958655,,,,,0.022091779857873917,5.5668071581749246e-05
,imappo,,,,2183.0,0.0,0.0,0.0027834034395937124,0.0,0.0,0.0,0.0,0.0027834034395937124,0.0,0.0,0.0,0.0,0.0,,,,,,,
0.012483642436563969,imappo,1.6555644322124863e-07,-0.5522098541259766,0.00034458152717572533,2184.0,,,,,,,,,,,,,,0.208702900966989,,,,,0.0347229540348053,3.8893816963536665e-05
,imappo,,,,2184.0,0.0,0.0,0.00194469091175975,0.0,0.0,0.0,0.0,0.00194469091175975,0.0,0.0,0.0,0.0,0.0,,,,,,,
0.0283025074750185,imappo,1.8167214932418574e-07,-1.0969094038009644,0.0003442814271423808,2185.0,,,,,,,,,,,,,,0.20856952317439142,,,,,0.021393511444330215,5.841622987645678e-05
,imappo,,,,2185.0,0.0,0.0,0.002920811641615728,0.0,0.0,0.0,0.0,0.002920811641615728,0.0,0.0,0.0,0.0,0.0,,,,,,,
-0.0035213881637901068,imappo,1.673977010341332e-07,-0.9032631516456604,0.0003439813271090363,2186.0,,,,,,,,,,,,,,0.2084361453817939,,,,,0.028208041563630104,4.398866440169513e-05
,imappo,,,,2186.0,0.0,0.0,0.002199433217128899,0.0,0.0,0.0,0.0,0.002199433217128899,0.0,0.0,0.0,0.0,0.0,,,,,,,
0.00791565328836441,imappo,1.4710489892877376e-07,-1.168463110923767,0.000343681227075692,2187.0,,,,,,,,,,,,,,0.2083027675891964,,,,,0.01811889186501503,5.7173343520844355e-05
,imappo,,,,2187.0,0.0,0.0,0.0028586673554542585,0.0,0.0,0.0,0.0,0.0028586673554542585,0.0,0.0,0.0,0.0,0.0,,,,,,,
0.013726103119552135,imappo,3.153121497234679e-07,-1.1800693273544312,0.0003433811270423475,2188.0,,,,,,,,,,,,,,0.20816938979659888,,,,,0.027621226385235786,3.9312355511356145e-05
,imappo,,,,2188.0,0.0,0.0,0.0019656178710363292,0.0,0.0,0.0,0.0,0.0019656178710363292,0.0,0.0,0.0,0.0,0.0,,,,,,,
0.0024135634303092957,imappo,1.1086718387787187e-07,-0.8451452851295471,0.00034308102700900307,2189.0,,,,,,,,,,,,,,0.2080360120040013,,,,,0.03193548321723938,3.979796383646317e-05
,imappo,,,,2189.0,0.0,0.0,0.0019898982070669646,0.0,0.0,0.0,0.0,0.0019898982070669646,0.0,0.0,0.0,0.0,0.0,,,,,,,
0.11229568719863892,imappo,1.622178729121515e-07,-0.8121032118797302,0.00034278092697565855,2190.0,,,,,,,,,,,,,,0.20790263421140376,,,,,0.0313761942088604,3.773238495341502e-05
,imappo,,,,2190.0,0.0,0.0,0.0018866194517386248,0.0,0.0,0.0,0.0,0.0018866194517386248,0.0,0.0,0.0,0.0,0.0,,,,,,,
0.05596820265054703,imappo,1.455648543924326e-07,-0.9217267632484436,0.00034248082694231415,2191.0,,,,,,,,,,,,,,0.20776925641880628,,,,,0.037240274250507355,2.0365454474813305e-05
,imappo,,,,2191.0,0.0,0.0,0.0010182726974790057,0.0,0.0,0.0,0.0,0.0010182726974790057,0.0,0.0,0.0,0.0,0.0,,,,,,,
0.03437546640634537,imappo,6.625516135727594e-08,-1.056448221206665,0.00034218072690896974,2192.0,,,,,,,,,,,,,,0.20763587862620875,,,,,0.025751005858182907,3.689754521474242e-05
,imappo,,,,2192.0,0.0,0.0,0.0018448770731964714,0.0,0.0,0.0,0.0,0.0018448770731964714,0.0,0.0,0.0,0.0,0.0,,,,,,,
0.00654608104377985,imappo,4.823059640557403e-08,-0.472239226102829,0.0003418806268756252,2193.0,,,,,,,,,,,,,,0.20750250083361116,,,,,0.02902236580848694,3.824888699455187e-05
,imappo,,,,2193.0,0.0,0.0,0.0019124443954297021,0.0,0.0,0.0,0.0,0.0019124443954297021,0.0,0.0,0.0,0.0,0.0,,,,,,,
-0.010411933064460754,imappo,6.985858647112764e-08,-0.38527539372444153,0.0003415805268422808,2194.0,,,,,,,,,,,,,,0.20736912304101368,,,,,0.030049705877900124,2.931193921540398e-05
,imappo,,,,2194.0,0.0,0.0,0.0014655969929435742,0.0,0.0,0.0,0.0,0.0014655969929435742,0.0,0.0,0.0,0.0,0.0,,,,,,,
-0.012685098685324192,imappo,2.367898410682301e-08,-0.35020774602890015,0.0003412804268089364,2195.0,,,,,,,,,,,,,,0.20723574524841615,,,,,0.027335043996572495,3.906003257725388e-05
,imappo,,,,2195.0,0.0,0.0,0.001953001578385738,0.0,0.0,0.0,0.0,0.001953001578385738,0.0,0.0,0.0,0.0,0.0,,,,,,,
-0.006550942547619343,imappo,8.851823452005192e-08,0.10151520371437073,0.0003409803267755919,2196.0,,,,,,,,,,,,,,0.20710236745581861,,,,,0.02872622385621071,5.0273338274564594e-05
,imappo,,,,2196.0,0.0,0.0,0.002513666980917151,0.0,0.0,0.0,0.0,0.002513666980917151,0.0,0.0,0.0,0.0,0.0,,,,,,,
0.0034676340874284506,imappo,5.4351186662415785e-08,-0.36633214354515076,0.00034068022674224737,2197.0,,,,,,,,,,,,,,0.20696898966322103,,,,,0.029800159856677055,3.3401924156351015e-05
,imappo,,,,2197.0,0.0,0.0,0.0016700960832167766,0.0,0.0,0.0,0.0,0.0016700960832167766,0.0,0.0,0.0,0.0,0.0,,,,,,,
-0.0034520956687629223,imappo,3.800571946044329e-08,-0.35453444719314575,0.00034038012670890307,2198.0,,,,,,,,,,,,,,0.20683561187062355,,,,,0.026466920971870422,3.676488631754182e-05
,imappo,,,,2198.0,0.0,0.0,0.0018382442954134603,0.0,0.0,0.0,0.0,0.0018382442954134603,0.0,0.0,0.0,0.0,0.0,,,,,,,
0.003357174340635538,imappo,9.729995298357608e-08,-0.6782134175300598,0.00034008002667555855,2199.0,,,,,,,,,,,,,,0.20670223407802601,,,,,0.026976656168699265,4.087213528691791e-05
,imappo,,,,2199.0,0.0,0.0,0.002043606546067167,0.0,0.0,0.0,0.0,0.002043606546067167,0.0,0.0,0.0,0.0,0.0,,,,,,,
,imappo,,,,2199.0,,,,,,,,,,,,,,,0.0,0.0,0.0,0.0,,
-0.002649945905432105,imappo,9.259605349143385e-08,-0.34779828786849976,0.00033977992664221415,2200.0,,,,,,,,,,,,,,0.20656885628542848,,,,,0.028631404042243958,3.3002710551954806e-05
,imappo,,,,2200.0,0.0,0.0,0.0016501357222296065,0.0,0.0,0.0,0.0,0.0016501357222296065,0.0,0.0,0.0,0.0,0.0,,,,,,,
-0.003305301070213318,imappo,7.923365075157562e-08,-0.2689289152622223,0.00033947982660886963,2201.0,,,,,,,,,,,,,,0.2064354784928309,,,,,0.02983705885708332,3.733117409865372e-05
,imappo,,,,2201.0,0.0,0.0,0.001866558632741544,0.0,0.0,0.0,0.0,0.001866558632741544,0.0,0.0,0.0,0.0,0.0,,,,,,,
-0.007378449197858572,imappo,2.506488527842521e-08,-0.6051264405250549,0.0003391797265755252,2202.0,,,,,,,,,,,,,,0.20630210070023342,,,,,0.029035042971372604,3.5397686588112265e-05
,imappo,,,,2202.0,0.0,0.0,0.00176988420764701,0.0,0.0,0.0,0.0,0.00176988420764701,0.0,0.0,0.0,0.0,0.0,,,,,,,
0.0013764527393504977,imappo,5.874859354548789e-08,-0.34304696321487427,0.0003388796265421808,2203.0,,,,,,,,,,,,,,0.20616872290763588,,,,,0.02475244738161564,4.54481560154818e-05
,imappo,,,,2203.0,0.0,0.0,0.0022724077450675395,0.0,0.0,0.0,0.0,0.0022724077450675395,0.0,0.0,0.0,0.0,0.0,,,,,,,
-0.00514089222997427,imappo,1.3629714601393061e-07,-0.3343910276889801,0.0003385795265088363,2204.0,,,,,,,,,,,,,,0.20603534511503835,,,,,0.022760510444641113,4.0658498619450256e-05
,imappo,,,,2204.0,0.0,0.0,0.002032924936429481,0.0,0.0,0.0,0.0,0.002032924936429481,0.0,0.0,0.0,0.0,0.0,,,,,,,
-0.007525001652538776,imappo,1.977956713972162e-07,-0.3691699802875519,0.0003382794264754918,2205.0,,,,,,,,,,,,,,0.20590196732244076,,,,,0.02307775989174843,4.8091103963088244e-05
,imappo,,,,2205.0,0.0,0.0,0.002404555189073676,0.0,0.0,0.0,0.0,0.002404555189073676,0.0,0.0,0.0,0.0,0.0,,,,,,,
-0.008080513216555119,imappo,1.524643238326462e-07,-0.8976902365684509,0.0003379793264421475,2206.0,,,,,,,,,,,,,,0.20576858952984328,,,,,0.029636874794960022,4.34980756836012e-05
,imappo,,,,2206.0,0.0,0.0,0.002174903787704352,0.0,0.0,0.0,0.0,0.002174903787704352,0.0,0.0,0.0,0.0,0.0,,,,,,,
0.017711518332362175,imappo,6.916231996001443e-07,-0.38900917768478394,0.00033767922640880296,2207.0,,,,,,,,,,,,,,0.20563521173724575,,,,,0.031242400407791138,3.549955727066845e-05
,imappo,,,,2207.0,0.0,0.0,0.0017749779067344207,0.0,0.0,0.0,0.0,0.0017749779067344207,0.0,0.0,0.0,0.0,0.0,,,,,,,
-0.001746238092891872,imappo,2.35377768831313e-07,-0.39729008078575134,0.00033737912637545845,2208.0,,,,,,,,,,,,,,0.20550183394464822,,,,,0.03352770954370499,3.923891927115619e-05
,imappo,,,,2208.0,0.0,0.0,0.001961946127266856,0.0,0.0,0.0,0.0,0.001961946127266856,0.0,0.0,0.0,0.0,0.0,,,,,,,
-0.00032313980045728385,imappo,8.550946262175785e-08,-0.3512420058250427,0.00033707902634211415,2209.0,,,,,,,,,,,,,,0.20536845615205068,,,,,0.027336161583662033,3.675220796139911e-05
,imappo,,,,2209.0,0.0,0.0,0.0018376104000026316,0.0,0.0,0.0,0.0,0.0018376104000026316,0.0,0.0,0.0,0.0,0.0,,,,,,,
0.0026651197113096714,imappo,1.01581555611574e-07,-0.29587265849113464,0.00033677892630876963,2210.0,,,,,,,,,,,,,,0.20523507835945315,,,,,0.030846789479255676,3.224951433367096e-05
,imappo,,,,2210.0,0.0,0.0,0.0016124757198667794,0.0,0.0,0.0,0.0,0.0016124757198667794,0.0,0.0,0.0,0.0,0.0,,,,,,,
0.04561258852481842,imappo,1.3816752186812664e-07,-0.808049201965332,0.0003364788262754252,2211.0,,,,,,,,,,,,,,0.20510170056685562,,,,,0.02172853983938694,4.016988896182738e-05
,imappo,,,,2211.0,0.0,0.0,0.0020084945257394793,0.0,0.0,0.0,0.0,0.0020084945257394793,0.0,0.0,0.0,0.0,0.0,,,,,,,
0.0002817415806930512,imappo,3.349542865294097e-08,-0.4198024868965149,0.0003361787262420807,2212.0,,,,,,,,,,,,,,0.20496832277425808,,,,,0.028765875846147537,3.158842082484625e-05
,imappo,,,,2212.0,0.0,0.0,0.00157942107279041,0.0,0.0,0.0,0.0,0.00157942107279041,0.0,0.0,0.0,0.0,0.0,,,,,,,
-0.006426224485039711,imappo,4.136171014579304e-07,-0.1454043835401535,0.0003358786262087363,2213.0,,,,,,,,,,,,,,0.20483494498166055,,,,,0.025217503309249878,4.7050154535099864e-05
,imappo,,,,2213.0,0.0,0.0,0.0023525077350541324,0.0,0.0,0.0,0.0,0.0023525077350541324,0.0,0.0,0.0,0.0,0.0,,,,,,,
-0.0005398588255047798,imappo,2.1505506708763278e-07,-0.3077292740345001,0.0003355785261753919,2214.0,,,,,,,,,,,,,,0.20470156718906302,,,,,0.026310143992304802,3.704803384607658e-05
,imappo,,,,2214.0,0.0,0.0,0.0018524017629601985,0.0,0.0,0.0,0.0,0.0018524017629601985,0.0,0.0,0.0,0.0,0.0,,,,,,,
-0.01782437041401863,imappo,7.446695349244692e-08,-0.3364125192165375,0.0003352784261420474,2215.0,,,,,,,,,,,,,,0.20456818939646548,,,,,0.031517393887043,3.739001112990081e-05
,imappo,,,,2215.0,0.0,0.0,0.001869500598331797,0.0,0.0,0.0,0.0,0.001869500598331797,0.0,0.0,0.0,0.0,0.0,,,,,,,
4.344219632912427e-05,imappo,2.2499619944937876e-07,-0.5218618512153625,0.00033497832610870286,2216.0,,,,,,,,,,,,,,0.20443481160386795,,,,,0.032089389860630035,2.9763868951704353e-05
,imappo,,,,2216.0,0.0,0.0,0.0014881935734933904,0.0,0.0,0.0,0.0,0.0014881935734933904,0.0,0.0,0.0,0.0,0.0,,,,,,,
0.0855599045753479,imappo,1.208285880238691e-07,-0.4683406949043274,0.00033467822607535856,2217.0,,,,,,,,,,,,,,0.20430143381127042,,,,,0.03131340071558952,2.9830944185960107e-05
,imappo,,,,2217.0,0.0,0.0,0.0014915471006133885,0.0,0.0,0.0,0.0,0.0014915471006133885,0.0,0.0,0.0,0.0,0.0,,,,,,,
-0.0038972175680100918,imappo,9.07414516859717e-08,-0.3781154453754425,0.00033437812604201404,2218.0,,,,,,,,,,,,,,0.20416805601867288,,,,,0.027869483456015587,3.1308365578297526e-05
,imappo,,,,2218.0,0.0,0.0,0.0015654183000335387,0.0,0.0,0.0,0.0,0.0015654183000335387,0.0,0.0,0.0,0.0,0.0,,,,,,,
0.032032884657382965,imappo,6.218300541149802e-08,-0.5301942229270935,0.0003340780260086695,2219.0,,,,,,,,,,,,,,0.20403467822607535,,,,,0.03126094117760658,3.229863432352431e-05
,imappo,,,,2219.0,0.0,0.0,0.0016149316708151673,0.0,0.0,0.0,0.0,0.0016149316708151673,0.0,0.0,0.0,0.0,0.0,,,,,,,
0.010483034886419773,imappo,3.9969481946400265e-08,-0.3253363370895386,0.0003337779259753251,2220.0,,,,,,,,,,,,,,0.20390130043347782,,,,,0.020174255594611168,6.01474275754299e-05
,imappo,,,,2220.0,0.0,0.0,0.0030073716256993066,0.0,0.0,0.0,0.0,0.0030073716256993066,0.0,0.0,0.0,0.0,0.0,,,,,,,
-0.0036949762143194675,imappo,5.8456524953953704e-08,-0.8659950494766235,0.0003334778259419807,2221.0,,,,,,,,,,,,,,0.20376792264088028,,,,,0.032306790351867676,3.22215782944113e-05
,imappo,,,,2221.0,0.0,0.0,0.0016110788368450812,0.0,0.0,0.0,0.0,0.0016110788368450812,0.0,0.0,0.0,0.0,0.0,,,,,,,
-0.009027918800711632,imappo,8.915847615753592e-08,-0.6080906391143799,0.0003331777259086363,2222.0,,,,,,,,,,,,,,0.20363454484828275,,,,,0.02932264655828476,3.660308357211761e-05
,imappo,,,,2222.0,0.0,0.0,0.0018301541613254813,0.0,0.0,0.0,0.0,0.0018301541613254813,0.0,0.0,0.0,0.0,0.0,,,,,,,
-0.013095250353217125,imappo,9.859233784936805e-08,-0.23964950442314148,0.0003328776258752918,2223.0,,,,,,,,,,,,,,0.20350116705568522,,,,,0.0246146097779274,4.1332808905281126e-05
,imappo,,,,2223.0,0.0,0.0,0.002066640147830867,0.0,0.0,0.0,0.0,0.002066640147830867,0.0,0.0,0.0,0.0,0.0,,,,,,,
-0.006109376437962055,imappo,1.6571254946029512e-07,-0.3708507716655731,0.0003325775258419474,2224.0,,,,,,,,,,,,,,0.20336778926308768,,,,,0.028882380574941635,3.264538827352226e-05
,imappo,,,,2224.0,0.0,0.0,0.001632269440364098,0.0,0.0,0.0,0.0,0.001632269440364098,0.0,0.0,0.0,0.0,0.0,,,,,,,
0.0018805465660989285,imappo,8.158388453693988e-08,-0.7864189743995667,0.00033227742580860297,2225.0,,,,,,,,,,,,,,0.20323441147049015,,,,,0.03176426142454147,3.3415548386983573e-05
,imappo,,,,2225.0,0.0,0.0,0.001670777256663314,0.0,0.0,0.0,0.0,0.001670777256663314,0.0,0.0,0.0,0.0,0.0,,,,,,,
-0.001237014657817781,imappo,9.426905478449044e-08,-0.33228951692581177,0.00033197732577525845,2226.0,,,,,,,,,,,,,,0.20310103367789262,,,,,0.030763089656829834,3.3369749871781096e-05
,imappo,,,,2226.0,0.0,0.0,0.0016684875003534216,0.0,0.0,0.0,0.0,0.0016684875003534216,0.0,0.0,0.0,0.0,0.0,,,,,,,
-0.005217389669269323,imappo,2.8502549653808273e-08,-0.7121384739875793,0.00033167722574191393,2227.0,,,,,,,,,,,,,,0.20296765588529508,,,,,0.030855439603328705,2.8453061531763524e-05
,imappo,,,,2227.0,0.0,0.0,0.0014226531536678522,0.0,0.0,0.0,0.0,0.0014226531536678522,0.0,0.0,0.0,0.0,0.0,,,,,,,
-0.010691381990909576,imappo,2.3802858351018585e-08,-0.460317999124527,0.00033137712570856963,2228.0,,,,,,,,,,,,,,0.20283427809269755,,,,,0.02988770231604576,3.470731098786928e-05
,imappo,,,,2228.0,0.0,0.0,0.0017353654611724778,0.0,0.0,0.0,0.0,0.0017353654611724778,0.0,0.0,0.0,0.0,0.0,,,,,,,
-0.002008321462199092,imappo,3.378115920327218e-08,-0.8201871514320374,0.0003310770256752251,2229.0,,,,,,,,,,,,,,0.20270090030010002,,,,,0.02027394063770771,4.393187919049524e-05
,imappo,,,,2229.0,0.0,0.0,0.0021965939400843126,0.0,0.0,0.0,0.0,0.0021965939400843126,0.0,0.0,0.0,0.0,0.0,,,,,,,
0.0012096688151359558,imappo,7.469954965699799e-08,-0.4025421738624573,0.0003307769256418806,2230.0,,,,,,,,,,,,,,0.20256752250750248,,,,,0.02895870804786682,3.348737664055079e-05
,imappo,,,,2230.0,0.0,0.0,0.001674368780641089,0.0,0.0,0.0,0.0,0.001674368780641089,0.0,0.0,0.0,0.0,0.0,,,,,,,
-0.003782435320317745,imappo,6.755067971653261e-08,-0.7499374151229858,0.0003304768256085362,2231.0,,,,,,,,,,,,,,0.20243414471490495,,,,,0.019452091306447983,4.746585909742862e-05
,imappo,,,,2231.0,0.0,0.0,0.0023732931330187057,0.0,0.0,0.0,0.0,0.0023732931330187057,0.0,0.0,0.0,0.0,0.0,,,,,,,
-0.007950929924845695,imappo,1.6454846729629935e-07,-0.32491928339004517,0.0003301767255751918,2232.0,,,,,,,,,,,,,,0.20230076692230742,,,,,0.028537031263113022,4.098310091649182e-05
,imappo,,,,2232.0,0.0,0.0,0.0020491550505994383,0.0,0.0,0.0,0.0,0.0020491550505994383,0.0,0.0,0.0,0.0,0.0,,,,,,,
-0.008681838400661945,imappo,4.3424869033970026e-08,-0.34288501739501953,0.0003298766255418474,2233.0,,,,,,,,,,,,,,0.20216738912970988,,,,,0.029347680509090424,2.948794099211227e-05
,imappo,,,,2233.0,0.0,0.0,0.0014743969720143468,0.0,0.0,0.0,0.0,0.0014743969720143468,0.0,0.0,0.0,0.0,0.0,,,,,,,
-0.011879626661539078,imappo,6.260599860752336e-08,-0.20562587678432465,0.00032957652550850286,2234.0,,,,,,,,,,,,,,0.20203401133711235,,,,,0.02548675239086151,4.146205901633948e-05
,imappo,,,,2234.0,0.0,0.0,0.00207310302690189,0.0,0.0,0.0,0.0,0.00207310302690189,0.0,0.0,0.0,0.0,0.0,,,,,,,
-0.0020422195084393024,imappo,7.080411279503096e-08,-0.46985554695129395,0.00032927642547515834,2235.0,,,,,,,,,,,,,,0.20190063354451482,,,,,0.028946470469236374,2.9183560400269926e-05
,imappo,,,,2235.0,0.0,0.0,0.0014591779572583619,0.0,0.0,0.0,0.0,0.0014591779572583619,0.0,0.0,0.0,0.0,0.0,,,,,,,
-0.011891876347362995,imappo,2.4064961579028932e-08,-0.6899387836456299,0.00032897632544181404,2236.0,,,,,,,,,,,,,,0.20176725575191728,,,,,0.029915139079093933,3.578723408281803e-05
,imappo,,,,2236.0,0.0,0.0,0.0017893617005029228,0.0,0.0,0.0,0.0,0.0017893617005029228,0.0,0.0,0.0,0.0,0.0,,,,,,,
-0.010883062146604061,imappo,5.323316187855198e-08,-0.06061273068189621,0.0003286762254084695,2237.0,,,,,,,,,,,,,,0.20163387795931975,,,,,0.027117455378174782,4.7784244088688865e-05
,imappo,,,,2237.0,0.0,0.0,0.002389212119851436,0.0,0.0,0.0,0.0,0.002389212119851436,0.0,0.0,0.0,0.0,0.0,,,,,,,
-0.004376648459583521,imappo,6.590415324581045e-08,-0.5224940776824951,0.000328376125375125,2238.0,,,,,,,,,,,,,,0.20150050016672222,,,,,0.03116617351770401,3.038867907889653e-05
,imappo,,,,2238.0,0.0,0.0,0.0015194340244306659,0.0,0.0,0.0,0.0,0.0015194340244306659,0.0,0.0,0.0,0.0,0.0,,,,,,,
0.001016019145026803,imappo,9.647748555607905e-08,-0.961272656917572,0.0003280760253417807,2239.0,,,,,,,,,,,,,,0.20136712237412474,,,,,0.020235160365700722,4.9504997150506824e-05
,imappo,,,,2239.0,0.0,0.0,0.0024752498256930267,0.0,0.0,0.0,0.0,0.0024752498256930267,0.0,0.0,0.0,0.0,0.0,,,,,,,
0.0008981606806628406,imappo,1.0217529933242986e-07,-0.3596901297569275,0.0003277759253084362,2240.0,,,,,,,,,,,,,,0.20123374458152715,,,,,0.025752373039722443,3.635408211266622e-05
,imappo,,,,2240.0,0.0,0.0,0.0018177041082481082,0.0,0.0,0.0,0.0,0.0018177041082481082,0.0,0.0,0.0,0.0,0.0,,,,,,,
-0.012507224455475807,imappo,1.0222753843436294e-07,-0.8011211156845093,0.0003274758252750917,2241.0,,,,,,,,,,,,,,0.20110036678892962,,,,,0.02673097513616085,3.668174031190574e-05
,imappo,,,,2241.0,0.0,0.0,0.0018340871201871778,0.0,0.0,0.0,0.0,0.0018340871201871778,0.0,0.0,0.0,0.0,0.0,,,,,,,
-0.004193976987153292,imappo,4.619398552563325e-08,-0.9364579319953918,0.00032717572524174727,2242.0,,,,,,,,,,,,,,0.20096698899633209,,,,,0.03156227618455887,2.191568273701705e-05
,imappo,,,,2242.0,0.0,0.0,0.0010957842064271972,0.0,0.0,0.0,0.0,0.0010957842064271972,0.0,0.0,0.0,0.0,0.0,,,,,,,
-0.004705176223069429,imappo,5.8419644233254076e-08,-0.6477004289627075,0.00032687562520840286,2243.0,,,,,,,,,,,,,,0.2008336112037346,,,,,0.03261595219373703,3.602408105507493e-05
,imappo,,,,2243.0,0.0,0.0,0.0018012040702615195,0.0,0.0,0.0,0.0,0.0018012040702615195,0.0,0.0,0.0,0.0,0.0,,,,,,,
-0.0044164457358419895,imappo,3.0824864438727673e-07,-0.46605703234672546,0.00032657552517505845,2244.0,,,,,,,,,,,,,,0.20070023341113702,,,,,0.028399605304002762,3.7810597859788686e-05
,imappo,,,,2244.0,0.0,0.0,0.0018905298907156975,0.0,0.0,0.0,0.0,0.0018905298907156975,0.0,0.0,0.0,0.0,0.0,,,,,,,
-0.004014217294752598,imappo,1.283179500433107e-07,-0.3823886215686798,0.00032627542514171394,2245.0,,,,,,,,,,,,,,0.20056685561853949,,,,,0.022694993764162064,3.200148057658225e-05
,imappo,,,,2245.0,0.0,0.0,0.0016000741646848837,0.0,0.0,0.0,0.0,0.0016000741646848837,0.0,0.0,0.0,0.0,0.0,,,,,,,
-0.010790660977363586,imappo,2.3537853621746763e-07,-0.5320658683776855,0.0003259753251083694,2246.0,,,,,,,,,,,,,,0.20043347782594195,,,,,0.028722817078232765,3.128631578874774e-05
,imappo,,,,2246.0,0.0,0.0,0.00156431591534556,0.0,0.0,0.0,0.0,0.00156431591534556,0.0,0.0,0.0,0.0,0.0,,,,,,,
-0.007872028276324272,imappo,5.964810156910971e-08,-0.9476954936981201,0.0003256752250750251,2247.0,,,,,,,,,,,,,,0.20030010003334447,,,,,0.031933970749378204,2.9432647352223285e-05
,imappo,,,,2247.0,0.0,0.0,0.0014716324076857745,0.0,0.0,0.0,0.0,0.0014716324076857745,0.0,0.0,0.0,0.0,0.0,,,,,,,
-0.005990244913846254,imappo,1.3882113591989764e-07,-0.3146696388721466,0.0003253751250416806,2248.0,,,,,,,,,,,,,,0.20016672224074689,,,,,0.02662687376141548,3.662721428554505e-05
,imappo,,,,2248.0,0.0,0.0,0.0018313605372668462,0.0,0.0,0.0,0.0,0.0018313605372668462,0.0,0.0,0.0,0.0,0.0,,,,,,,
-0.007006499450653791,imappo,3.803622661280315e-08,-0.3823622763156891,0.0003250750250083361,2249.0,,,,,,,,,,,,,,0.20003334444814935,,,,,0.03122944012284279,3.106400981778279e-05
,imappo,,,,2249.0,0.0,0.0,0.0015532006236185225,0.0,0.0,0.0,0.0,0.0015532006236185225,0.0,0.0,0.0,0.0,0.0,,,,,,,
-0.003595822025090456,imappo,5.813434711399168e-08,-0.20961296558380127,0.0003247749249749917,2250.0,,,,,,,,,,,,,,0.19989996665555182,,,,,0.019501879811286926,4.209603139315732e-05
,imappo,,,,2250.0,0.0,0.0,0.002104801789926114,0.0,0.0,0.0,0.0,0.002104801789926114,0.0,0.0,0.0,0.0,0.0,,,,,,,
0.02069729194045067,imappo,8.847602828154777e-08,-0.7339785695075989,0.00032447482494164727,2251.0,,,,,,,,,,,,,,0.1997665888629543,,,,,0.02929801307618618,3.487494541332126e-05
,imappo,,,,2251.0,0.0,0.0,0.0017437472580468238,0.0,0.0,0.0,0.0,0.0017437472580468238,0.0,0.0,0.0,0.0,0.0,,,,,,,
0.0024435664527118206,imappo,1.06878978556324e-07,-0.49631550908088684,0.00032417472490830286,2252.0,,,,,,,,,,,,,,0.19963321107035675,,,,,0.03047788143157959,2.9274600819917396e-05
,imappo,,,,2252.0,0.0,0.0,0.001463730055945689,0.0,0.0,0.0,0.0,0.001463730055945689,0.0,0.0,0.0,0.0,0.0,,,,,,,
-0.004249908961355686,imappo,5.195433416815831e-08,-1.0605311393737793,0.00032387462487495835,2253.0,,,,,,,,,,,,,,0.19949983327775922,,,,,0.02987692505121231,5.719974797102623e-05
,imappo,,,,2253.0,0.0,0.0,0.002859987415604337,0.0,0.0,0.0,0.0,0.002859987415604337,0.0,0.0,0.0,0.0,0.0,,,,,,,
0.005776335950940847,imappo,3.544544711076014e-07,-0.12027161568403244,0.00032357452484161394,2254.0,,,,,,,,,,,,,,0.19936645548516174,,,,,0.027587754651904106,5.137376138009131e-05
,imappo,,,,2254.0,0.0,0.0,0.0025686880232456133,0.0,0.0,0.0,0.0,0.0025686880232456133,0.0,0.0,0.0,0.0,0.0,,,,,,,
-0.002961146179586649,imappo,2.451531599945156e-07,-0.5670573711395264,0.00032327442480826953,2255.0,,,,,,,,,,,,,,0.19923307769256415,,,,,0.02721025049686432,3.0439368856605142e-05
,imappo,,,,2255.0,0.0,0.0,0.0015219684762541874,0.0,0.0,0.0,0.0,0.0015219684762541874,0.0,0.0,0.0,0.0,0.0,,,,,,,
-0.007461364381015301,imappo,2.0537761713512737e-07,-0.29925182461738586,0.000322974324774925,2256.0,,,,,,,,,,,,,,0.19909969989996662,,,,,0.02234683558344841,4.52367530670017e-05
,imappo,,,,2256.0,0.0,0.0,0.002261837895730423,0.0,0.0,0.0,0.0,0.002261837895730423,0.0,0.0,0.0,0.0,0.0,,,,,,,
-0.015443891286849976,imappo,2.54014878464659e-07,-0.08723143488168716,0.0003226742247415805,2257.0,,,,,,,,,,,,,,0.1989663221073691,,,,,0.024649176746606827,5.1004350098082796e-05
,imappo,,,,2257.0,0.0,0.0,0.0025502176856093683,0.0,0.0,0.0,0.0,0.0025502176856093683,0.0,0.0,0.0,0.0,0.0,,,,,,,
0.011633381247520447,imappo,2.9149336455702723e-07,-1.0788613557815552,0.0003223741247082362,2258.0,,,,,,,,,,,,,,0.1988329443147716,,,,,0.022799387574195862,3.997873136540875e-05
,imappo,,,,2258.0,0.0,0.0,0.001998936535756002,0.0,0.0,0.0,0.0,0.001998936535756002,0.0,0.0,0.0,0.0,0.0,,,,,,,
-0.0008630546508356929,imappo,6.33832328844619e-08,-0.6029420495033264,0.0003220740246748917,2259.0,,,,,,,,,,,,,,0.19869956652217402,,,,,0.031430162489414215,3.6904610169585794e-05
,imappo,,,,2259.0,0.0,0.0,0.0018452304376523898,0.0,0.0,0.0,0.0,0.0018452304376523898,0.0,0.0,0.0,0.0,0.0,,,,,,,
-0.0024625833611935377,imappo,1.3698667089556693e-07,-0.4332066476345062,0.00032177392464154716,2260.0,,,,,,,,,,,,,,0.1985661887295765,,,,,0.02558007463812828,3.9604190533282235e-05
,imappo,,,,2260.0,0.0,0.0,0.0019802095084671123,0.0,0.0,0.0,0.0,0.0019802095084671123,0.0,0.0,0.0,0.0,0.0,,,,,,,
-0.015899866819381714,imappo,5.741340203258005e-08,-0.7870647311210632,0.00032147382460820276,2261.0,,,,,,,,,,,,,,0.19843281093697895,,,,,0.031866952776908875,3.0737166525796056e-05
,imappo,,,,2261.0,0.0,0.0,0.0015368582157861965,0.0,0.0,0.0,0.0,0.0015368582157861965,0.0,0.0,0.0,0.0,0.0,,,,,,,
-0.007888957858085632,imappo,5.032701722029742e-08,-0.15951867401599884,0.00032117372457485835,2262.0,,,,,,,,,,,,,,0.19829943314438148,,,,,0.02199406921863556,4.9181213398696855e-05
,imappo,,,,2262.0,0.0,0.0,0.0024590605002519084,0.0,0.0,0.0,0.0,0.0024590605002519084,0.0,0.0,0.0,0.0,0.0,,,,,,,
-0.007500734645873308,imappo,1.502545643461417e-07,-0.8118343353271484,0.00032087362454151394,2263.0,,,,,,,,,,,,,,0.1981660553517839,,,,,0.031135553494095802,3.149165786453523e-05
,imappo,,,,2263.0,0.0,0.0,0.0015745829182378657,0.0,0.0,0.0,0.0,0.0015745829182378657,0.0,0.0,0.0,0.0,0.0,,,,,,,
-0.004401562735438347,imappo,1.056461584880708e-07,-0.11641863733530045,0.0003205735245081694,2264.0,,,,,,,,,,,,,,0.19803267755918635,,,,,0.020791448652744293,4.857432213611901e-05
,imappo,,,,2264.0,0.0,0.0,0.0024287161473921515,0.0,0.0,0.0,0.0,0.0024287161473921515,0.0,0.0,0.0,0.0,0.0,,,,,,,
-0.01060047373175621,imappo,1.4306272078101756e-07,-0.5299732685089111,0.0003202734244748249,2265.0,,,,,,,,,,,,,,0.19789929976658882,,,,,0.031119924038648605,3.4199012588942423e-05
,imappo,,,,2265.0,0.0,0.0,0.00170995065752777,0.0,0.0,0.0,0.0,0.00170995065752777,0.0,0.0,0.0,0.0,0.0,,,,,,,
0.00318733393214643,imappo,9.021372449069531e-08,-0.8275654911994934,0.0003199733244414806,2266.0,,,,,,,,,,,,,,0.19776592197399134,,,,,0.03104614093899727,2.8242047847015783e-05
,imappo,,,,2266.0,0.0,0.0,0.001412102513654645,0.0,0.0,0.0,0.0,0.001412102513654645,0.0,0.0,0.0,0.0,0.0,,,,,,,
0.03263506665825844,imappo,8.214790625515889e-08,-1.137290596961975,0.0003196732244081361,2267.0,,,,,,,,,,,,,,0.19763254418139375,,,,,0.020067133009433746,5.1453625928843394e-05
,imappo,,,,2267.0,0.0,0.0,0.002572680910816416,0.0,0.0,0.0,0.0,0.002572680910816416,0.0,0.0,0.0,0.0,0.0,,,,,,,
0.0008277214365079999,imappo,1.2529775972325297e-07,-0.4713495969772339,0.0003193731243747916,2268.0,,,,,,,,,,,,,,0.19749916638879622,,,,,0.023365996778011322,3.993430800619535e-05
,imappo,,,,2268.0,0.0,0.0,0.0019967153639299795,0.0,0.0,0.0,0.0,0.0019967153639299795,0.0,0.0,0.0,0.0,0.0,,,,,,,
0.016690431162714958,imappo,1.0210627010565076e-07,-0.7338653802871704,0.0003190730243414473,2269.0,,,,,,,,,,,,,,0.19736578859619874,,,,,0.030519546940922737,3.271443347330205e-05
,imappo,,,,2269.0,0.0,0.0,0.0016357216724856016,0.0,0.0,0.0,0.0,0.0016357216724856016,0.0,0.0,0.0,0.0,0.0,,,,,,,
-0.007466774433851242,imappo,8.736290624256071e-08,-0.7595224976539612,0.00031877292430810276,2270.0,,,,,,,,,,,,,,0.1972324108036012,,,,,0.03226238489151001,3.3812513720477e-05
,imappo,,,,2270.0,0.0,0.0,0.0016906256932998076,0.0,0.0,0.0,0.0,0.0016906256932998076,0.0,0.0,0.0,0.0,0.0,,,,,,,
-0.0038044890388846397,imappo,6.085150516810245e-08,-1.339237928390503,0.00031847282427475824,2271.0,,,,,,,,,,,,,,0.19709903301100362,,,,,0.0308728888630867,3.4148673876188695e-05
,imappo,,,,2271.0,0.0,0.0,0.0017074335808899832,0.0,0.0,0.0,0.0,0.0017074335808899832,0.0,0.0,0.0,0.0,0.0,,,,,,,
-0.005772920325398445,imappo,7.321760620015993e-08,-0.7189675569534302,0.00031817272424141383,2272.0,,,,,,,,,,,,,,0.1969656552184061,,,,,0.029778480529785156,3.0389748644665815e-05
,imappo,,,,2272.0,0.0,0.0,0.001519487420864607,0.0,0.0,0.0,0.0,0.001519487420864607,0.0,0.0,0.0,0.0,0.0,,,,,,,
-0.007188620511442423,imappo,3.1853652160407364e-08,-1.2230201959609985,0.0003178726242080694,2273.0,,,,,,,,,,,,,,0.1968322774258086,,,,,0.03204667195677757,2.9668488423340023e-05
,imappo,,,,2273.0,0.0,0.0,0.001483424484376883,0.0,0.0,0.0,0.0,0.001483424484376883,0.0,0.0,0.0,0.0,0.0,,,,,,,
0.006745183374732733,imappo,4.4050288749986066e-08,-1.200957179069519,0.000317572524174725,2274.0,,,,,,,,,,,,,,0.19669889963321108,,,,,0.02994963712990284,2.977879557874985e-05
,imappo,,,,2274.0,0.0,0.0,0.001488939886883145,0.0,0.0,0.0,0.0,0.001488939886883145,0.0,0.0,0.0,0.0,0.0,,,,,,,
-0.005018501076847315,imappo,4.241452700171067e-08,-0.9131128787994385,0.0003172724241413805,2275.0,,,,,,,,,,,,,,0.1965655218406135,,,,,0.02734796330332756,3.0713352316524833e-05
,imappo,,,,2275.0,0.0,0.0,0.0015356677772615512,0.0,0.0,0.0,0.0,0.0015356677772615512,0.0,0.0,0.0,0.0,0.0,,,,,,,
0.01765737123787403,imappo,2.4891868122267624e-08,-1.6333709955215454,0.000316972324108036,2276.0,,,,,,,,,,,,,,0.19643214404801596,,,,,0.01669977232813835,4.9099304305855185e-05
,imappo,,,,2276.0,0.0,0.0,0.0024549649663185846,0.0,0.0,0.0,0.0,0.0024549649663185846,0.0,0.0,0.0,0.0,0.0,,,,,,,
-0.00690859230235219,imappo,9.489915697713514e-08,-0.8485530018806458,0.0003166722240746917,2277.0,,,,,,,,,,,,,,0.19629876625541848,,,,,0.025209445506334305,5.507245077751577e-05
,imappo,,,,2277.0,0.0,0.0,0.002753622529326094,0.0,0.0,0.0,0.0,0.002753622529326094,0.0,0.0,0.0,0.0,0.0,,,,,,,
0.047831565141677856,imappo,1.0631681846007268e-07,-1.4200222492218018,0.00031637212404134717,2278.0,,,,,,,,,,,,,,0.19616538846282094,,,,,0.029845912009477615,3.096219734288752e-05
,imappo,,,,2278.0,0.0,0.0,0.0015481098889722489,0.0,0.0,0.0,0.0,0.0015481098889722489,0.0,0.0,0.0,0.0,0.0,,,,,,,
0.0194647628813982,imappo,1.9115057625640475e-07,-0.831341028213501,0.00031607202400800265,2279.0,,,,,,,,,,,,,,0.19603201067022336,,,,,0.02255481854081154,5.65375157748349e-05
,imappo,,,,2279.0,0.0,0.0,0.002826875790503891,0.0,0.0,0.0,0.0,0.002826875790503891,0.0,0.0,0.0,0.0,0.0,,,,,,,
-0.007506165187805891,imappo,9.154919666798378e-08,-1.061452031135559,0.00031577192397465824,2280.0,,,,,,,,,,,,,,0.19589863287762582,,,,,0.02800796739757061,3.0496941690216772e-05
,imappo,,,,2280.0,0.0,0.0,0.001524847002201568,0.0,0.0,0.0,0.0,0.001524847002201568,0.0,0.0,0.0,0.0,0.0,,,,,,,
-0.01003162283450365,imappo,1.939388916127882e-08,-1.4190434217453003,0.00031547182394131383,2281.0,,,,,,,,,,,,,,0.19576525508502834,,,,,0.030687600374221802,2.7831056286231615e-05
,imappo,,,,2281.0,0.0,0.0,0.0013915528957113565,0.0,0.0,0.0,0.0,0.0013915528957113565,0.0,0.0,0.0,0.0,0.0,,,,,,,
-0.0031403417233377695,imappo,8.625247005511483e-08,-0.9810022115707397,0.0003151717239079693,2282.0,,,,,,,,,,,,,,0.1956318772924308,,,,,0.030169282108545303,2.9168666515033692e-05
,imappo,,,,2282.0,0.0,0.0,0.0014584334057872184,0.0,0.0,0.0,0.0,0.0014584334057872184,0.0,0.0,0.0,0.0,0.0,,,,,,,
-0.0013189916498959064,imappo,2.6712241307791373e-08,-1.038527250289917,0.0003148716238746249,2283.0,,,,,,,,,,,,,,0.19549849949983322,,,,,0.035298727452754974,2.9310735044418834e-05
,imappo,,,,2283.0,0.0,0.0,0.0014655366994276164,0.0,0.0,0.0,0.0,0.0014655366994276164,0.0,0.0,0.0,0.0,0.0,,,,,,,
0.015125956386327744,imappo,3.8479651465195275e-08,-1.1070058345794678,0.0003145715238412805,2284.0,,,,,,,,,,,,,,0.19536512170723574,,,,,0.03307464346289635,3.20054023177363e-05
,imappo,,,,2284.0,0.0,0.0,0.0016002701945581066,0.0,0.0,0.0,0.0,0.0016002701945581066,0.0,0.0,0.0,0.0,0.0,,,,,,,
-0.00029545900179073215,imappo,7.195375673063609e-08,-0.8478260040283203,0.0003142714238079361,2285.0,,,,,,,,,,,,,,0.1952317439146382,,,,,0.028356242924928665,3.398230182938278e-05
,imappo,,,,2285.0,0.0,0.0,0.0016991150205285521,0.0,0.0,0.0,0.0,0.0016991150205285521,0.0,0.0,0.0,0.0,0.0,,,,,,,
-0.004447797778993845,imappo,5.812158221374375e-08,-1.2925773859024048,0.0003139713237745916,2286.0,,,,,,,,,,,,,,0.19509836612204068,,,,,0.032702259719371796,3.2391333661507815e-05
,imappo,,,,2286.0,0.0,0.0,0.0016195666420344423,0.0,0.0,0.0,0.0,0.0016195666420344423,0.0,0.0,0.0,0.0,0.0,,,,,,,
0.01204514317214489,imappo,2.419827715982592e-08,-1.573481798171997,0.00031367122374124706,2287.0,,,,,,,,,,,,,,0.1949649883294431,,,,,0.02235887572169304,3.9014379581203684e-05
,imappo,,,,2287.0,0.0,0.0,0.0019507187856788732,0.0,0.0,0.0,0.0,0.0019507187856788732,0.0,0.0,0.0,0.0,0.0,,,,,,,
-0.00591422850266099,imappo,1.2353009992693842e-07,-0.9267187714576721,0.00031337112370790276,2288.0,,,,,,,,,,,,,,0.1948316105368456,,,,,0.02811564691364765,2.909746217483189e-05
,imappo,,,,2288.0,0.0,0.0,0.001454873078273522,0.0,0.0,0.0,0.0,0.001454873078273522,0.0,0.0,0.0,0.0,0.0,,,,,,,
0.0065594688057899475,imappo,3.463375364276544e-08,-0.9127338528633118,0.00031307102367455824,2289.0,,,,,,,,,,,,,,0.19469823274424808,,,,,0.02921299636363983,3.0306999178719707e-05
,imappo,,,,2289.0,0.0,0.0,0.0015153499909672519,0.0,0.0,0.0,0.0,0.0015153499909672519,0.0,0.0,0.0,0.0,0.0,,,,,,,
-0.0035481522791087627,imappo,4.2848558479136045e-08,-0.6253354549407959,0.0003127709236412137,2290.0,,,,,,,,,,,,,,0.19456485495165055,,,,,0.022617191076278687,4.307544440962374e-05
,imappo,,,,2290.0,0.0,0.0,0.0021537721796676124,0.0,0.0,0.0,0.0,0.0021537721796676124,0.0,0.0,0.0,0.0,0.0,,,,,,,
0.006274401675909758,imappo,1.5010005682825067e-08,-1.2200387716293335,0.0003124708236078693,2291.0,,,,,,,,,,,,,,0.19443147715905296,,,,,0.0316082239151001,3.17646045004949e-05
,imappo,,,,2291.0,0.0,0.0,0.0015882302150203031,0.0,0.0,0.0,0.0,0.0015882302150203031,0.0,0.0,0.0,0.0,0.0,,,,,,,
0.010243619792163372,imappo,1.2501028834321914e-07,-0.8491153120994568,0.0003121707235745249,2292.0,,,,,,,,,,,,,,0.19429809936645548,,,,,0.027687203139066696,3.0341901947394945e-05
,imappo,,,,2292.0,0.0,0.0,0.0015170951189702464,0.0,0.0,0.0,0.0,0.0015170951189702464,0.0,0.0,0.0,0.0,0.0,,,,,,,
0.007153348531574011,imappo,1.685274924057012e-07,-0.6472165584564209,0.0003118706235411804,2293.0,,,,,,,,,,,,,,0.19416472157385795,,,,,0.027708591893315315,2.865669557650108e-05
,imappo,,,,2293.0,0.0,0.0,0.0014328346651382162,0.0,0.0,0.0,0.0,0.0014328346651382162,0.0,0.0,0.0,0.0,0.0,,,,,,,
-0.0071907052770257,imappo,1.038023569321922e-07,-0.7305435538291931,0.000311570523507836,2294.0,,,,,,,,,,,,,,0.1940313437812604,,,,,0.026908408850431442,3.392762300791219e-05
,imappo,,,,2294.0,0.0,0.0,0.0016963811984851418,0.0,0.0,0.0,0.0,0.0016963811984851418,0.0,0.0,0.0,0.0,0.0,,,,,,,
0.012780621647834778,imappo,1.2277558880668948e-07,-1.147029161453247,0.00031127042347449147,2295.0,,,,,,,,,,,,,,0.19389796598866282,,,,,0.030853891745209694,3.024885882041417e-05
,imappo,,,,2295.0,0.0,0.0,0.00151244287553709,0.0,0.0,0.0,0.0,0.00151244287553709,0.0,0.0,0.0,0.0,0.0,,,,,,,
-0.003126805182546377,imappo,7.163186666048205e-08,-0.47882115840911865,0.00031097032344114717,2296.0,,,,,,,,,,,,,,0.19376458819606535,,,,,0.02844361960887909,3.297378862043843e-05
,imappo,,,,2296.0,0.0,0.0,0.001648689183184615,0.0,0.0,0.0,0.0,0.001648689183184615,0.0,0.0,0.0,0.0,0.0,,,,,,,
0.05433713272213936,imappo,3.587521391068549e-08,-1.5787655115127563,0.00031067022340780265,2297.0,,,,,,,,,,,,,,0.1936312104034678,,,,,0.03079206682741642,3.1576695619150996e-05
,imappo,,,,2297.0,0.0,0.0,0.0015788348808882802,0.0,0.0,0.0,0.0,0.0015788348808882802,0.0,0.0,0.0,0.0,0.0,,,,,,,
-0.007197599858045578,imappo,4.421915988928049e-08,-0.9047756195068359,0.00031037012337445814,2298.0,,,,,,,,,,,,,,0.19349783261087028,,,,,0.0314752459526062,3.424742317292839e-05
,imappo,,,,2298.0,0.0,0.0,0.0017123711431281663,0.0,0.0,0.0,0.0,0.0017123711431281663,0.0,0.0,0.0,0.0,0.0,,,,,,,
-0.003886322258040309,imappo,4.475623072153212e-08,-1.3041387796401978,0.00031007002334111384,2299.0,,,,,,,,,,,,,,0.19336445481827275,,,,,0.031603001058101654,3.023166391358245e-05
,imappo,,,,2299.0,0.0,0.0,0.0015115832854917244,0.0,0.0,0.0,0.0,0.0015115832854917244,0.0,0.0,0.0,0.0,0.0,,,,,,,
,imappo,,,,2299.0,,,,,,,,,,,,,,,0.0,0.0,0.0,0.0,,
-0.006586228031665087,imappo,6.36887236282746e-08,-1.4222359657287598,0.0003097699233077693,2300.0,,,,,,,,,,,,,,0.1932310770256752,,,,,0.028896015137434006,2.963831866509281e-05
,imappo,,,,2300.0,0.0,0.0,0.0014819159214312094,0.0,0.0,0.0,0.0,0.0014819159214312094,0.0,0.0,0.0,0.0,0.0,,,,,,,
-0.0017990460619330406,imappo,2.8389203876599822e-08,-0.944287121295929,0.0003094698232744248,2301.0,,,,,,,,,,,,,,0.19309769923307768,,,,,0.02765011228621006,2.9186940082581714e-05
,imappo,,,,2301.0,0.0,0.0,0.0014593470132240327,0.0,0.0,0.0,0.0,0.0014593470132240327,0.0,0.0,0.0,0.0,0.0,,,,,,,
0.006249947939068079,imappo,3.6877267461932206e-08,-0.795250415802002,0.0003091697232410804,2302.0,,,,,,,,,,,,,,0.19296432144048015,,,,,0.02502487227320671,4.8530782805755734e-05
,imappo,,,,2302.0,0.0,0.0,0.0024265390936761833,0.0,0.0,0.0,0.0,0.0024265390936761833,0.0,0.0,0.0,0.0,0.0,,,,,,,
0.006632376462221146,imappo,1.285065849288003e-07,-0.6118304133415222,0.000308869623207736,2303.0,,,,,,,,,,,,,,0.1928309436478826,,,,,0.022979915142059326,4.564523260341957e-05
,imappo,,,,2303.0,0.0,0.0,0.002282261580035083,0.0,0.0,0.0,0.0,0.002282261580035083,0.0,0.0,0.0,0.0,0.0,,,,,,,
-0.010845835320651531,imappo,1.0595841359872793e-07,-0.6177152395248413,0.00030856952317439147,2304.0,,,,,,,,,,,,,,0.19269756585528508,,,,,0.021341418847441673,4.97040746267885e-05
,imappo,,,,2304.0,0.0,0.0,0.0024852037217897305,0.0,0.0,0.0,0.0,0.0024852037217897305,0.0,0.0,0.0,0.0,0.0,,,,,,,
-0.002274951199069619,imappo,7.16087313890057e-08,-0.8648858666419983,0.00030826942314104706,2305.0,,,,,,,,,,,,,,0.19256418806268755,,,,,0.026804987341165543,3.192634176230058e-05
,imappo,,,,2305.0,0.0,0.0,0.0015963172014608062,0.0,0.0,0.0,0.0,0.0015963172014608062,0.0,0.0,0.0,0.0,0.0,,,,,,,
0.018435023725032806,imappo,4.016867194422957e-08,-1.2653874158859253,0.00030796932310770255,2306.0,,,,,,,,,,,,,,0.19243081027009,,,,,0.030267827212810516,3.353318606968969e-05
,imappo,,,,2306.0,0.0,0.0,0.001676659221175214,0.0,0.0,0.0,0.0,0.001676659221175214,0.0,0.0,0.0,0.0,0.0,,,,,,,
0.008393014781177044,imappo,9.11551012450218e-08,-1.0550687313079834,0.00030766922307435825,2307.0,,,,,,,,,,,,,,0.19229743247749248,,,,,0.031546082347631454,3.2937678042799234e-05
,imappo,,,,2307.0,0.0,0.0,0.0016468839130538981,0.0,0.0,0.0,0.0,0.0016468839130538981,0.0,0.0,0.0,0.0,0.0,,,,,,,
0.009157896041870117,imappo,9.083455410063834e-08,-1.7236011028289795,0.00030736912304101373,2308.0,,,,,,,,,,,,,,0.19216405468489495,,,,,0.02347714640200138,4.6259272494353354e-05
,imappo,,,,2308.0,0.0,0.0,0.0023129635101213353,0.0,0.0,0.0,0.0,0.0023129635101213353,0.0,0.0,0.0,0.0,0.0,,,,,,,
0.05896015465259552,imappo,2.752455863230807e-08,-1.732600450515747,0.0003070690230076692,2309.0,,,,,,,,,,,,,,0.19203067689229741,,,,,0.022851228713989258,4.705657556769438e-05
,imappo,,,,2309.0,0.0,0.0,0.0023528288275542764,0.0,0.0,0.0,0.0,0.0023528288275542764,0.0,0.0,0.0,0.0,0.0,,,,,,,
0.019680572673678398,imappo,1.3013355726343434e-07,-1.0139586925506592,0.0003067689229743248,2310.0,,,,,,,,,,,,,,0.19189729909969988,,,,,0.02941819094121456,3.189244671375491e-05
,imappo,,,,2310.0,0.0,0.0,0.0015946223475111765,0.0,0.0,0.0,0.0,0.0015946223475111765,0.0,0.0,0.0,0.0,0.0,,,,,,,
0.028857789933681488,imappo,5.495075683370487e-08,-0.8706076145172119,0.0003064688229409804,2311.0,,,,,,,,,,,,,,0.19176392130710235,,,,,0.028250424191355705,3.241425292799249e-05
,imappo,,,,2311.0,0.0,0.0,0.0016207124795073469,0.0,0.0,0.0,0.0,0.0016207124795073469,0.0,0.0,0.0,0.0,0.0,,,,,,,
0.02633056975901127,imappo,7.959820891301206e-08,-1.4342466592788696,0.0003061687229076359,2312.0,,,,,,,,,,,,,,0.19163054351450481,,,,,0.028750186786055565,3.8654558011330664e-05
,imappo,,,,2312.0,0.0,0.0,0.0019327278095531142,0.0,0.0,0.0,0.0,0.0019327278095531142,0.0,0.0,0.0,0.0,0.0,,,,,,,
-0.006927715614438057,imappo,4.9886224928741285e-08,-1.4077891111373901,0.00030586862287429147,2313.0,,,,,,,,,,,,,,0.19149716572190728,,,,,0.02836032211780548,2.9235332476673648e-05
,imappo,,,,2313.0,0.0,0.0,0.0014617668023220176,0.0,0.0,0.0,0.0,0.0014617668023220176,0.0,0.0,0.0,0.0,0.0,,,,,,,
-0.009026332758367062,imappo,5.2761539137691216e-08,-1.0423994064331055,0.00030556852284094706,2314.0,,,,,,,,,,,,,,0.19136378792930975,,,,,0.029143694788217545,3.073022162425332e-05
,imappo,,,,2314.0,0.0,0.0,0.001536511086669634,0.0,0.0,0.0,0.0,0.001536511086669634,0.0,0.0,0.0,0.0,0.0,,,,,,,
-0.008712255395948887,imappo,5.360173815915914e-08,-0.9656592607498169,0.00030526842280760255,2315.0,,,,,,,,,,,,,,0.19123041013671221,,,,,0.03306907042860985,3.0229997719288804e-05
,imappo,,,,2315.0,0.0,0.0,0.0015114999226852888,0.0,0.0,0.0,0.0,0.0015114999226852888,0.0,0.0,0.0,0.0,0.0,,,,,,,
-0.008097252808511257,imappo,4.283710808294927e-08,-0.7960735559463501,0.00030496832277425814,2316.0,,,,,,,,,,,,,,0.19109703234411468,,,,,0.02175954543054104,4.879638072452508e-05
,imappo,,,,2316.0,0.0,0.0,0.0024398193112062927,0.0,0.0,0.0,0.0,0.0024398193112062927,0.0,0.0,0.0,0.0,0.0,,,,,,,
-0.009502707049250603,imappo,6.925881024244518e-08,-0.9420612454414368,0.0003046682227409136,2317.0,,,,,,,,,,,,,,0.19096365455151715,,,,,0.026160575449466705,3.2515898055862635e-05
,imappo,,,,2317.0,0.0,0.0,0.001625794860814267,0.0,0.0,0.0,0.0,0.001625794860814267,0.0,0.0,0.0,0.0,0.0,,,,,,,
0.01741221360862255,imappo,3.015427978425578e-07,-0.746156632900238,0.0003043681227075693,2318.0,,,,,,,,,,,,,,0.19083027675891961,,,,,0.029034417122602463,2.475344626873266e-05
,imappo,,,,2318.0,0.0,0.0,0.0012376722866065393,0.0,0.0,0.0,0.0,0.0012376722866065393,0.0,0.0,0.0,0.0,0.0,,,,,,,
0.004800662863999605,imappo,7.83492595246571e-08,-1.0684833526611328,0.0003040680226742248,2319.0,,,,,,,,,,,,,,0.19069689896632208,,,,,0.03295668587088585,3.187438051099889e-05
,imappo,,,,2319.0,0.0,0.0,0.001593719064430843,0.0,0.0,0.0,0.0,0.001593719064430843,0.0,0.0,0.0,0.0,0.0,,,,,,,
-0.0023405852261930704,imappo,5.190395313547924e-08,-0.9872663617134094,0.0003037679226408803,2320.0,,,,,,,,,,,,,,0.19056352117372455,,,,,0.028329646214842796,2.5576639018254355e-05
,imappo,,,,2320.0,0.0,0.0,0.0012788319336323184,0.0,0.0,0.0,0.0,0.0012788319336323184,0.0,0.0,0.0,0.0,0.0,,,,,,,
-0.0007329565705731511,imappo,5.2511914816477656e-08,-0.646959662437439,0.0003034678226075359,2321.0,,,,,,,,,,,,,,0.19043014338112702,,,,,0.02800080180168152,3.0110026273177937e-05
,imappo,,,,2321.0,0.0,0.0,0.001505501459241998,0.0,0.0,0.0,0.0,0.001505501459241998,0.0,0.0,0.0,0.0,0.0,,,,,,,
-0.0039228470996022224,imappo,2.961037814941392e-08,-1.0995590686798096,0.00030316772257419147,2322.0,,,,,,,,,,,,,,0.19029676558852948,,,,,0.029568597674369812,3.063584154006094e-05
,imappo,,,,2322.0,0.0,0.0,0.0015317921124733402,0.0,0.0,0.0,0.0,0.0015317921124733402,0.0,0.0,0.0,0.0,0.0,,,,,,,
-0.0033000570256263018,imappo,8.256000683104503e-08,-1.076871633529663,0.00030286762254084696,2323.0,,,,,,,,,,,,,,0.19016338779593195,,,,,0.02857515960931778,4.0494567656423897e-05
,imappo,,,,2323.0,0.0,0.0,0.0020247285510777147,0.0,0.0,0.0,0.0,0.0020247285510777147,0.0,0.0,0.0,0.0,0.0,,,,,,,
-0.0025493893772363663,imappo,5.012660153624893e-08,-1.1828173398971558,0.00030256752250750255,2324.0,,,,,,,,,,,,,,0.19003001000333442,,,,,0.027758417651057243,3.1081279303180054e-05
,imappo,,,,2324.0,0.0,0.0,0.0015540640520157467,0.0,0.0,0.0,0.0,0.0015540640520157467,0.0,0.0,0.0,0.0,0.0,,,,,,,
0.008484099991619587,imappo,8.204925450172595e-08,-1.0900958776474,0.00030226742247415803,2325.0,,,,,,,,,,,,,,0.18989663221073688,,,,,0.03184017539024353,3.0812458135187626e-05
,imappo,,,,2325.0,0.0,0.0,0.0015406227925183202,0.0,0.0,0.0,0.0,0.0015406227925183202,0.0,0.0,0.0,0.0,0.0,,,,,,,
-0.00817493349313736,imappo,5.0980943910872156e-08,-1.4595545530319214,0.0003019673224408136,2326.0,,,,,,,,,,,,,,0.18976325441813935,,,,,0.03153106942772865,3.204770109732635e-05
,imappo,,,,2326.0,0.0,0.0,0.0016023850806732298,0.0,0.0,0.0,0.0,0.0016023850806732298,0.0,0.0,0.0,0.0,0.0,,,,,,,
-0.00470059085637331,imappo,3.873089582384637e-08,-0.945336103439331,0.0003016672224074692,2327.0,,,,,,,,,,,,,,0.18962987662554182,,,,,0.0284266360104084,3.351226405357011e-05
,imappo,,,,2327.0,0.0,0.0,0.001675612968554674,0.0,0.0,0.0,0.0,0.001675612968554674,0.0,0.0,0.0,0.0,0.0,,,,,,,
0.006916587706655264,imappo,5.075352760286478e-08,-1.521154522895813,0.0003013671223741247,2328.0,,,,,,,,,,,,,,0.18949649883294428,,,,,0.03090871497988701,2.437748662487138e-05
,imappo,,,,2328.0,0.0,0.0,0.001218874437768136,0.0,0.0,0.0,0.0,0.001218874437768136,0.0,0.0,0.0,0.0,0.0,,,,,,,
-0.004581323359161615,imappo,4.964140742913514e-08,-1.1152472496032715,0.0003010670223407803,2329.0,,,,,,,,,,,,,,0.18936312104034675,,,,,0.027413658797740936,2.835669511114247e-05
,imappo,,,,2329.0,0.0,0.0,0.00141783486390068,0.0,0.0,0.0,0.0,0.00141783486390068,0.0,0.0,0.0,0.0,0.0,,,,,,,
0.010371222160756588,imappo,4.381127993724476e-08,-1.0036519765853882,0.0003007669223074359,2330.0,,,,,,,,,,,,,,0.18922974324774922,,,,,0.0272039994597435,2.8398437279975042e-05
,imappo,,,,2330.0,0.0,0.0,0.0014199218960584403,0.0,0.0,0.0,0.0,0.0014199218960584403,0.0,0.0,0.0,0.0,0.0,,,,,,,
0.010298950597643852,imappo,4.8304315214409144e-08,-1.0002437829971313,0.00030046682227409137,2331.0,,,,,,,,,,,,,,0.18909636545515168,,,,,0.025604248046875,3.65508021786809e-05
,imappo,,,,2331.0,0.0,0.0,0.0018275401177447748,0.0,0.0,0.0,0.0,0.0018275401177447748,0.0,0.0,0.0,0.0,0.0,,,,,,,
0.00015236952458508313,imappo,1.0258608185154117e-08,-1.1616005897521973,0.00030016672224074696,2332.0,,,,,,,,,,,,,,0.18896298766255415,,,,,0.02946685440838337,3.317937080282718e-05
,imappo,,,,2332.0,0.0,0.0,0.0016589685647687702,0.0,0.0,0.0,0.0,0.0016589685647687702,0.0,0.0,0.0,0.0,0.0,,,,,,,
-0.005120112560689449,imappo,4.973722411705239e-08,-0.5553315281867981,0.00029986662220740255,2333.0,,,,,,,,,,,,,,0.18882960986995667,,,,,0.025417663156986237,3.2458818168379366e-05
,imappo,,,,2333.0,0.0,0.0,0.0016229407876835467,0.0,0.0,0.0,0.0,0.0016229407876835467,0.0,0.0,0.0,0.0,0.0,,,,,,,
-0.0051709869876503944,imappo,7.583509642472563e-08,-0.5894514918327332,0.00029956652217405803,2334.0,,,,,,,,,,,,,,0.18869623207735908,,,,,0.022011592984199524,5.1562514272518456e-05
,imappo,,,,2334.0,0.0,0.0,0.00257812552553105,0.0,0.0,0.0,0.0,0.00257812552553105,0.0,0.0,0.0,0.0,0.0,,,,,,,
-0.007838084362447262,imappo,1.0763869795482606e-08,-1.125242829322815,0.0002992664221407136,2335.0,,,,,,,,,,,,,,0.18856285428476155,,,,,0.0300699882209301,3.335963629069738e-05
,imappo,,,,2335.0,0.0,0.0,0.0016679816792475322,0.0,0.0,0.0,0.0,0.0016679816792475322,0.0,0.0,0.0,0.0,0.0,,,,,,,
-0.0026541082188487053,imappo,3.6870247299702896e-08,-1.3108090162277222,0.0002989663221073691,2336.0,,,,,,,,,,,,,,0.18842947649216402,,,,,0.02781768888235092,2.9163826184230857e-05
,imappo,,,,2336.0,0.0,0.0,0.0014581913046640693,0.0,0.0,0.0,0.0,0.0014581913046640693,0.0,0.0,0.0,0.0,0.0,,,,,,,
-0.007099607493728399,imappo,4.3155193196753316e-08,-0.896253764629364,0.0002986662220740247,2337.0,,,,,,,,,,,,,,0.18829609869956654,,,,,0.028150387108325958,3.860949072986841e-05
,imappo,,,,2337.0,0.0,0.0,0.0019304744531609686,0.0,0.0,0.0,0.0,0.0019304744531609686,0.0,0.0,0.0,0.0,0.0,,,,,,,
0.0029758315067738295,imappo,8.033803311491283e-08,-0.9598892331123352,0.0002983661220406803,2338.0,,,,,,,,,,,,,,0.18816272090696895,,,,,0.027534840628504753,2.873932862712536e-05
,imappo,,,,2338.0,0.0,0.0,0.0014369665165077095,0.0,0.0,0.0,0.0,0.0014369665165077095,0.0,0.0,0.0,0.0,0.0,,,,,,,
-0.009653281420469284,imappo,1.4995681141272144e-08,-0.855896532535553,0.0002980660220073358,2339.0,,,,,,,,,,,,,,0.18802934311437142,,,,,0.031553350389003754,2.9496239221771248e-05
,imappo,,,,2339.0,0.0,0.0,0.0014748118649094977,0.0,0.0,0.0,0.0,0.0014748118649094977,0.0,0.0,0.0,0.0,0.0,,,,,,,
0.005095336586236954,imappo,5.531797953040041e-08,-1.0566548109054565,0.00029776592197399137,2340.0,,,,,,,,,,,,,,0.18789596532177388,,,,,0.02725689485669136,3.11053117911797e-05
,imappo,,,,2340.0,0.0,0.0,0.001555265677893658,0.0,0.0,0.0,0.0,0.001555265677893658,0.0,0.0,0.0,0.0,0.0,,,,,,,
-0.00156022934243083,imappo,5.1455756988616486e-08,-1.0820426940917969,0.00029746582194064696,2341.0,,,,,,,,,,,,,,0.1877625875291764,,,,,0.029630392789840698,3.1232273613568395e-05
,imappo,,,,2341.0,0.0,0.0,0.0015616137787901607,0.0,0.0,0.0,0.0,0.0015616137787901607,0.0,0.0,0.0,0.0,0.0,,,,,,,
0.028170200064778328,imappo,8.944597595927917e-08,-1.235147476196289,0.00029716572190730244,2342.0,,,,,,,,,,,,,,0.18762920973657882,,,,,0.02842620760202408,2.682691592781339e-05
,imappo,,,,2342.0,0.0,0.0,0.0013413457855904198,0.0,0.0,0.0,0.0,0.0013413457855904198,0.0,0.0,0.0,0.0,0.0,,,,,,,
-0.004073433578014374,imappo,2.737916737771684e-08,-1.2203737497329712,0.00029686562187395803,2343.0,,,,,,,,,,,,,,0.18749583194398128,,,,,0.027512717992067337,4.1266299376729876e-05
,imappo,,,,2343.0,0.0,0.0,0.0020633149704281095,0.0,0.0,0.0,0.0,0.0020633149704281095,0.0,0.0,0.0,0.0,0.0,,,,,,,
0.012327183969318867,imappo,1.3821113142853392e-08,-1.5347721576690674,0.0002965655218406135,2344.0,,,,,,,,,,,,,,0.18736245415138375,,,,,0.030895693227648735,3.1892097467789426e-05
,imappo,,,,2344.0,0.0,0.0,0.0015946048670230084,0.0,0.0,0.0,0.0,0.0015946048670230084,0.0,0.0,0.0,0.0,0.0,,,,,,,
0.00200921343639493,imappo,5.8170616767938554e-08,-0.6781430840492249,0.0002962654218072691,2345.0,,,,,,,,,,,,,,0.18722907635878627,,,,,0.028222352266311646,3.466624184511602e-05
,imappo,,,,2345.0,0.0,0.0,0.0017333121431875043,0.0,0.0,0.0,0.0,0.0017333121431875043,0.0,0.0,0.0,0.0,0.0,,,,,,,
-0.0008457429939880967,imappo,3.1543603284944766e-08,-0.5370497703552246,0.0002959653217739247,2346.0,,,,,,,,,,,,,,0.18709569856618868,,,,,0.025022007524967194,3.1449017114937305e-05
,imappo,,,,2346.0,0.0,0.0,0.0015724508536187898,0.0,0.0,0.0,0.0,0.0015724508536187898,0.0,0.0,0.0,0.0,0.0,,,,,,,
0.024226628243923187,imappo,7.187484385440257e-08,-1.5118011236190796,0.0002956652217405802,2347.0,,,,,,,,,,,,,,0.18696232077359115,,,,,0.020482609048485756,3.9169226511148736e-05
,imappo,,,,2347.0,0.0,0.0,0.00195846137648914,0.0,0.0,0.0,0.0,0.00195846137648914,0.0,0.0,0.0,0.0,0.0,,,,,,,
0.004208063706755638,imappo,3.293235906198788e-08,-0.6028820276260376,0.0002953651217072358,2348.0,,,,,,,,,,,,,,0.18682894298099367,,,,,0.029671967029571533,3.1514791771769524e-05
,imappo,,,,2348.0,0.0,0.0,0.0015757395167383947,0.0,0.0,0.0,0.0,0.0015757395167383947,0.0,0.0,0.0,0.0,0.0,,,,,,,
0.0011084466241300106,imappo,1.7244481398392963e-08,-1.1060419082641602,0.00029506502167389137,2349.0,,,,,,,,,,,,,,0.18669556518839614,,,,,0.026812642812728882,3.158392064506188e-05
,imappo,,,,2349.0,0.0,0.0,0.0015791958176123444,0.0,0.0,0.0,0.0,0.0015791958176123444,0.0,0.0,0.0,0.0,0.0,,,,,,,
-0.008155565708875656,imappo,7.004931745768772e-08,-1.118757724761963,0.00029476492164054685,2350.0,,,,,,,,,,,,,,0.18656218739579855,,,,,0.02831365540623665,2.6080724637722597e-05
,imappo,,,,2350.0,0.0,0.0,0.0013040362161405028,0.0,0.0,0.0,0.0,0.0013040362161405028,0.0,0.0,0.0,0.0,0.0,,,,,,,
-0.005224746186286211,imappo,3.5771890338764933e-08,-1.0951992273330688,0.00029446482160720244,2351.0,,,,,,,,,,,,,,0.18642880960320102,,,,,0.02803395502269268,2.462342854414601e-05
,imappo,,,,2351.0,0.0,0.0,0.001231171391054886,0.0,0.0,0.0,0.0,0.001231171391054886,0.0,0.0,0.0,0.0,0.0,,,,,,,
0.000261689187027514,imappo,8.593877964813146e-08,-1.608000636100769,0.00029416472157385804,2352.0,,,,,,,,,,,,,,0.18629543181060354,,,,,0.02944914624094963,3.429540811339393e-05
,imappo,,,,2352.0,0.0,0.0,0.0017147704409126163,0.0,0.0,0.0,0.0,0.0017147704409126163,0.0,0.0,0.0,0.0,0.0,,,,,,,
0.0008412061724811792,imappo,2.71767568449377e-08,-1.2498492002487183,0.0002938646215405135,2353.0,,,,,,,,,,,,,,0.186162054018006,,,,,0.031811393797397614,3.1726856832392514e-05
,imappo,,,,2353.0,0.0,0.0,0.0015863428440070493,0.0,0.0,0.0,0.0,0.0015863428440070493,0.0,0.0,0.0,0.0,0.0,,,,,,,
0.005215131677687168,imappo,4.0654938970874355e-08,-0.7911860942840576,0.0002935645215071691,2354.0,,,,,,,,,,,,,,0.18602867622540842,,,,,0.020496536046266556,5.492217678693123e-05
,imappo,,,,2354.0,0.0,0.0,0.0027461090784015596,0.0,0.0,0.0,0.0,0.0027461090784015596,0.0,0.0,0.0,0.0,0.0,,,,,,,
0.009285001084208488,imappo,1.1276115685632249e-07,-0.672658383846283,0.0002932644214738246,2355.0,,,,,,,,,,,,,,0.18589529843281088,,,,,0.02338424324989319,3.7008558138040826e-05
,imappo,,,,2355.0,0.0,0.0,0.001850427711588054,0.0,0.0,0.0,0.0,0.001850427711588054,0.0,0.0,0.0,0.0,0.0,,,,,,,
0.0027682865038514137,imappo,2.688640776682405e-08,-1.6648869514465332,0.0002929643214404802,2356.0,,,,,,,,,,,,,,0.1857619206402134,,,,,0.028501980006694794,3.68693690688815e-05
,imappo,,,,2356.0,0.0,0.0,0.0018434685629102887,0.0,0.0,0.0,0.0,0.0018434685629102887,0.0,0.0,0.0,0.0,0.0,,,,,,,
-0.00555923068895936,imappo,9.061650985131564e-08,-0.7602550983428955,0.0002926642214071358,2357.0,,,,,,,,,,,,,,0.18562854284761587,,,,,0.026605531573295593,3.282918987679295e-05
,imappo,,,,2357.0,0.0,0.0,0.0016414596607319254,0.0,0.0,0.0,0.0,0.0016414596607319254,0.0,0.0,0.0,0.0,0.0,,,,,,,
-0.010461249388754368,imappo,1.1390790888299307e-07,-1.2589489221572876,0.00029236412137379126,2358.0,,,,,,,,,,,,,,0.18549516505501829,,,,,0.033264949917793274,2.6190617063548416e-05
,imappo,,,,2358.0,0.0,0.0,0.0013095308709125675,0.0,0.0,0.0,0.0,0.0013095308709125675,0.0,0.0,0.0,0.0,0.0,,,,,,,
0.005108655896037817,imappo,3.413112992234346e-08,-0.9598119854927063,0.00029206402134044685,2359.0,,,,,,,,,,,,,,0.18536178726242075,,,,,0.03025026060640812,3.348132304381579e-05
,imappo,,,,2359.0,0.0,0.0,0.001674065946644987,0.0,0.0,0.0,0.0,0.001674065946644987,0.0,0.0,0.0,0.0,0.0,,,,,,,
-0.004351506475359201,imappo,2.5467207009910453e-08,-1.3334695100784302,0.00029176392130710244,2360.0,,,,,,,,,,,,,,0.18522840946982327,,,,,0.030018895864486694,3.0063916710787453e-05
,imappo,,,,2360.0,0.0,0.0,0.001503195824739123,0.0,0.0,0.0,0.0,0.001503195824739123,0.0,0.0,0.0,0.0,0.0,,,,,,,
0.012776867486536503,imappo,3.6767563216244525e-08,-0.9362607002258301,0.00029146382127375793,2361.0,,,,,,,,,,,,,,0.18509503167722574,,,,,0.031193142756819725,2.71479002549313e-05
,imappo,,,,2361.0,0.0,0.0,0.0013573947915119788,0.0,0.0,0.0,0.0,0.0013573947915119788,0.0,0.0,0.0,0.0,0.0,,,,,,,
0.0016286661848425865,imappo,5.9134983132480556e-08,-1.5828542709350586,0.0002911637212404135,2362.0,,,,,,,,,,,,,,0.18496165388462815,,,,,0.0230647474527359,3.95176830352284e-05
,imappo,,,,2362.0,0.0,0.0,0.001975884128370353,0.0,0.0,0.0,0.0,0.001975884128370353,0.0,0.0,0.0,0.0,0.0,,,,,,,
-0.006498384289443493,imappo,7.753876474225763e-08,-0.6619082093238831,0.0002908636212070691,2363.0,,,,,,,,,,,,,,0.18482827609203067,,,,,0.023129383102059364,3.8095240597613156e-05
,imappo,,,,2363.0,0.0,0.0,0.0019047620817218558,0.0,0.0,0.0,0.0,0.0019047620817218558,0.0,0.0,0.0,0.0,0.0,,,,,,,
0.0003554512222763151,imappo,4.146915344449553e-08,-0.9938612580299377,0.0002905635211737246,2364.0,,,,,,,,,,,,,,0.18469489829943314,,,,,0.03145695477724075,3.115817526122555e-05
,imappo,,,,2364.0,0.0,0.0,0.0015579088386061812,0.0,0.0,0.0,0.0,0.0015579088386061812,0.0,0.0,0.0,0.0,0.0,,,,,,,
0.009397795423865318,imappo,1.732328058778876e-08,-1.3356019258499146,0.0002902634211403802,2365.0,,,,,,,,,,,,,,0.1845615205068356,,,,,0.02896130084991455,2.927531568275299e-05
,imappo,,,,2365.0,0.0,0.0,0.0014637655990554777,0.0,0.0,0.0,0.0,0.0014637655990554777,0.0,0.0,0.0,0.0,0.0,,,,,,,
-0.002006479538977146,imappo,4.928969232764757e-08,-1.0514720678329468,0.00028996332110703567,2366.0,,,,,,,,,,,,,,0.18442814271423802,,,,,0.031076904386281967,3.2179505069507286e-05
,imappo,,,,2366.0,0.0,0.0,0.0016089753618189206,0.0,0.0,0.0,0.0,0.0016089753618189206,0.0,0.0,0.0,0.0,0.0,,,,,,,
-0.011523665860295296,imappo,3.660120739823469e-08,-0.8629826903343201,0.00028966322107369126,2367.0,,,,,,,,,,,,,,0.18429476492164054,,,,,0.019961519166827202,5.413711187429726e-05
,imappo,,,,2367.0,0.0,0.0,0.0027068556084657303,0.0,0.0,0.0,0.0,0.0027068556084657303,0.0,0.0,0.0,0.0,0.0,,,,,,,
-0.005352867767214775,imappo,8.091317482694649e-08,-0.9261875152587891,0.00028936312104034685,2368.0,,,,,,,,,,,,,,0.184161387129043,,,,,0.029225055128335953,3.0246295864344575e-05
,imappo,,,,2368.0,0.0,0.0,0.001512314757292188,0.0,0.0,0.0,0.0,0.001512314757292188,0.0,0.0,0.0,0.0,0.0,,,,,,,
0.003546901745721698,imappo,2.484416583570237e-08,-1.284207820892334,0.00028906302100700234,2369.0,,,,,,,,,,,,,,0.18402800933644547,,,,,0.03197469562292099,2.799572939693462e-05
,imappo,,,,2369.0,0.0,0.0,0.0013997864373322955,0.0,0.0,0.0,0.0,0.0013997864373322955,0.0,0.0,0.0,0.0,0.0,,,,,,,
-0.005665330681949854,imappo,4.8275136776965155e-08,-1.01217782497406,0.00028876292097365793,2370.0,,,,,,,,,,,,,,0.1838946315438479,,,,,0.029846923425793648,3.2738094887463376e-05
,imappo,,,,2370.0,0.0,0.0,0.001636904548036,0.0,0.0,0.0,0.0,0.001636904548036,0.0,0.0,0.0,0.0,0.0,,,,,,,
-0.005257904063910246,imappo,6.217359782567655e-08,-1.3054994344711304,0.0002884628209403135,2371.0,,,,,,,,,,,,,,0.1837612537512504,,,,,0.029245872050523758,2.8577966077136807e-05
,imappo,,,,2371.0,0.0,0.0,0.0014288983411461231,0.0,0.0,0.0,0.0,0.0014288983411461231,0.0,0.0,0.0,0.0,0.0,,,,,,,
0.0021996560972183943,imappo,5.804747615911765e-08,-0.7669998407363892,0.000288162720906969,2372.0,,,,,,,,,,,,,,0.18362787595865288,,,,,0.027172042056918144,2.9946131689939648e-05
,imappo,,,,2372.0,0.0,0.0,0.0014973066413404013,0.0,0.0,0.0,0.0,0.0014973066413404013,0.0,0.0,0.0,0.0,0.0,,,,,,,
0.007589253596961498,imappo,1.9332510703407024e-08,-0.6351034641265869,0.0002878626208736246,2373.0,,,,,,,,,,,,,,0.18349449816605534,,,,,0.02262142300605774,4.7169389290502295e-05
,imappo,,,,2373.0,0.0,0.0,0.0023584695123730626,0.0,0.0,0.0,0.0,0.0023584695123730626,0.0,0.0,0.0,0.0,0.0,,,,,,,
0.01899467408657074,imappo,1.8763957498890704e-08,-0.9741631150245667,0.0002875625208402801,2374.0,,,,,,,,,,,,,,0.18336112037345775,,,,,0.028529640287160873,2.9189695851528086e-05
,imappo,,,,2374.0,0.0,0.0,0.001459484802580846,0.0,0.0,0.0,0.0,0.001459484802580846,0.0,0.0,0.0,0.0,0.0,,,,,,,
0.021610518917441368,imappo,2.445681346330275e-08,-1.268404245376587,0.00028726242080693567,2375.0,,,,,,,,,,,,,,0.18322774258086028,,,,,0.032872188836336136,2.891480653488543e-05
,imappo,,,,2375.0,0.0,0.0,0.0014457402901371097,0.0,0.0,0.0,0.0,0.0014457402901371097,0.0,0.0,0.0,0.0,0.0,,,,,,,
-0.0007271543145179749,imappo,7.442555016723418e-08,-0.6511237025260925,0.00028696232077359126,2376.0,,,,,,,,,,,,,,0.18309436478826274,,,,,0.022489037364721298,3.530241156113334e-05
,imappo,,,,2376.0,0.0,0.0,0.001765120580785151,0.0,0.0,0.0,0.0,0.001765120580785151,0.0,0.0,0.0,0.0,0.0,,,,,,,
-0.0034211031161248684,imappo,1.1782272046900744e-08,-1.2982488870620728,0.00028666222074024675,2377.0,,,,,,,,,,,,,,0.1829609869956652,,,,,0.031572915613651276,3.1456071155844256e-05
,imappo,,,,2377.0,0.0,0.0,0.0015728035959909903,0.0,0.0,0.0,0.0,0.0015728035959909903,0.0,0.0,0.0,0.0,0.0,,,,,,,
-0.004049370065331459,imappo,1.7994493006767698e-08,-1.3741410970687866,0.00028636212070690234,2378.0,,,,,,,,,,,,,,0.18282760920306768,,,,,0.02863354980945587,2.9811928470735438e-05
,imappo,,,,2378.0,0.0,0.0,0.0014905965367688623,0.0,0.0,0.0,0.0,0.0014905965367688623,0.0,0.0,0.0,0.0,0.0,,,,,,,
0.012390426360070705,imappo,1.792885484519502e-08,-1.3573487997055054,0.00028606202067355793,2379.0,,,,,,,,,,,,,,0.18269423141047014,,,,,0.026499321684241295,3.9335336623480543e-05
,imappo,,,,2379.0,0.0,0.0,0.0019667668843794672,0.0,0.0,0.0,0.0,0.0019667668843794672,0.0,0.0,0.0,0.0,0.0,,,,,,,
0.035774655640125275,imappo,4.604398284868694e-08,-1.3780032396316528,0.0002857619206402134,2380.0,,,,,,,,,,,,,,0.1825608536178726,,,,,0.0279020257294178,2.9460421501426026e-05
,imappo,,,,2380.0,0.0,0.0,0.0014730211078131106,0.0,0.0,0.0,0.0,0.0014730211078131106,0.0,0.0,0.0,0.0,0.0,,,,,,,
0.0010387704242020845,imappo,4.647879947583533e-08,-0.9398253560066223,0.000285461820606869,2381.0,,,,,,,,,,,,,,0.18242747582527508,,,,,0.030327195301651955,3.053781983908266e-05
,imappo,,,,2381.0,0.0,0.0,0.001526890989509866,0.0,0.0,0.0,0.0,0.001526890989509866,0.0,0.0,0.0,0.0,0.0,,,,,,,
0.01181599497795105,imappo,4.078809112684212e-08,-1.3220423460006714,0.0002851617205735246,2382.0,,,,,,,,,,,,,,0.18229409803267754,,,,,0.03207934647798538,2.9222266675787978e-05
,imappo,,,,2382.0,0.0,0.0,0.0014611132437494234,0.0,0.0,0.0,0.0,0.0014611132437494234,0.0,0.0,0.0,0.0,0.0,,,,,,,
-0.005324980244040489,imappo,2.8755483327813636e-08,-1.330344796180725,0.0002848616205401801,2383.0,,,,,,,,,,,,,,0.18216072024008,,,,,0.024239469319581985,3.8292331737466156e-05
,imappo,,,,2383.0,0.0,0.0,0.001914616471822228,0.0,0.0,0.0,0.0,0.001914616471822228,0.0,0.0,0.0,0.0,0.0,,,,,,,
-0.007730237208306789,imappo,3.503787127101532e-08,-1.2814977169036865,0.0002845615205068357,2384.0,,,,,,,,,,,,,,0.18202734244748248,,,,,0.03173462674021721,2.9363143767113797e-05
,imappo,,,,2384.0,0.0,0.0,0.001468157158821981,0.0,0.0,0.0,0.0,0.001468157158821981,0.0,0.0,0.0,0.0,0.0,,,,,,,
-0.004851608071476221,imappo,3.146121940744706e-08,-1.1232057809829712,0.00028426142047349116,2385.0,,,,,,,,,,,,,,0.18189396465488494,,,,,0.029641970992088318,3.105407449766062e-05
,imappo,,,,2385.0,0.0,0.0,0.0015527037445934866,0.0,0.0,0.0,0.0,0.0015527037445934866,0.0,0.0,0.0,0.0,0.0,,,,,,,
-0.0034193957690149546,imappo,2.410012100995118e-08,-0.5801757574081421,0.00028396132044014675,2386.0,,,,,,,,,,,,,,0.1817605868622874,,,,,0.026714108884334564,3.31780975102447e-05
,imappo,,,,2386.0,0.0,0.0,0.0016589049896253982,0.0,0.0,0.0,0.0,0.0016589049896253982,0.0,0.0,0.0,0.0,0.0,,,,,,,
-0.006491043604910374,imappo,2.412272515073255e-08,-1.562938928604126,0.00028366122040680234,2387.0,,,,,,,,,,,,,,0.18162720906968988,,,,,0.027940360829234123,3.2374060538131744e-05
,imappo,,,,2387.0,0.0,0.0,0.001618702976543318,0.0,0.0,0.0,0.0,0.001618702976543318,0.0,0.0,0.0,0.0,0.0,,,,,,,
-0.019091101363301277,imappo,3.3672151289465546e-08,-1.1339002847671509,0.0002833611203734578,2388.0,,,,,,,,,,,,,,0.18149383127709234,,,,,0.03054722398519516,2.7914746169699356e-05
,imappo,,,,2388.0,0.0,0.0,0.0013957371652111306,0.0,0.0,0.0,0.0,0.0013957371652111306,0.0,0.0,0.0,0.0,0.0,,,,,,,
0.008725566789507866,imappo,6.678479280708416e-08,-0.7578901648521423,0.0002830610203401134,2389.0,,,,,,,,,,,,,,0.1813604534844948,,,,,0.02953893318772316,3.0786766728851944e-05
,imappo,,,,2389.0,0.0,0.0,0.0015393382768706942,0.0,0.0,0.0,0.0,0.0015393382768706942,0.0,0.0,0.0,0.0,0.0,,,,,,,
-0.0029559293761849403,imappo,3.0566969400069866e-08,-0.7892453670501709,0.000282760920306769,2390.0,,,,,,,,,,,,,,0.18122707569189728,,,,,0.032639771699905396,2.693853275559377e-05
,imappo,,,,2390.0,0.0,0.0,0.0013469266687593517,0.0,0.0,0.0,0.0,0.0013469266687593517,0.0,0.0,0.0,0.0,0.0,,,,,,,
0.0062204631976783276,imappo,4.0440681914333254e-08,-0.8526557683944702,0.0002824608202734245,2391.0,,,,,,,,,,,,,,0.18109369789929974,,,,,0.029335562139749527,2.2544216335518286e-05
,imappo,,,,2391.0,0.0,0.0,0.0011272107802717812,0.0,0.0,0.0,0.0,0.0011272107802717812,0.0,0.0,0.0,0.0,0.0,,,,,,,
-0.01688585989177227,imappo,4.2075228634530504e-08,-0.9208974242210388,0.0002821607202400801,2392.0,,,,,,,,,,,,,,0.1809603201067022,,,,,0.023085271939635277,3.895944246323779e-05
,imappo,,,,2392.0,0.0,0.0,0.0019479720993018645,0.0,0.0,0.0,0.0,0.0019479720993018645,0.0,0.0,0.0,0.0,0.0,,,,,,,
-0.0027492770459502935,imappo,2.890072359207352e-08,-0.8710048198699951,0.0002818606202067357,2393.0,,,,,,,,,,,,,,0.18082694231410468,,,,,0.029378261417150497,2.6442628950462677e-05
,imappo,,,,2393.0,0.0,0.0,0.0013221314889051428,0.0,0.0,0.0,0.0,0.0013221314889051428,0.0,0.0,0.0,0.0,0.0,,,,,,,
0.003457082435488701,imappo,2.781017194308788e-08,-0.9664372801780701,0.00028156052017339116,2394.0,,,,,,,,,,,,,,0.18069356452150714,,,,,0.02997148036956787,2.6146957679884508e-05
,imappo,,,,2394.0,0.0,0.0,0.0013073478917249304,0.0,0.0,0.0,0.0,0.0013073478917249304,0.0,0.0,0.0,0.0,0.0,,,,,,,
-0.009575802832841873,imappo,5.0087127334563775e-08,-0.7467833161354065,0.00028126042014004675,2395.0,,,,,,,,,,,,,,0.1805601867289096,,,,,0.028295820578932762,2.087097891489975e-05
,imappo,,,,2395.0,0.0,0.0,0.001043548968038266,0.0,0.0,0.0,0.0,0.001043548968038266,0.0,0.0,0.0,0.0,0.0,,,,,,,
0.00780123146250844,imappo,1.657799231224999e-07,-0.7966023683547974,0.00028096032010670223,2396.0,,,,,,,,,,,,,,0.18042680893631208,,,,,0.030014008283615112,2.9528349841712043e-05
,imappo,,,,2396.0,0.0,0.0,0.0014764175286927639,0.0,0.0,0.0,0.0,0.0014764175286927639,0.0,0.0,0.0,0.0,0.0,,,,,,,
-0.0037962784990668297,imappo,3.2160794916080704e-08,-0.858303964138031,0.0002806602200733578,2397.0,,,,,,,,,,,,,,0.18029343114371454,,,,,0.028291702270507812,2.4075106921372935e-05
,imappo,,,,2397.0,0.0,0.0,0.0012037553541404122,0.0,0.0,0.0,0.0,0.0012037553541404122,0.0,0.0,0.0,0.0,0.0,,,,,,,
-0.0067228758707642555,imappo,8.814863861061895e-08,-0.3055455982685089,0.0002803601200400134,2398.0,,,,,,,,,,,,,,0.180160053351117,,,,,0.025075342506170273,3.252599708503112e-05
,imappo,,,,2398.0,0.0,0.0,0.0016263000859453314,0.0,0.0,0.0,0.0,0.0016263000859453314,0.0,0.0,0.0,0.0,0.0,,,,,,,
-0.006308318115770817,imappo,6.906862637379163e-08,-1.0720609426498413,0.0002800600200066689,2399.0,,,,,,,,,,,,,,0.18002667555851948,,,,,0.021872542798519135,4.1900282667484134e-05
,imappo,,,,2399.0,0.0,0.0,0.0020950143375557673,0.0,0.0,0.0,0.0,0.0020950143375557673,0.0,0.0,0.0,0.0,0.0,,,,,,,
,imappo,,,,2399.0,,,,,,,,,,,,,,,0.0,0.0,0.0,0.0,,
-0.009964684955775738,imappo,3.28549489836405e-08,-0.4883285462856293,0.0002797599199733245,2400.0,,,,,,,,,,,,,,0.17989329776592194,,,,,0.027115466073155403,3.2307361834682524e-05
,imappo,,,,2400.0,0.0,0.0,0.0016153681865489489,0.0,0.0,0.0,0.0,0.0016153681865489489,0.0,0.0,0.0,0.0,0.0,,,,,,,
-0.00471214484423399,imappo,3.906859191715739e-08,-1.0892367362976074,0.0002794598199399801,2401.0,,,,,,,,,,,,,,0.1797599199733244,,,,,0.019754180684685707,4.409108805702999e-05
,imappo,,,,2401.0,0.0,0.0,0.00220455428114974,0.0,0.0,0.0,0.0,0.00220455428114974,0.0,0.0,0.0,0.0,0.0,,,,,,,
-0.004748508799821138,imappo,6.561801768611986e-08,-0.9154512286186218,0.00027915971990663557,2402.0,,,,,,,,,,,,,,0.17962654218072688,,,,,0.022120829671621323,3.84369159291964e-05
,imappo,,,,2402.0,0.0,0.0,0.0019218456261143047,0.0,0.0,0.0,0.0,0.0019218456261143047,0.0,0.0,0.0,0.0,0.0,,,,,,,
0.009731578640639782,imappo,5.111617440434202e-08,-0.6147037148475647,0.00027885961987329116,2403.0,,,,,,,,,,,,,,0.17949316438812934,,,,,0.028990015387535095,2.930736809503287e-05
,imappo,,,,2403.0,0.0,0.0,0.0014653683958840702,0.0,0.0,0.0,0.0,0.0014653683958840702,0.0,0.0,0.0,0.0,0.0,,,,,,,
-0.008496172726154327,imappo,5.242598533072851e-08,-0.6039705276489258,0.00027855951983994664,2404.0,,,,,,,,,,,,,,0.1793597865955318,,,,,0.02650444768369198,3.554408613126725e-05
,imappo,,,,2404.0,0.0,0.0,0.0017772042120896003,0.0,0.0,0.0,0.0,0.0017772042120896003,0.0,0.0,0.0,0.0,0.0,,,,,,,
-0.0012511912500485778,imappo,6.108796668513605e-08,-0.6062327027320862,0.00027825941980660223,2405.0,,,,,,,,,,,,,,0.17922640880293428,,,,,0.025268446654081345,3.638353155110963e-05
,imappo,,,,2405.0,0.0,0.0,0.001819176556068669,0.0,0.0,0.0,0.0,0.001819176556068669,0.0,0.0,0.0,0.0,0.0,,,,,,,
0.006608139723539352,imappo,2.3197808118879948e-08,-0.7387405633926392,0.0002779593197732578,2406.0,,,,,,,,,,,,,,0.17909303101033675,,,,,0.0303787998855114,2.5914136131177656e-05
,imappo,,,,2406.0,0.0,0.0,0.0012957068881291889,0.0,0.0,0.0,0.0,0.0012957068881291889,0.0,0.0,0.0,0.0,0.0,,,,,,,
-0.004278507083654404,imappo,3.243463098101529e-08,-0.41502657532691956,0.0002776592197399133,2407.0,,,,,,,,,,,,,,0.1789596532177392,,,,,0.02352084405720234,3.2553962228121236e-05
,imappo,,,,2407.0,0.0,0.0,0.0016276978840892298,0.0,0.0,0.0,0.0,0.0016276978840892298,0.0,0.0,0.0,0.0,0.0,,,,,,,
-0.011285021901130676,imappo,2.2584572434425354e-08,-0.6758580803871155,0.0002773591197065689,2408.0,,,,,,,,,,,,,,0.17882627542514173,,,,,0.02959897555410862,3.393289080122486e-05
,imappo,,,,2408.0,0.0,0.0,0.0016966444900390343,0.0,0.0,0.0,0.0,0.0016966444900390343,0.0,0.0,0.0,0.0,0.0,,,,,,,
0.0021348828449845314,imappo,1.1892881346398099e-08,-0.9508904218673706,0.0002770590196732245,2409.0,,,,,,,,,,,,,,0.17869289763254415,,,,,0.02959408238530159,2.644032792886719e-05
,imappo,,,,2409.0,0.0,0.0,0.0013220164462381945,0.0,0.0,0.0,0.0,0.0013220164462381945,0.0,0.0,0.0,0.0,0.0,,,,,,,
-0.010363024659454823,imappo,3.4415634786455485e-08,-0.7642058730125427,0.00027675891963988,2410.0,,,,,,,,,,,,,,0.1785595198399466,,,,,0.02956223115324974,2.782978663162794e-05
,imappo,,,,2410.0,0.0,0.0,0.0013914892876982776,0.0,0.0,0.0,0.0,0.0013914892876982776,0.0,0.0,0.0,0.0,0.0,,,,,,,
-0.008957917802035809,imappo,2.4296330281003975e-08,-0.8081939220428467,0.00027645881960653557,2411.0,,,,,,,,,,,,,,0.17842614204734908,,,,,0.02722007781267166,2.3825899916118942e-05
,imappo,,,,2411.0,0.0,0.0,0.001191295015672722,0.0,0.0,0.0,0.0,0.001191295015672722,0.0,0.0,0.0,0.0,0.0,,,,,,,
0.0028008739463984966,imappo,3.590882613480062e-08,-0.609727144241333,0.00027615871957319116,2412.0,,,,,,,,,,,,,,0.1782927642547516,,,,,0.02702230215072632,3.055061824852601e-05
,imappo,,,,2412.0,0.0,0.0,0.0015275310603826142,0.0,0.0,0.0,0.0,0.0015275310603826142,0.0,0.0,0.0,0.0,0.0,,,,,,,
-0.005556583870202303,imappo,1.9272865969810482e-08,-0.5943233966827393,0.00027585861953984664,2413.0,,,,,,,,,,,,,,0.178159386462154,,,,,0.029730740934610367,2.917251367762219e-05
,imappo,,,,2413.0,0.0,0.0,0.0014586256866095937,0.0,0.0,0.0,0.0,0.0014586256866095937,0.0,0.0,0.0,0.0,0.0,,,,,,,
-0.005974392406642437,imappo,3.1021851754076124e-08,-0.34705838561058044,0.00027555851950650224,2414.0,,,,,,,,,,,,,,0.17802600866955648,,,,,0.021536100655794144,3.181159991072491e-05
,imappo,,,,2414.0,0.0,0.0,0.0015905800696600636,0.0,0.0,0.0,0.0,0.0015905800696600636,0.0,0.0,0.0,0.0,0.0,,,,,,,
-0.0073045361787080765,imappo,3.176424456796667e-08,-0.9107844829559326,0.0002752584194731577,2415.0,,,,,,,,,,,,,,0.17789263087695895,,,,,0.020794671028852463,4.1742430767044425e-05
,imappo,,,,2415.0,0.0,0.0,0.002087121430406569,0.0,0.0,0.0,0.0,0.002087121430406569,0.0,0.0,0.0,0.0,0.0,,,,,,,
-0.004200015217065811,imappo,3.5494153394211025e-08,-0.95654296875,0.0002749583194398133,2416.0,,,,,,,,,,,,,,0.17775925308436147,,,,,0.029432594776153564,2.400199809926562e-05
,imappo,,,,2416.0,0.0,0.0,0.0012001001000498945,0.0,0.0,0.0,0.0,0.0012001001000498945,0.0,0.0,0.0,0.0,0.0,,,,,,,
-0.0032607747707515955,imappo,3.9831071774187876e-08,-0.6712144613265991,0.0002746582194064689,2417.0,,,,,,,,,,,,,,0.17762587529176388,,,,,0.028868790715932846,2.4941871743067168e-05
,imappo,,,,2417.0,0.0,0.0,0.0012470935507735703,0.0,0.0,0.0,0.0,0.0012470935507735703,0.0,0.0,0.0,0.0,0.0,,,,,,,
-0.007086235098540783,imappo,4.7167940664394337e-08,-0.5283638834953308,0.0002743581193731244,2418.0,,,,,,,,,,,,,,0.17749249749916635,,,,,0.025433527305722237,5.049780520494096e-05
,imappo,,,,2418.0,0.0,0.0,0.0025248903873489326,0.0,0.0,0.0,0.0,0.0025248903873489326,0.0,0.0,0.0,0.0,0.0,,,,,,,
-8.353337761946023e-05,imappo,5.4166164886737533e-08,-0.888587236404419,0.00027405801933977987,2419.0,,,,,,,,,,,,,,0.1773591197065688,,,,,0.029494449496269226,2.7660527848638594e-05
,imappo,,,,2419.0,0.0,0.0,0.0013830262847704944,0.0,0.0,0.0,0.0,0.0013830262847704944,0.0,0.0,0.0,0.0,0.0,,,,,,,
0.06305798888206482,imappo,9.392569211286173e-08,-0.8361963629722595,0.00027375791930643557,2420.0,,,,,,,,,,,,,,0.17722574191397134,,,,,0.028268028050661087,3.33553871314507e-05
,imappo,,,,2420.0,0.0,0.0,0.001667769388063789,0.0,0.0,0.0,0.0,0.001667769388063789,0.0,0.0,0.0,0.0,0.0,,,,,,,
0.0035947521682828665,imappo,3.4325243092325763e-08,-1.0109492540359497,0.00027345781927309105,2421.0,,,,,,,,,,,,,,0.17709236412137375,,,,,0.02905937284231186,3.105728319496848e-05
,imappo,,,,2421.0,0.0,0.0,0.001552864162476908,0.0,0.0,0.0,0.0,0.001552864162476908,0.0,0.0,0.0,0.0,0.0,,,,,,,
-0.00729407649487257,imappo,3.097541423358052e-08,-0.9358526468276978,0.00027315771923974665,2422.0,,,,,,,,,,,,,,0.1769589863287762,,,,,0.03124094381928444,3.355386797920801e-05
,imappo,,,,2422.0,0.0,0.0,0.0016776934411382172,0.0,0.0,0.0,0.0,0.0016776934411382172,0.0,0.0,0.0,0.0,0.0,,,,,,,
0.0026155924424529076,imappo,6.9793301804566e-08,-1.0744311809539795,0.00027285761920640224,2423.0,,,,,,,,,,,,,,0.17682560853617874,,,,,0.021335899829864502,5.1489063480403274e-05
,imappo,,,,2423.0,0.0,0.0,0.0025744529806672745,0.0,0.0,0.0,0.0,0.0025744529806672745,0.0,0.0,0.0,0.0,0.0,,,,,,,
-0.0030483549926429987,imappo,1.3220534356150893e-07,-0.9619593024253845,0.0002725575191730577,2424.0,,,,,,,,,,,,,,0.1766922307435812,,,,,0.021330401301383972,4.354654811322689e-05
,imappo,,,,2424.0,0.0,0.0,0.00217732726409281,0.0,0.0,0.0,0.0,0.00217732726409281,0.0,0.0,0.0,0.0,0.0,,,,,,,
0.025381887331604958,imappo,6.35603711884869e-08,-1.0196032524108887,0.0002722574191397133,2425.0,,,,,,,,,,,,,,0.1765588529509836,,,,,0.019897090271115303,4.151985194766894e-05
,imappo,,,,2425.0,0.0,0.0,0.0020759925502034093,0.0,0.0,0.0,0.0,0.0020759925502034093,0.0,0.0,0.0,0.0,0.0,,,,,,,
-0.0011984285665675998,imappo,4.202948744591595e-08,-0.5037028789520264,0.0002719573191063688,2426.0,,,,,,,,,,,,,,0.17642547515838608,,,,,0.02182351052761078,3.131716948701069e-05
,imappo,,,,2426.0,0.0,0.0,0.0015658584374591555,0.0,0.0,0.0,0.0,0.0015658584374591555,0.0,0.0,0.0,0.0,0.0,,,,,,,
-0.005863110534846783,imappo,2.537949050918087e-08,-1.0968204736709595,0.0002716572190730244,2427.0,,,,,,,,,,,,,,0.1762920973657886,,,,,0.029084080830216408,2.678956661839038e-05
,imappo,,,,2427.0,0.0,0.0,0.0013394782533282523,0.0,0.0,0.0,0.0,0.0013394782533282523,0.0,0.0,0.0,0.0,0.0,,,,,,,
-0.004018405918031931,imappo,6.52282423629913e-08,-1.1187971830368042,0.00027135711903968,2428.0,,,,,,,,,,,,,,0.17615871957319107,,,,,0.0169060081243515,4.1667037294246256e-05
,imappo,,,,2428.0,0.0,0.0,0.0020833518200333856,0.0,0.0,0.0,0.0,0.0020833518200333856,0.0,0.0,0.0,0.0,0.0,,,,,,,
-0.004475252702832222,imappo,2.479435146085507e-08,-1.1777013540267944,0.00027105701900633546,2429.0,,,,,,,,,,,,,,0.17602534178059348,,,,,0.028615005314350128,2.581991793704219e-05
,imappo,,,,2429.0,0.0,0.0,0.0012909958584259584,0.0,0.0,0.0,0.0,0.0012909958584259584,0.0,0.0,0.0,0.0,0.0,,,,,,,
-0.003786169458180666,imappo,3.7743074443596925e-08,-0.7821999192237854,0.00027075691897299095,2430.0,,,,,,,,,,,,,,0.17589196398799595,,,,,0.029198117554187775,2.937620047305245e-05
,imappo,,,,2430.0,0.0,0.0,0.0014688099148543188,0.0,0.0,0.0,0.0,0.0014688099148543188,0.0,0.0,0.0,0.0,0.0,,,,,,,
0.004712860565632582,imappo,1.9878012125218447e-08,-0.9219179153442383,0.00027045681893964665,2431.0,,,,,,,,,,,,,,0.17575858619539847,,,,,0.02953675389289856,2.3237331333803013e-05
,imappo,,,,2431.0,0.0,0.0,0.0011618666505910369,0.0,0.0,0.0,0.0,0.0011618666505910369,0.0,0.0,0.0,0.0,0.0,,,,,,,
0.009285926818847656,imappo,3.083635746747859e-08,-0.9725781083106995,0.00027015671890630213,2432.0,,,,,,,,,,,,,,0.17562520840280094,,,,,0.03352556377649307,2.6500551030039787e-05
,imappo,,,,2432.0,0.0,0.0,0.0013250275793552646,0.0,0.0,0.0,0.0,0.0013250275793552646,0.0,0.0,0.0,0.0,0.0,,,,,,,
-0.010058949701488018,imappo,2.468852322579096e-08,-1.1848337650299072,0.0002698566188729577,2433.0,,,,,,,,,,,,,,0.17549183061020335,,,,,0.03132735937833786,2.566625153122004e-05
,imappo,,,,2433.0,0.0,0.0,0.001283312563657546,0.0,0.0,0.0,0.0,0.001283312563657546,0.0,0.0,0.0,0.0,0.0,,,,,,,
0.0017439618241041899,imappo,6.534171603789218e-08,-1.2429245710372925,0.0002695565188396132,2434.0,,,,,,,,,,,,,,0.17535845281760581,,,,,0.015760472044348717,4.346679270383902e-05
,imappo,,,,2434.0,0.0,0.0,0.0021733396549734607,0.0,0.0,0.0,0.0,0.0021733396549734607,0.0,0.0,0.0,0.0,0.0,,,,,,,
-0.008103798143565655,imappo,2.391687914382601e-08,-0.9012147188186646,0.0002692564188062688,2435.0,,,,,,,,,,,,,,0.17522507502500834,,,,,0.031194081529974937,2.8532371288747527e-05
,imappo,,,,2435.0,0.0,0.0,0.0014266184748521482,0.0,0.0,0.0,0.0,0.0014266184748521482,0.0,0.0,0.0,0.0,0.0,,,,,,,
-0.007727430202066898,imappo,2.105104002225744e-08,-1.2687023878097534,0.0002689563187729244,2436.0,,,,,,,,,,,,,,0.1750916972324108,,,,,0.01392293069511652,4.328638897277415e-05
,imappo,,,,2436.0,0.0,0.0,0.0021643194177798364,0.0,0.0,0.0,0.0,0.0021643194177798364,0.0,0.0,0.0,0.0,0.0,,,,,,,
0.020951395854353905,imappo,3.5918468199724884e-08,-1.5888968706130981,0.00026865621873957987,2437.0,,,,,,,,,,,,,,0.17495831943981321,,,,,0.030054576694965363,2.6573328796075657e-05
,imappo,,,,2437.0,0.0,0.0,0.0013286664776614998,0.0,0.0,0.0,0.0,0.0013286664776614998,0.0,0.0,0.0,0.0,0.0,,,,,,,
0.008124405518174171,imappo,2.125691622723025e-08,-0.9543874263763428,0.00026835611870623546,2438.0,,,,,,,,,,,,,,0.17482494164721574,,,,,0.029285095632076263,2.699049400689546e-05
,imappo,,,,2438.0,0.0,0.0,0.001349524806073532,0.0,0.0,0.0,0.0,0.001349524806073532,0.0,0.0,0.0,0.0,0.0,,,,,,,
-0.0025129818823188543,imappo,1.0865080390942694e-08,-0.7297437787055969,0.00026805601867289106,2439.0,,,,,,,,,,,,,,0.1746915638546182,,,,,0.020203519612550735,3.0152448744047433e-05
,imappo,,,,2439.0,0.0,0.0,0.0015076224618724154,0.0,0.0,0.0,0.0,0.0015076224618724154,0.0,0.0,0.0,0.0,0.0,,,,,,,
0.0011171897640451789,imappo,1.535578775246904e-08,-0.9312679767608643,0.00026775591863954654,2440.0,,,,,,,,,,,,,,0.17455818606202067,,,,,0.027325859293341637,3.253779505030252e-05
,imappo,,,,2440.0,0.0,0.0,0.001626889679641863,0.0,0.0,0.0,0.0,0.001626889679641863,0.0,0.0,0.0,0.0,0.0,,,,,,,
-0.0017397903138771653,imappo,2.682219246707973e-08,-1.3274047374725342,0.000267455818606202,2441.0,,,,,,,,,,,,,,0.17442480826942308,,,,,0.030231408774852753,2.5487302991678007e-05
,imappo,,,,2441.0,0.0,0.0,0.001274365106382902,0.0,0.0,0.0,0.0,0.001274365106382902,0.0,0.0,0.0,0.0,0.0,,,,,,,
0.000867013237439096,imappo,2.5003773274079322e-08,-0.8459286689758301,0.0002671557185728577,2442.0,,,,,,,,,,,,,,0.1742914304768256,,,,,0.021066144108772278,5.3970175940776244e-05
,imappo,,,,2442.0,0.0,0.0,0.0026985090200710715,0.0,0.0,0.0,0.0,0.0026985090200710715,0.0,0.0,0.0,0.0,0.0,,,,,,,
-0.005079972557723522,imappo,6.724597056972925e-08,-1.4699214696884155,0.0002668556185395132,2443.0,,,,,,,,,,,,,,0.17415805268422807,,,,,0.025838546454906464,3.974582068622112e-05
,imappo,,,,2443.0,0.0,0.0,0.001987291076488873,0.0,0.0,0.0,0.0,0.001987291076488873,0.0,0.0,0.0,0.0,0.0,,,,,,,
-0.005573870148509741,imappo,8.158155395676658e-08,-1.550392508506775,0.0002665555185061688,2444.0,,,,,,,,,,,,,,0.17402467489163054,,,,,0.02762683294713497,2.7452064387034625e-05
,imappo,,,,2444.0,0.0,0.0,0.001372603279719442,0.0,0.0,0.0,0.0,0.001372603279719442,0.0,0.0,0.0,0.0,0.0,,,,,,,
-0.009334946982562542,imappo,4.498290451238063e-08,-0.9420108199119568,0.0002662554184728243,2445.0,,,,,,,,,,,,,,0.17389129709903295,,,,,0.02615271881222725,2.953258081106469e-05
,imappo,,,,2445.0,0.0,0.0,0.0014766290298666718,0.0,0.0,0.0,0.0,0.0014766290298666718,0.0,0.0,0.0,0.0,0.0,,,,,,,
-0.001963092014193535,imappo,8.435398513029213e-08,-0.9247971773147583,0.0002659553184394799,2446.0,,,,,,,,,,,,,,0.17375791930643547,,,,,0.024247702211141586,2.8429301892174408e-05
,imappo,,,,2446.0,0.0,0.0,0.001421465202241734,0.0,0.0,0.0,0.0,0.001421465202241734,0.0,0.0,0.0,0.0,0.0,,,,,,,
-0.003982768394052982,imappo,5.823641302526994e-08,-1.117096185684204,0.00026565521840613547,2447.0,,,,,,,,,,,,,,0.17362454151383794,,,,,0.0296727754175663,2.702557685552165e-05
,imappo,,,,2447.0,0.0,0.0,0.0013512788037246537,0.0,0.0,0.0,0.0,0.0013512788037246537,0.0,0.0,0.0,0.0,0.0,,,,,,,
-0.0032713529653847218,imappo,2.9179686222846613e-08,-1.1886801719665527,0.00026535511837279095,2448.0,,,,,,,,,,,,,,0.1734911637212404,,,,,0.029185891151428223,2.8093096261727624e-05
,imappo,,,,2448.0,0.0,0.0,0.0014046548002397685,0.0,0.0,0.0,0.0,0.0014046548002397685,0.0,0.0,0.0,0.0,0.0,,,,,,,
0.00030749960569664836,imappo,1.7284293107877602e-08,-1.4980194568634033,0.00026505501833944643,2449.0,,,,,,,,,,,,,,0.17335778592864282,,,,,0.032276444137096405,3.1091309210751206e-05
,imappo,,,,2449.0,0.0,0.0,0.0015545656151800813,0.0,0.0,0.0,0.0,0.0015545656151800813,0.0,0.0,0.0,0.0,0.0,,,,,,,
-0.010740398429334164,imappo,1.6561802596015696e-08,-1.2506405115127563,0.00026475491830610213,2450.0,,,,,,,,,,,,,,0.17322440813604534,,,,,0.031481534242630005,2.944856896647252e-05
,imappo,,,,2450.0,0.0,0.0,0.001472428633292111,0.0,0.0,0.0,0.0,0.001472428633292111,0.0,0.0,0.0,0.0,0.0,,,,,,,
-0.012196383439004421,imappo,4.938273434618168e-08,-0.9634464383125305,0.0002644548182727576,2451.0,,,,,,,,,,,,,,0.1730910303434478,,,,,0.02624349296092987,4.416827141540125e-05
,imappo,,,,2451.0,0.0,0.0,0.002208413616699545,0.0,0.0,0.0,0.0,0.002208413616699545,0.0,0.0,0.0,0.0,0.0,,,,,,,
0.01260771881788969,imappo,2.8138661178900293e-08,-1.7674096822738647,0.0002641547182394131,2452.0,,,,,,,,,,,,,,0.17295765255085027,,,,,0.027762461453676224,2.6939505914924666e-05
,imappo,,,,2452.0,0.0,0.0,0.0013469753437220788,0.0,0.0,0.0,0.0,0.0013469753437220788,0.0,0.0,0.0,0.0,0.0,,,,,,,
0.0020779897458851337,imappo,3.422964311994292e-08,-1.341099739074707,0.0002638546182060688,2453.0,,,,,,,,,,,,,,0.17282427475825274,,,,,0.027053967118263245,2.7949341529165395e-05
,imappo,,,,2453.0,0.0,0.0,0.0013974670472975959,0.0,0.0,0.0,0.0,0.0013974670472975959,0.0,0.0,0.0,0.0,0.0,,,,,,,
0.0004496973124332726,imappo,4.2545948986116855e-08,-1.1782865524291992,0.0002635545181727243,2454.0,,,,,,,,,,,,,,0.1726908969656552,,,,,0.021199360489845276,3.2788757380330935e-05
,imappo,,,,2454.0,0.0,0.0,0.0016394378340010007,0.0,0.0,0.0,0.0,0.0016394378340010007,0.0,0.0,0.0,0.0,0.0,,,,,,,
-0.005584909114986658,imappo,2.2405298949479402e-08,-1.456220269203186,0.0002632544181393799,2455.0,,,,,,,,,,,,,,0.17255751917305767,,,,,0.030413810163736343,2.6263953259331174e-05
,imappo,,,,2455.0,0.0,0.0,0.0013131975330793466,0.0,0.0,0.0,0.0,0.0013131975330793466,0.0,0.0,0.0,0.0,0.0,,,,,,,
-0.0015960753662511706,imappo,1.845902275476874e-08,-1.83075749874115,0.00026295431810603536,2456.0,,,,,,,,,,,,,,0.17242414138046014,,,,,0.027228474617004395,2.6349940526415594e-05
,imappo,,,,2456.0,0.0,0.0,0.001317496971523724,0.0,0.0,0.0,0.0,0.001317496971523724,0.0,0.0,0.0,0.0,0.0,,,,,,,
-0.009423715993762016,imappo,2.0325401806076115e-08,-1.6929246187210083,0.00026265421807269095,2457.0,,,,,,,,,,,,,,0.1722907635878626,,,,,0.03256658464670181,2.663554550963454e-05
,imappo,,,,2457.0,0.0,0.0,0.0013317773430117086,0.0,0.0,0.0,0.0,0.0013317773430117086,0.0,0.0,0.0,0.0,0.0,,,,,,,
-0.0012175918091088533,imappo,1.3860168124324446e-08,-1.7749173641204834,0.00026235411803934654,2458.0,,,,,,,,,,,,,,0.17215738579526507,,,,,0.026311960071325302,2.6170124328928068e-05
,imappo,,,,2458.0,0.0,0.0,0.0013085061891615624,0.0,0.0,0.0,0.0,0.0013085061891615624,0.0,0.0,0.0,0.0,0.0,,,,,,,
-0.00014079731772653759,imappo,3.094968548111865e-08,-1.3309929370880127,0.000262054018006002,2459.0,,,,,,,,,,,,,,0.17202400800266754,,,,,0.027753036469221115,2.5264516807510518e-05
,imappo,,,,2459.0,0.0,0.0,0.001263225815630875,0.0,0.0,0.0,0.0,0.001263225815630875,0.0,0.0,0.0,0.0,0.0,,,,,,,
-0.0012457275297492743,imappo,1.9096335179824564e-08,-1.0708105564117432,0.0002617539179726575,2460.0,,,,,,,,,,,,,,0.17189063021007,,,,,0.01974620670080185,3.3277385227847844e-05
,imappo,,,,2460.0,0.0,0.0,0.0016638691538446437,0.0,0.0,0.0,0.0,0.0016638691538446437,0.0,0.0,0.0,0.0,0.0,,,,,,,
-0.004751882515847683,imappo,5.1135639722588166e-08,-1.0714298486709595,0.0002614538179393132,2461.0,,,,,,,,,,,,,,0.17175725241747247,,,,,0.024187250062823296,4.30097097705584e-05
,imappo,,,,2461.0,0.0,0.0,0.0021504854522049754,0.0,0.0,0.0,0.0,0.0021504854522049754,0.0,0.0,0.0,0.0,0.0,,,,,,,
-0.0032043869141489267,imappo,4.978642387243326e-09,-1.3375604152679443,0.0002611537179059687,2462.0,,,,,,,,,,,,,,0.17162387462487494,,,,,0.03016134724020958,2.664582098077517e-05
,imappo,,,,2462.0,0.0,0.0,0.0013322910555189083,0.0,0.0,0.0,0.0,0.0013322910555189083,0.0,0.0,0.0,0.0,0.0,,,,,,,
0.009637127630412579,imappo,3.8722909323496424e-08,-1.382643461227417,0.0002608536178726242,2463.0,,,,,,,,,,,,,,0.1714904968322774,,,,,0.028404992073774338,3.673954779515043e-05
,imappo,,,,2463.0,0.0,0.0,0.0018369773098356745,0.0,0.0,0.0,0.0,0.0018369773098356745,0.0,0.0,0.0,0.0,0.0,,,,,,,
-0.010550166480243206,imappo,2.0400038991397196e-08,-1.248620629310608,0.00026055351783927977,2464.0,,,,,,,,,,,,,,0.17135711903967987,,,,,0.026243675500154495,2.2318989067571238e-05
,imappo,,,,2464.0,0.0,0.0,0.001115949444020714,0.0,0.0,0.0,0.0,0.001115949444020714,0.0,0.0,0.0,0.0,0.0,,,,,,,
-0.008417569100856781,imappo,4.653062646298167e-08,-1.088532567024231,0.00026025341780593536,2465.0,,,,,,,,,,,,,,0.17122374124708234,,,,,0.02157481014728546,2.8419446607585996e-05
,imappo,,,,2465.0,0.0,0.0,0.0014209722403393243,0.0,0.0,0.0,0.0,0.0014209722403393243,0.0,0.0,0.0,0.0,0.0,,,,,,,
-0.004559000954031944,imappo,1.911523916930946e-08,-1.0303341150283813,0.00025995331777259095,2466.0,,,,,,,,,,,,,,0.1710903634544848,,,,,0.02625918574631214,4.0607614209875464e-05
,imappo,,,,2466.0,0.0,0.0,0.0020303807502841664,0.0,0.0,0.0,0.0,0.0020303807502841664,0.0,0.0,0.0,0.0,0.0,,,,,,,
-0.0035963207483291626,imappo,3.268756998409117e-08,-0.9412278532981873,0.00025965321773924644,2467.0,,,,,,,,,,,,,,0.17095698566188727,,,,,0.022402435541152954,4.1325871279696e-05
,imappo,,,,2467.0,0.0,0.0,0.0020662934714751335,0.0,0.0,0.0,0.0,0.0020662934714751335,0.0,0.0,0.0,0.0,0.0,,,,,,,
0.025119945406913757,imappo,2.506168073068693e-08,-1.7648917436599731,0.00025935311770590203,2468.0,,,,,,,,,,,,,,0.17082360786928974,,,,,0.024777933955192566,4.73991603939794e-05
,imappo,,,,2468.0,0.0,0.0,0.0023699576921671905,0.0,0.0,0.0,0.0,0.0023699576921671905,0.0,0.0,0.0,0.0,0.0,,,,,,,
-0.010529501363635063,imappo,1.499329016496631e-08,-0.994003415107727,0.0002590530176725576,2469.0,,,,,,,,,,,,,,0.1706902300766922,,,,,0.019621815532445908,3.175465826643631e-05
,imappo,,,,2469.0,0.0,0.0,0.0015877328902433874,0.0,0.0,0.0,0.0,0.0015877328902433874,0.0,0.0,0.0,0.0,0.0,,,,,,,
-0.0035936052445322275,imappo,2.2181399828014037e-08,-1.5497883558273315,0.0002587529176392131,2470.0,,,,,,,,,,,,,,0.17055685228409467,,,,,0.028938142582774162,2.3612328732269816e-05
,imappo,,,,2470.0,0.0,0.0,0.0011806163462324548,0.0,0.0,0.0,0.0,0.0011806163462324548,0.0,0.0,0.0,0.0,0.0,,,,,,,
-0.003068943042308092,imappo,1.9456601663137008e-08,-1.6214532852172852,0.0002584528176058686,2471.0,,,,,,,,,,,,,,0.17042347449149714,,,,,0.02804899960756302,2.588867391750682e-05
,imappo,,,,2471.0,0.0,0.0,0.0012944337354667823,0.0,0.0,0.0,0.0,0.0012944337354667823,0.0,0.0,0.0,0.0,0.0,,,,,,,
0.00025961987557820976,imappo,3.736035125712078e-08,-0.8465976119041443,0.0002581527175725243,2472.0,,,,,,,,,,,,,,0.1702900966988996,,,,,0.024374615401029587,3.233989264117554e-05
,imappo,,,,2472.0,0.0,0.0,0.0016169947825659392,0.0,0.0,0.0,0.0,0.0016169947825659392,0.0,0.0,0.0,0.0,0.0,,,,,,,
0.0006504676421172917,imappo,2.0398324807047175e-08,-0.9814474582672119,0.00025785261753917977,2473.0,,,,,,,,,,,,,,0.17015671890630207,,,,,0.021603859961032867,3.1382056477013975e-05
,imappo,,,,2473.0,0.0,0.0,0.001569102830671909,0.0,0.0,0.0,0.0,0.001569102830671909,0.0,0.0,0.0,0.0,0.0,,,,,,,
-0.007695946842432022,imappo,4.685611543209234e-08,-1.256093144416809,0.00025755251750583525,2474.0,,,,,,,,,,,,,,0.17002334111370454,,,,,0.03001272864639759,3.515007483656518e-05
,imappo,,,,2474.0,0.0,0.0,0.0017575036583536985,0.0,0.0,0.0,0.0,0.0017575036583536985,0.0,0.0,0.0,0.0,0.0,,,,,,,
-0.002845918061211705,imappo,3.112952029482585e-08,-1.8122990131378174,0.00025725241747249084,2475.0,,,,,,,,,,,,,,0.169889963321107,,,,,0.02782774344086647,3.6460063711274415e-05
,imappo,,,,2475.0,0.0,0.0,0.001823003281401725,0.0,0.0,0.0,0.0,0.001823003281401725,0.0,0.0,0.0,0.0,0.0,,,,,,,
-0.007292256690561771,imappo,2.3790162728687392e-08,-1.0999537706375122,0.00025695231743914644,2476.0,,,,,,,,,,,,,,0.16975658552850947,,,,,0.027669716626405716,1.842024903453421e-05
,imappo,,,,2476.0,0.0,0.0,0.0009210124496803473,0.0,0.0,0.0,0.0,0.0009210124496803473,0.0,0.0,0.0,0.0,0.0,,,,,,,
-0.00735845323652029,imappo,2.1572786224055562e-08,-1.0937613248825073,0.00025665221740580203,2477.0,,,,,,,,,,,,,,0.16962320773591194,,,,,0.032197367399930954,2.92794757115189e-05
,imappo,,,,2477.0,0.0,0.0,0.001463973751924641,0.0,0.0,0.0,0.0,0.001463973751924641,0.0,0.0,0.0,0.0,0.0,,,,,,,
-0.004532863385975361,imappo,3.2285718987168366e-08,-0.9085090160369873,0.0002563521173724575,2478.0,,,,,,,,,,,,,,0.1694898299433144,,,,,0.02119176834821701,2.9363105568336323e-05
,imappo,,,,2478.0,0.0,0.0,0.001468155216116429,0.0,0.0,0.0,0.0,0.001468155216116429,0.0,0.0,0.0,0.0,0.0,,,,,,,
0.013635946437716484,imappo,4.1982701759479824e-08,-1.2143877744674683,0.000256052017339113,2479.0,,,,,,,,,,,,,,0.16935645215071687,,,,,0.03000345453619957,2.816566120600328e-05
,imappo,,,,2479.0,0.0,0.0,0.0014082829247854534,0.0,0.0,0.0,0.0,0.0014082829247854534,0.0,0.0,0.0,0.0,0.0,,,,,,,
-0.007693631574511528,imappo,1.5376540929423754e-08,-1.507537603378296,0.0002557519173057687,2480.0,,,,,,,,,,,,,,0.16922307435811934,,,,,0.02678210660815239,2.1991356334183365e-05
,imappo,,,,2480.0,0.0,0.0,0.0010995679490406474,0.0,0.0,0.0,0.0,0.0010995679490406474,0.0,0.0,0.0,0.0,0.0,,,,,,,
-0.0018512440146878362,imappo,3.643333457148401e-08,-1.055010437965393,0.0002554518172724242,2481.0,,,,,,,,,,,,,,0.1690896965655218,,,,,0.02768801897764206,2.6313227863283828e-05
,imappo,,,,2481.0,0.0,0.0,0.0013156613255844718,0.0,0.0,0.0,0.0,0.0013156613255844718,0.0,0.0,0.0,0.0,0.0,,,,,,,
0.007916437461972237,imappo,1.4635163303466925e-08,-1.2548781633377075,0.00025515171723907966,2482.0,,,,,,,,,,,,,,0.16895631877292427,,,,,0.03233185410499573,2.3438326024916023e-05
,imappo,,,,2482.0,0.0,0.0,0.0011719162517920267,0.0,0.0,0.0,0.0,0.0011719162517920267,0.0,0.0,0.0,0.0,0.0,,,,,,,
-0.004891975782811642,imappo,3.055949093777599e-08,-0.9991497993469238,0.00025485161720573536,2483.0,,,,,,,,,,,,,,0.1688229409803268,,,,,0.02954012155532837,3.209464193787426e-05
,imappo,,,,2483.0,0.0,0.0,0.0016047322202439318,0.0,0.0,0.0,0.0,0.0016047322202439318,0.0,0.0,0.0,0.0,0.0,,,,,,,
-0.006275020074099302,imappo,8.019834574213291e-09,-1.1412473917007446,0.00025455151717239085,2484.0,,,,,,,,,,,,,,0.1686895631877292,,,,,0.029631681740283966,2.396304626017809e-05
,imappo,,,,2484.0,0.0,0.0,0.0011981522966379998,0.0,0.0,0.0,0.0,0.0011981522966379998,0.0,0.0,0.0,0.0,0.0,,,,,,,
0.0037220539525151253,imappo,8.353397085159031e-09,-1.5774253606796265,0.00025425141713904644,2485.0,,,,,,,,,,,,,,0.16855618539513167,,,,,0.025661326944828033,2.6163479560636915e-05
,imappo,,,,2485.0,0.0,0.0,0.0013081740787015406,0.0,0.0,0.0,0.0,0.0013081740787015406,0.0,0.0,0.0,0.0,0.0,,,,,,,
-0.008622352965176105,imappo,2.763892048562866e-08,-0.9614166021347046,0.0002539513171057019,2486.0,,,,,,,,,,,,,,0.16842280760253414,,,,,0.02176000364124775,3.2767791708465666e-05
,imappo,,,,2486.0,0.0,0.0,0.0016383896463594283,0.0,0.0,0.0,0.0,0.0016383896463594283,0.0,0.0,0.0,0.0,0.0,,,,,,,
-0.002670964691787958,imappo,4.0739383422305764e-08,-1.716444492340088,0.0002536512170723575,2487.0,,,,,,,,,,,,,,0.16828942980993666,,,,,0.02511598914861679,2.5545527023496106e-05
,imappo,,,,2487.0,0.0,0.0,0.0012772763712973756,0.0,0.0,0.0,0.0,0.0012772763712973756,0.0,0.0,0.0,0.0,0.0,,,,,,,
-0.004753102082759142,imappo,3.06744354361399e-08,-1.5998936891555786,0.0002533511170390131,2488.0,,,,,,,,,,,,,,0.16815605201733907,,,,,0.033915113657712936,2.6148803954129107e-05
,imappo,,,,2488.0,0.0,0.0,0.0013074401956600923,0.0,0.0,0.0,0.0,0.0013074401956600923,0.0,0.0,0.0,0.0,0.0,,,,,,,
-0.0023471605964004993,imappo,2.1245027070904143e-08,-1.9634298086166382,0.0002530510170056686,2489.0,,,,,,,,,,,,,,0.16802267422474154,,,,,0.024898916482925415,3.3509728382341564e-05
,imappo,,,,2489.0,0.0,0.0,0.0016754863818277954,0.0,0.0,0.0,0.0,0.0016754863818277954,0.0,0.0,0.0,0.0,0.0,,,,,,,
0.0003986202646046877,imappo,4.0770210318896716e-08,-0.9081737995147705,0.00025275091697232407,2490.0,,,,,,,,,,,,,,0.167889296432144,,,,,0.023053906857967377,3.695859413710423e-05
,imappo,,,,2490.0,0.0,0.0,0.0018479296089140007,0.0,0.0,0.0,0.0,0.0018479296089140007,0.0,0.0,0.0,0.0,0.0,,,,,,,
-0.0029892628081142902,imappo,2.6702764444053173e-08,-1.2913527488708496,0.00025245081693897977,2491.0,,,,,,,,,,,,,,0.16775591863954653,,,,,0.029765844345092773,2.572747143858578e-05
,imappo,,,,2491.0,0.0,0.0,0.0012863737367752037,0.0,0.0,0.0,0.0,0.0012863737367752037,0.0,0.0,0.0,0.0,0.0,,,,,,,
0.0007884480874054134,imappo,3.0602187450767815e-08,-1.2042940855026245,0.00025215071690563526,2492.0,,,,,,,,,,,,,,0.16762254084694894,,,,,0.031193852424621582,1.979112312255893e-05
,imappo,,,,2492.0,0.0,0.0,0.0009895562409383274,0.0,0.0,0.0,0.0,0.0009895562409383274,0.0,0.0,0.0,0.0,0.0,,,,,,,
0.06396995484828949,imappo,5.568096739239081e-08,-1.9986960887908936,0.00025185061687229074,2493.0,,,,,,,,,,,,,,0.1674891630543514,,,,,0.030165214091539383,1.978686123038642e-05
,imappo,,,,2493.0,0.0,0.0,0.0009893430159308991,0.0,0.0,0.0,0.0,0.0009893430159308991,0.0,0.0,0.0,0.0,0.0,,,,,,,
0.009340887889266014,imappo,1.4375098089658422e-07,-1.3110556602478027,0.00025155051683894633,2494.0,,,,,,,,,,,,,,0.16735578526175388,,,,,0.026325054466724396,2.5483099307166412e-05
,imappo,,,,2494.0,0.0,0.0,0.0012741549933039664,0.0,0.0,0.0,0.0,0.0012741549933039664,0.0,0.0,0.0,0.0,0.0,,,,,,,
-0.0013071068096905947,imappo,2.992091197029367e-08,-1.8313267230987549,0.0002512504168056019,2495.0,,,,,,,,,,,,,,0.1672224074691564,,,,,0.022187143564224243,4.080542203155346e-05
,imappo,,,,2495.0,0.0,0.0,0.002040271118687542,0.0,0.0,0.0,0.0,0.002040271118687542,0.0,0.0,0.0,0.0,0.0,,,,,,,
-0.0037282314151525497,imappo,8.292672326604134e-09,-1.0451937913894653,0.0002509503167722575,2496.0,,,,,,,,,,,,,,0.1670890296765588,,,,,0.025397010147571564,3.838723569060676e-05
,imappo,,,,2496.0,0.0,0.0,0.0019193617580413047,0.0,0.0,0.0,0.0,0.0019193617580413047,0.0,0.0,0.0,0.0,0.0,,,,,,,
0.00023217633133754134,imappo,4.0966579462065056e-08,-1.7259163856506348,0.000250650216738913,2497.0,,,,,,,,,,,,,,0.16695565188396128,,,,,0.025911293923854828,2.226013930339832e-05
,imappo,,,,2497.0,0.0,0.0,0.0011130069091862538,0.0,0.0,0.0,0.0,0.0011130069091862538,0.0,0.0,0.0,0.0,0.0,,,,,,,
0.005144608672708273,imappo,2.189474201941266e-08,-1.5666062831878662,0.0002503501167055686,2498.0,,,,,,,,,,,,,,0.1668222740913638,,,,,0.029567863792181015,2.2681004338664934e-05
,imappo,,,,2498.0,0.0,0.0,0.0011340501942669334,0.0,0.0,0.0,0.0,0.0011340501942669334,0.0,0.0,0.0,0.0,0.0,,,,,,,
0.013422257266938686,imappo,5.4720349140779945e-08,-1.2677910327911377,0.0002500500166722242,2499.0,,,,,,,,,,,,,,0.16668889629876626,,,,,0.03315766900777817,2.696343290153891e-05
,imappo,,,,2499.0,0.0,0.0,0.0013481715259331395,0.0,0.0,0.0,0.0,0.0013481715259331395,0.0,0.0,0.0,0.0,0.0,,,,,,,
,imappo,,,,2499.0,,,,,,,,,,,,,,,0.0,0.0,0.0,0.0,,
-0.006058866158127785,imappo,2.0355164664920267e-08,-1.3989970684051514,0.00024974991663887967,2500.0,,,,,,,,,,,,,,0.16655551850616868,,,,,0.029156850650906563,2.7269219572190195e-05
,imappo,,,,2500.0,0.0,0.0,0.00136346096996931,0.0,0.0,0.0,0.0,0.00136346096996931,0.0,0.0,0.0,0.0,0.0,,,,,,,
-0.0011055541690438986,imappo,3.1106377917922146e-08,-1.6476869583129883,0.00024944981660553515,2501.0,,,,,,,,,,,,,,0.16642214071357114,,,,,0.020766984671354294,3.9976119296625257e-05
,imappo,,,,2501.0,0.0,0.0,0.001998805706762141,0.0,0.0,0.0,0.0,0.001998805706762141,0.0,0.0,0.0,0.0,0.0,,,,,,,
0.0002530013443902135,imappo,1.7724079981462637e-08,-1.3643170595169067,0.00024914971657219085,2502.0,,,,,,,,,,,,,,0.16628876292097367,,,,,0.031864654272794724,2.4087663405225612e-05
,imappo,,,,2502.0,0.0,0.0,0.0012043832173223024,0.0,0.0,0.0,0.0,0.0012043832173223024,0.0,0.0,0.0,0.0,0.0,,,,,,,
-0.005330714862793684,imappo,3.674007231779797e-08,-1.3424668312072754,0.00024884961653884633,2503.0,,,,,,,,,,,,,,0.16615538512837613,,,,,0.029877357184886932,2.6414214516989887e-05
,imappo,,,,2503.0,0.0,0.0,0.0013207108481125829,0.0,0.0,0.0,0.0,0.0013207108481125829,0.0,0.0,0.0,0.0,0.0,,,,,,,
0.009530761279165745,imappo,2.7445112849022735e-08,-1.1829698085784912,0.0002485495165055018,2504.0,,,,,,,,,,,,,,0.16602200733577854,,,,,0.02099461853504181,2.7869484256370924e-05
,imappo,,,,2504.0,0.0,0.0,0.001393474131759831,0.0,0.0,0.0,0.0,0.001393474131759831,0.0,0.0,0.0,0.0,0.0,,,,,,,
0.0008759769843891263,imappo,3.484716160073731e-08,-1.4378206729888916,0.0002482494164721574,2505.0,,,,,,,,,,,,,,0.165888629543181,,,,,0.029589958488941193,3.208805719623342e-05
,imappo,,,,2505.0,0.0,0.0,0.0016044029205204424,0.0,0.0,0.0,0.0,0.0016044029205204424,0.0,0.0,0.0,0.0,0.0,,,,,,,
0.002459174022078514,imappo,1.0680596318479729e-07,-1.5018411874771118,0.000247949316438813,2506.0,,,,,,,,,,,,,,0.16575525175058353,,,,,0.029443737119436264,2.2473825083579868e-05
,imappo,,,,2506.0,0.0,0.0,0.0011236911878143019,0.0,0.0,0.0,0.0,0.0011236911878143019,0.0,0.0,0.0,0.0,0.0,,,,,,,
-0.017558081075549126,imappo,2.6243641926271266e-08,-1.5382061004638672,0.0002476492164054686,2507.0,,,,,,,,,,,,,,0.165621873957986,,,,,0.02886071428656578,2.1395282601588406e-05
,imappo,,,,2507.0,0.0,0.0,0.0010697641268961888,0.0,0.0,0.0,0.0,0.0010697641268961888,0.0,0.0,0.0,0.0,0.0,,,,,,,
-0.007471228018403053,imappo,2.8301284871190546e-08,-1.390154480934143,0.0002473491163721241,2508.0,,,,,,,,,,,,,,0.1654884961653884,,,,,0.027844803407788277,3.180883504683152e-05
,imappo,,,,2508.0,0.0,0.0,0.0015904417041383567,0.0,0.0,0.0,0.0,0.0015904417041383567,0.0,0.0,0.0,0.0,0.0,,,,,,,
-0.0033943806774914265,imappo,3.93269061760293e-08,-1.3991420269012451,0.00024704901633877956,2509.0,,,,,,,,,,,,,,0.16535511837279088,,,,,0.030717268586158752,2.2334947061608545e-05
,imappo,,,,2509.0,0.0,0.0,0.0011167474161482005,0.0,0.0,0.0,0.0,0.0011167474161482005,0.0,0.0,0.0,0.0,0.0,,,,,,,
-0.006813554558902979,imappo,8.562656361732479e-09,-1.4643948078155518,0.00024674891630543526,2510.0,,,,,,,,,,,,,,0.1652217405801934,,,,,0.02713063359260559,2.332986332476139e-05
,imappo,,,,2510.0,0.0,0.0,0.0011664931048471772,0.0,0.0,0.0,0.0,0.0011664931048471772,0.0,0.0,0.0,0.0,0.0,,,,,,,
-0.015451435931026936,imappo,2.151926814519811e-08,-1.1707041263580322,0.00024644881627209074,2511.0,,,,,,,,,,,,,,0.16508836278759587,,,,,0.03256170451641083,2.9643457310157828e-05
,imappo,,,,2511.0,0.0,0.0,0.0014821727752405423,0.0,0.0,0.0,0.0,0.0014821727752405423,0.0,0.0,0.0,0.0,0.0,,,,,,,
0.025644738227128983,imappo,6.27195646529799e-08,-2.009295701980591,0.0002461487162387462,2512.0,,,,,,,,,,,,,,0.16495498499499828,,,,,0.026890229433774948,2.6964209610014223e-05
,imappo,,,,2512.0,0.0,0.0,0.001348210325090804,0.0,0.0,0.0,0.0,0.001348210325090804,0.0,0.0,0.0,0.0,0.0,,,,,,,
0.010905133560299873,imappo,1.0137707562307696e-07,-1.141613245010376,0.0002458486162054019,2513.0,,,,,,,,,,,,,,0.1648216072024008,,,,,0.018410220742225647,2.9708451620535925e-05
,imappo,,,,2513.0,0.0,0.0,0.0014854225174190105,0.0,0.0,0.0,0.0,0.0014854225174190105,0.0,0.0,0.0,0.0,0.0,,,,,,,
0.0044861119240522385,imappo,3.126622161175874e-08,-1.6223467588424683,0.0002455485161720574,2514.0,,,,,,,,,,,,,,0.16468822940980327,,,,,0.02968287467956543,2.6471154342289083e-05
,imappo,,,,2514.0,0.0,0.0,0.0013235577243193575,0.0,0.0,0.0,0.0,0.0013235577243193575,0.0,0.0,0.0,0.0,0.0,,,,,,,
-0.002043770859017968,imappo,1.654013814800237e-08,-1.1283209323883057,0.0002452484161387129,2515.0,,,,,,,,,,,,,,0.16455485161720573,,,,,0.01839127019047737,2.58279251283966e-05
,imappo,,,,2515.0,0.0,0.0,0.0012913962848415395,0.0,0.0,0.0,0.0,0.0012913962848415395,0.0,0.0,0.0,0.0,0.0,,,,,,,
-0.005180708598345518,imappo,3.004227622227518e-08,-0.8903546929359436,0.0002449483161053685,2516.0,,,,,,,,,,,,,,0.16442147382460814,,,,,0.02285381220281124,3.980556357419118e-05
,imappo,,,,2516.0,0.0,0.0,0.001990278111406951,0.0,0.0,0.0,0.0,0.001990278111406951,0.0,0.0,0.0,0.0,0.0,,,,,,,
-0.0013042218051850796,imappo,2.5966990335746232e-08,-2.0529165267944336,0.0002446482160720241,2517.0,,,,,,,,,,,,,,0.16428809603201067,,,,,0.02741788700222969,3.137628664262593e-05
,imappo,,,,2517.0,0.0,0.0,0.0015688143853367364,0.0,0.0,0.0,0.0,0.0015688143853367364,0.0,0.0,0.0,0.0,0.0,,,,,,,
0.036285050213336945,imappo,1.2562440865337976e-08,-1.3190826177597046,0.00024434811603867967,2518.0,,,,,,,,,,,,,,0.16415471823941313,,,,,0.028732942417263985,2.5469618776696734e-05
,imappo,,,,2518.0,0.0,0.0,0.0012734808515233453,0.0,0.0,0.0,0.0,0.0012734808515233453,0.0,0.0,0.0,0.0,0.0,,,,,,,
-0.010743509978055954,imappo,2.0934542988015892e-08,-1.4713802337646484,0.00024404801600533515,2519.0,,,,,,,,,,,,,,0.1640213404468156,,,,,0.028943020850419998,2.4827380912029184e-05
,imappo,,,,2519.0,0.0,0.0,0.0012413689691470609,0.0,0.0,0.0,0.0,0.0012413689691470609,0.0,0.0,0.0,0.0,0.0,,,,,,,
-0.006264884956181049,imappo,7.222828202202436e-08,-0.924697756767273,0.00024374791597199063,2520.0,,,,,,,,,,,,,,0.163887962654218,,,,,0.024971673265099525,3.601359640015289e-05
,imappo,,,,2520.0,0.0,0.0,0.0018006798868555052,0.0,0.0,0.0,0.0,0.0018006798868555052,0.0,0.0,0.0,0.0,0.0,,,,,,,
-0.004136555828154087,imappo,2.022083833708166e-08,-0.9097046852111816,0.00024344781593864633,2521.0,,,,,,,,,,,,,,0.16375458486162053,,,,,0.03123250976204872,3.432768426137045e-05
,imappo,,,,2521.0,0.0,0.0,0.0017163842110221594,0.0,0.0,0.0,0.0,0.0017163842110221594,0.0,0.0,0.0,0.0,0.0,,,,,,,
0.0017029641894623637,imappo,4.2466272276442396e-08,-1.4163522720336914,0.00024314771590530182,2522.0,,,,,,,,,,,,,,0.163621207069023,,,,,0.0326012447476387,3.2420455681858584e-05
,imappo,,,,2522.0,0.0,0.0,0.0016210226563089236,0.0,0.0,0.0,0.0,0.0016210226563089236,0.0,0.0,0.0,0.0,0.0,,,,,,,
0.00879476498812437,imappo,1.6997591956169344e-07,-1.9379050731658936,0.0002428476158719573,2523.0,,,,,,,,,,,,,,0.16348782927642547,,,,,0.023812565952539444,3.10544237436261e-05
,imappo,,,,2523.0,0.0,0.0,0.001552721174018501,0.0,0.0,0.0,0.0,0.001552721174018501,0.0,0.0,0.0,0.0,0.0,,,,,,,
-0.0010459418408572674,imappo,9.434246273087865e-09,-1.5336159467697144,0.0002425475158386129,2524.0,,,,,,,,,,,,,,0.16335445148382788,,,,,0.031184237450361252,2.299157677043695e-05
,imappo,,,,2524.0,0.0,0.0,0.0011495788363617976,0.0,0.0,0.0,0.0,0.0011495788363617976,0.0,0.0,0.0,0.0,0.0,,,,,,,
-0.005625434685498476,imappo,3.038933371612984e-08,-1.0448514223098755,0.00024224741580526849,2525.0,,,,,,,,,,,,,,0.1632210736912304,,,,,0.028485000133514404,3.220376675017178e-05
,imappo,,,,2525.0,0.0,0.0,0.0016101882073940033,0.0,0.0,0.0,0.0,0.0016101882073940033,0.0,0.0,0.0,0.0,0.0,,,,,,,
-0.0024054991081357002,imappo,1.4709374163146549e-08,-1.5249873399734497,0.00024194731577192397,2526.0,,,,,,,,,,,,,,0.16308769589863287,,,,,0.03046693652868271,2.2761205400456674e-05
,imappo,,,,2526.0,0.0,0.0,0.0011380602025496955,0.0,0.0,0.0,0.0,0.0011380602025496955,0.0,0.0,0.0,0.0,0.0,,,,,,,
-0.010574848391115665,imappo,1.4238860757131988e-08,-1.0137823820114136,0.00024164721573857956,2527.0,,,,,,,,,,,,,,0.16295431810603533,,,,,0.023578789085149765,3.277271389379166e-05
,imappo,,,,2527.0,0.0,0.0,0.0016386357071667135,0.0,0.0,0.0,0.0,0.0016386357071667135,0.0,0.0,0.0,0.0,0.0,,,,,,,
-0.005955065600574017,imappo,1.5711959733266667e-08,-1.2885377407073975,0.00024134711570523515,2528.0,,,,,,,,,,,,,,0.1628209403134378,,,,,0.02873978577554226,2.6176823666901328e-05
,imappo,,,,2528.0,0.0,0.0,0.0013088411426451785,0.0,0.0,0.0,0.0,0.0013088411426451785,0.0,0.0,0.0,0.0,0.0,,,,,,,
-0.003697168780490756,imappo,2.0244254272938633e-08,-1.025490164756775,0.00024104701567189074,2529.0,,,,,,,,,,,,,,0.16268756252084027,,,,,0.024732735008001328,4.469914347282611e-05
,imappo,,,,2529.0,0.0,0.0,0.0022349570763253723,0.0,0.0,0.0,0.0,0.0022349570763253723,0.0,0.0,0.0,0.0,0.0,,,,,,,
-0.0027681547217071056,imappo,4.51069048779118e-08,-1.2794164419174194,0.00024074691563854623,2530.0,,,,,,,,,,,,,,0.16255418472824273,,,,,0.029589351266622543,2.1282174202497117e-05
,imappo,,,,2530.0,0.0,0.0,0.001064108665616459,0.0,0.0,0.0,0.0,0.001064108665616459,0.0,0.0,0.0,0.0,0.0,,,,,,,
-0.005267101339995861,imappo,1.1190788740123025e-08,-1.6791595220565796,0.0002404468156052017,2531.0,,,,,,,,,,,,,,0.1624208069356452,,,,,0.03305279463529587,2.4969978767330758e-05
,imappo,,,,2531.0,0.0,0.0,0.0012484989063068497,0.0,0.0,0.0,0.0,0.0012484989063068497,0.0,0.0,0.0,0.0,0.0,,,,,,,
-0.0010165737476199865,imappo,1.8923065780995785e-08,-1.0894967317581177,0.0002401467155718574,2532.0,,,,,,,,,,,,,,0.16228742914304767,,,,,0.020418670028448105,4.1926014091586694e-05
,imappo,,,,2532.0,0.0,0.0,0.002096300647508542,0.0,0.0,0.0,0.0,0.002096300647508542,0.0,0.0,0.0,0.0,0.0,,,,,,,
0.011589212343096733,imappo,4.153882926516417e-08,-1.0949599742889404,0.0002398466155385129,2533.0,,,,,,,,,,,,,,0.16215405135045013,,,,,0.016292236745357513,3.764331268030219e-05
,imappo,,,,2533.0,0.0,0.0,0.0018821657521357338,0.0,0.0,0.0,0.0,0.0018821657521357338,0.0,0.0,0.0,0.0,0.0,,,,,,,
0.0064496262930333614,imappo,2.9901300990786694e-08,-1.3900965452194214,0.00023954651550516838,2534.0,,,,,,,,,,,,,,0.1620206735578526,,,,,0.028783375397324562,2.6032757887151092e-05
,imappo,,,,2534.0,0.0,0.0,0.0013016378429284714,0.0,0.0,0.0,0.0,0.0013016378429284714,0.0,0.0,0.0,0.0,0.0,,,,,,,
-0.005898629780858755,imappo,1.32106791284059e-07,-1.1605452299118042,0.00023924641547182397,2535.0,,,,,,,,,,,,,,0.16188729576525507,,,,,0.02263249084353447,4.6534081775462255e-05
,imappo,,,,2535.0,0.0,0.0,0.0023267039040320014,0.0,0.0,0.0,0.0,0.0023267039040320014,0.0,0.0,0.0,0.0,0.0,,,,,,,
0.01236423384398222,imappo,4.505341522076378e-08,-1.5812872648239136,0.00023894631543847956,2536.0,,,,,,,,,,,,,,0.16175391797265753,,,,,0.03009587898850441,3.4562795917736366e-05
,imappo,,,,2536.0,0.0,0.0,0.0017281398090744915,0.0,0.0,0.0,0.0,0.0017281398090744915,0.0,0.0,0.0,0.0,0.0,,,,,,,
-0.0006064267363399267,imappo,1.3794037911907253e-08,-1.3257670402526855,0.00023864621540513505,2537.0,,,,,,,,,,,,,,0.16162054018006,,,,,0.0319637693464756,3.587289393180981e-05
,imappo,,,,2537.0,0.0,0.0,0.0017936446549242646,0.0,0.0,0.0,0.0,0.0017936446549242646,0.0,0.0,0.0,0.0,0.0,,,,,,,
-0.009869435802102089,imappo,4.495372607493664e-08,-1.0899643898010254,0.00023834611537179064,2538.0,,,,,,,,,,,,,,0.16148716238746247,,,,,0.03160325437784195,2.2627355065196753e-05
,imappo,,,,2538.0,0.0,0.0,0.0011313677510429443,0.0,0.0,0.0,0.0,0.0011313677510429443,0.0,0.0,0.0,0.0,0.0,,,,,,,
0.0024169916287064552,imappo,2.7905686650342432e-08,-1.9516503810882568,0.00023804601533844612,2539.0,,,,,,,,,,,,,,0.16135378459486494,,,,,0.028108416125178337,3.2858170015970245e-05
,imappo,,,,2539.0,0.0,0.0,0.001642908669168719,0.0,0.0,0.0,0.0,0.001642908669168719,0.0,0.0,0.0,0.0,0.0,,,,,,,
0.001808253349736333,imappo,2.6272605424537687e-08,-0.9940424561500549,0.00023774591530510182,2540.0,,,,,,,,,,,,,,0.1612204068022674,,,,,0.030621197074651718,2.170265906897839e-05
,imappo,,,,2540.0,0.0,0.0,0.0010851328972876217,0.0,0.0,0.0,0.0,0.0010851328972876217,0.0,0.0,0.0,0.0,0.0,,,,,,,
-0.0011269168462604284,imappo,7.944183977315333e-08,-1.2290229797363281,0.0002374458152717573,2541.0,,,,,,,,,,,,,,0.16108702900966987,,,,,0.028652295470237732,2.6564130166661926e-05
,imappo,,,,2541.0,0.0,0.0,0.0013282065027624412,0.0,0.0,0.0,0.0,0.0013282065027624412,0.0,0.0,0.0,0.0,0.0,,,,,,,
-0.0038870417047291994,imappo,3.4940914162007175e-08,-1.336607813835144,0.0002371457152384128,2542.0,,,,,,,,,,,,,,0.16095365121707234,,,,,0.02896476909518242,2.5547802579239942e-05
,imappo,,,,2542.0,0.0,0.0,0.0012773902598013365,0.0,0.0,0.0,0.0,0.0012773902598013365,0.0,0.0,0.0,0.0,0.0,,,,,,,
-0.0012705171247944236,imappo,2.5131605241313082e-08,-1.4600846767425537,0.0002368456152050685,2543.0,,,,,,,,,,,,,,0.1608202734244748,,,,,0.0291681420058012,2.316153586434666e-05
,imappo,,,,2543.0,0.0,0.0,0.0011580768606336278,0.0,0.0,0.0,0.0,0.0011580768606336278,0.0,0.0,0.0,0.0,0.0,,,,,,,
-0.008392451331019402,imappo,3.7169400002312614e-08,-0.9924522042274475,0.00023654551517172397,2544.0,,,,,,,,,,,,,,0.16068689563187727,,,,,0.019366592168807983,2.6083233024110086e-05
,imappo,,,,2544.0,0.0,0.0,0.001304161678717719,0.0,0.0,0.0,0.0,0.001304161678717719,0.0,0.0,0.0,0.0,0.0,,,,,,,
-0.0005520192207768559,imappo,1.1149085210604426e-08,-0.7894293665885925,0.00023624541513837945,2545.0,,,,,,,,,,,,,,0.16055351783927974,,,,,0.024266473948955536,3.626651960075833e-05
,imappo,,,,2545.0,0.0,0.0,0.001813325914440611,0.0,0.0,0.0,0.0,0.001813325914440611,0.0,0.0,0.0,0.0,0.0,,,,,,,
0.0021141942124813795,imappo,2.9029445514083818e-08,-1.0601848363876343,0.00023594531510503505,2546.0,,,,,,,,,,,,,,0.1604201400466822,,,,,0.03242889419198036,2.898374259530101e-05
,imappo,,,,2546.0,0.0,0.0,0.0014491871426116631,0.0,0.0,0.0,0.0,0.0014491871426116631,0.0,0.0,0.0,0.0,0.0,,,,,,,
-0.004606759641319513,imappo,3.273389381774905e-08,-1.0652809143066406,0.00023564521507169064,2547.0,,,,,,,,,,,,,,0.16028676225408467,,,,,0.03084326535463333,3.2460644433740526e-05
,imappo,,,,2547.0,0.0,0.0,0.0016230322020760468,0.0,0.0,0.0,0.0,0.0016230322020760468,0.0,0.0,0.0,0.0,0.0,,,,,,,
-0.006446511950343847,imappo,4.765787409155564e-08,-0.7952617406845093,0.00023534511503834612,2548.0,,,,,,,,,,,,,,0.16015338446148714,,,,,0.022188764065504074,3.374580410309136e-05
,imappo,,,,2548.0,0.0,0.0,0.0016872902267550671,0.0,0.0,0.0,0.0,0.0016872902267550671,0.0,0.0,0.0,0.0,0.0,,,,,,,
0.0030120203737169504,imappo,1.3976861445996747e-08,-1.3368922472000122,0.00023504501500500171,2549.0,,,,,,,,,,,,,,0.1600200066688896,,,,,0.028605785220861435,2.625785600685049e-05
,imappo,,,,2549.0,0.0,0.0,0.0013128926821082132,0.0,0.0,0.0,0.0,0.0013128926821082132,0.0,0.0,0.0,0.0,0.0,,,,,,,
0.007569138891994953,imappo,2.237639762370236e-07,-1.779062271118164,0.0002347449149716572,2550.0,,,,,,,,,,,,,,0.15988662887629207,,,,,0.022765297442674637,4.302394518163055e-05
,imappo,,,,2550.0,0.0,0.0,0.002151197543298622,0.0,0.0,0.0,0.0,0.002151197543298622,0.0,0.0,0.0,0.0,0.0,,,,,,,
-0.006745954975485802,imappo,7.92442804709026e-08,-1.334726095199585,0.0002344448149383129,2551.0,,,,,,,,,,,,,,0.15975325108369454,,,,,0.028156613931059837,2.5807124984567054e-05
,imappo,,,,2551.0,0.0,0.0,0.0012903563322197442,0.0,0.0,0.0,0.0,0.0012903563322197442,0.0,0.0,0.0,0.0,0.0,,,,,,,
-0.0007329415529966354,imappo,4.32908393577236e-08,-1.1384209394454956,0.00023414471490496838,2552.0,,,,,,,,,,,,,,0.159619873291097,,,,,0.029385706409811974,2.415771086816676e-05
,imappo,,,,2552.0,0.0,0.0,0.0012078855501158614,0.0,0.0,0.0,0.0,0.0012078855501158614,0.0,0.0,0.0,0.0,0.0,,,,,,,
-0.006165641359984875,imappo,2.6959487087196976e-08,-0.9962860345840454,0.00023384461487162386,2553.0,,,,,,,,,,,,,,0.15948649549849947,,,,,0.03094373643398285,2.5876672225422226e-05
,imappo,,,,2553.0,0.0,0.0,0.001293833579211423,0.0,0.0,0.0,0.0,0.001293833579211423,0.0,0.0,0.0,0.0,0.0,,,,,,,
-0.003970667719841003,imappo,7.224181697296217e-09,-1.2311547994613647,0.00023354451483827946,2554.0,,,,,,,,,,,,,,0.15935311770590194,,,,,0.02705884724855423,2.4335598936886527e-05
,imappo,,,,2554.0,0.0,0.0,0.0012167798369659977,0.0,0.0,0.0,0.0,0.0012167798369659977,0.0,0.0,0.0,0.0,0.0,,,,,,,
-0.005663017276674509,imappo,5.312574202775977e-08,-0.8124991655349731,0.00023324441480493505,2555.0,,,,,,,,,,,,,,0.1592197399133044,,,,,0.030439408496022224,2.1636187739204615e-05
,imappo,,,,2555.0,0.0,0.0,0.0010818093637965376,0.0,0.0,0.0,0.0,0.0010818093637965376,0.0,0.0,0.0,0.0,0.0,,,,,,,
0.0022514192387461662,imappo,1.7559501941377675e-07,-0.8186461925506592,0.00023294431477159053,2556.0,,,,,,,,,,,,,,0.15908636212070687,,,,,0.02330181375145912,4.385417923913337e-06
,imappo,,,,2556.0,0.0,0.0,0.00021927089647988396,0.0,0.0,0.0,0.0,0.00021927089647988396,0.0,0.0,0.0,0.0,0.0,,,,,,,
-0.001342693343758583,imappo,5.899067190284768e-08,-1.1705659627914429,0.00023264421473824612,2557.0,,,,,,,,,,,,,,0.15895298432810934,,,,,0.02863115817308426,1.8615746739669703e-05
,imappo,,,,2557.0,0.0,0.0,0.0009307873340560491,0.0,0.0,0.0,0.0,0.0009307873340560491,0.0,0.0,0.0,0.0,0.0,,,,,,,
-0.001505387481302023,imappo,4.6479708970537104e-08,-0.692781388759613,0.00023234411470490172,2558.0,,,,,,,,,,,,,,0.15881960653551186,,,,,0.026190608739852905,3.400343484827317e-05
,imappo,,,,2558.0,0.0,0.0,0.0017001716612412565,0.0,0.0,0.0,0.0,0.0017001716612412565,0.0,0.0,0.0,0.0,0.0,,,,,,,
0.0009611265268176794,imappo,2.0106680764797602e-08,-1.0103505849838257,0.0002320440146715572,2559.0,,,,,,,,,,,,,,0.15868622874291427,,,,,0.02967316098511219,2.6738556698546745e-05
,imappo,,,,2559.0,0.0,0.0,0.00133692785675521,0.0,0.0,0.0,0.0,0.00133692785675521,0.0,0.0,0.0,0.0,0.0,,,,,,,
-0.00807515811175108,imappo,5.233621322986437e-07,-1.7723982334136963,0.0002317439146382128,2560.0,,,,,,,,,,,,,,0.15855285095031674,,,,,0.028045739978551865,2.7008754841517657e-05
,imappo,,,,2560.0,0.0,0.0,0.001350437770724966,0.0,0.0,0.0,0.0,0.001350437770724966,0.0,0.0,0.0,0.0,0.0,,,,,,,
-0.010184788145124912,imappo,2.129810354745132e-07,-1.0256247520446777,0.00023144381460486827,2561.0,,,,,,,,,,,,,,0.1584194731577192,,,,,0.030978523194789886,2.25307321670698e-05
,imappo,,,,2561.0,0.0,0.0,0.0011265366620278883,0.0,0.0,0.0,0.0,0.0011265366620278883,0.0,0.0,0.0,0.0,0.0,,,,,,,
-0.002892541466280818,imappo,2.0060440419911174e-08,-0.8305577039718628,0.00023114371457152397,2562.0,,,,,,,,,,,,,,0.15828609536512173,,,,,0.01998211070895195,1.654527113714721e-05
,imappo,,,,2562.0,0.0,0.0,0.0008272634618151642,0.0,0.0,0.0,0.0,0.0008272634618151642,0.0,0.0,0.0,0.0,0.0,,,,,,,
0.004154685884714127,imappo,3.659922498400192e-08,-1.057307481765747,0.00023084361453817946,2563.0,,,,,,,,,,,,,,0.15815271757252414,,,,,0.02861238643527031,2.3526745280832984e-05
,imappo,,,,2563.0,0.0,0.0,0.0011763372963855545,0.0,0.0,0.0,0.0,0.0011763372963855545,0.0,0.0,0.0,0.0,0.0,,,,,,,
-0.0033665073569864035,imappo,4.275517895280245e-08,-0.8338953852653503,0.00023054351450483494,2564.0,,,,,,,,,,,,,,0.1580193397799266,,,,,0.03028988093137741,3.390978235984221e-05
,imappo,,,,2564.0,0.0,0.0,0.0016954890456872818,0.0,0.0,0.0,0.0,0.0016954890456872818,0.0,0.0,0.0,0.0,0.0,,,,,,,
-0.0011854828335344791,imappo,1.3638084439548948e-08,-0.706682562828064,0.00023024341447149053,2565.0,,,,,,,,,,,,,,0.15788596198732907,,,,,0.021985141560435295,3.305931750219315e-05
,imappo,,,,2565.0,0.0,0.0,0.0016529658275885595,0.0,0.0,0.0,0.0,0.0016529658275885595,0.0,0.0,0.0,0.0,0.0,,,,,,,
-0.00799608789384365,imappo,4.07366620436278e-08,-1.0549854040145874,0.00022994331443814612,2566.0,,,,,,,,,,,,,,0.1577525841947316,,,,,0.029486384242773056,2.2639718736172654e-05
,imappo,,,,2566.0,0.0,0.0,0.0011319859497120888,0.0,0.0,0.0,0.0,0.0011319859497120888,0.0,0.0,0.0,0.0,0.0,,,,,,,
-0.0028220268432050943,imappo,2.8236243565515906e-08,-0.8564892411231995,0.0002296432144048016,2567.0,,,,,,,,,,,,,,0.157619206402134,,,,,0.018667925149202347,4.1907325794454664e-05
,imappo,,,,2567.0,0.0,0.0,0.0020953662530303063,0.0,0.0,0.0,0.0,0.0020953662530303063,0.0,0.0,0.0,0.0,0.0,,,,,,,
0.000371066911611706,imappo,2.751132832656822e-08,-1.1135517358779907,0.0002293431143714572,2568.0,,,,,,,,,,,,,,0.15748582860953647,,,,,0.0277610644698143,2.37187141465256e-05
,imappo,,,,2568.0,0.0,0.0,0.0011859357628054568,0.0,0.0,0.0,0.0,0.0011859357628054568,0.0,0.0,0.0,0.0,0.0,,,,,,,
-0.006403809878975153,imappo,5.881228304360775e-08,-1.0411075353622437,0.00022904301433811268,2569.0,,,,,,,,,,,,,,0.15735245081693894,,,,,0.03002302534878254,3.077862857026048e-05
,imappo,,,,2569.0,0.0,0.0,0.0015389314006597488,0.0,0.0,0.0,0.0,0.0015389314006597488,0.0,0.0,0.0,0.0,0.0,,,,,,,
-0.009697233326733112,imappo,3.990539454434838e-08,-0.718801736831665,0.00022874291430476828,2570.0,,,,,,,,,,,,,,0.15721907302434146,,,,,0.03170555830001831,2.0271829271223396e-05
,imappo,,,,2570.0,0.0,0.0,0.0010135913760223048,0.0,0.0,0.0,0.0,0.0010135913760223048,0.0,0.0,0.0,0.0,0.0,,,,,,,
-0.003508544061332941,imappo,3.160829820103572e-08,-1.2072521448135376,0.00022844281427142387,2571.0,,,,,,,,,,,,,,0.15708569523174387,,,,,0.032671790570020676,2.7401176339481026e-05
,imappo,,,,2571.0,0.0,0.0,0.0013700587510356854,0.0,0.0,0.0,0.0,0.0013700587510356854,0.0,0.0,0.0,0.0,0.0,,,,,,,
-0.008234548382461071,imappo,1.4843205065062648e-07,-1.1694984436035156,0.00022814271423807935,2572.0,,,,,,,,,,,,,,0.15695231743914634,,,,,0.023132532835006714,3.632055449998006e-05
,imappo,,,,2572.0,0.0,0.0,0.0018160278211780678,0.0,0.0,0.0,0.0,0.0018160278211780678,0.0,0.0,0.0,0.0,0.0,,,,,,,
-0.0027996322605758905,imappo,1.850910358314195e-08,-0.8911061882972717,0.00022784261420473505,2573.0,,,,,,,,,,,,,,0.15681893964654886,,,,,0.02772791124880314,2.7063819288741797e-05
,imappo,,,,2573.0,0.0,0.0,0.0013531910656183754,0.0,0.0,0.0,0.0,0.0013531910656183754,0.0,0.0,0.0,0.0,0.0,,,,,,,
-0.013127095997333527,imappo,2.4734303494255983e-08,-0.7389979958534241,0.00022754251417139053,2574.0,,,,,,,,,,,,,,0.15668556185395133,,,,,0.029890574514865875,2.5557967092026956e-05
,imappo,,,,2574.0,0.0,0.0,0.0012778983591488213,0.0,0.0,0.0,0.0,0.0012778983591488213,0.0,0.0,0.0,0.0,0.0,,,,,,,
0.00040709381573833525,imappo,3.331914300019889e-08,-1.0535972118377686,0.00022724241413804602,2575.0,,,,,,,,,,,,,,0.15655218406135374,,,,,0.03179772198200226,2.6645535399438813e-05
,imappo,,,,2575.0,0.0,0.0,0.0013322767163685967,0.0,0.0,0.0,0.0,0.0013322767163685967,0.0,0.0,0.0,0.0,0.0,,,,,,,
-0.0038316717837005854,imappo,1.3135844412204278e-08,-0.7383129000663757,0.0002269423141047016,2576.0,,,,,,,,,,,,,,0.1564188062687562,,,,,0.029567796736955643,2.4546779968659393e-05
,imappo,,,,2576.0,0.0,0.0,0.0012273390601649226,0.0,0.0,0.0,0.0,0.0012273390601649226,0.0,0.0,0.0,0.0,0.0,,,,,,,
-0.001624103868380189,imappo,2.760586248484742e-08,-0.6493836641311646,0.0002266422140713572,2577.0,,,,,,,,,,,,,,0.15628542847615873,,,,,0.027337266132235527,2.4385946744587272e-05
,imappo,,,,2577.0,0.0,0.0,0.0012192973927938056,0.0,0.0,0.0,0.0,0.0012192973927938056,0.0,0.0,0.0,0.0,0.0,,,,,,,
-0.0036590525414794683,imappo,8.684068575348647e-08,-1.0179423093795776,0.00022634211403801268,2578.0,,,,,,,,,,,,,,0.1561520506835612,,,,,0.030603548511862755,2.015733662119601e-05
,imappo,,,,2578.0,0.0,0.0,0.0010078667596644664,0.0,0.0,0.0,0.0,0.0010078667596644664,0.0,0.0,0.0,0.0,0.0,,,,,,,
-0.00332137243822217,imappo,7.144245017798312e-08,-0.6205892562866211,0.00022604201400466828,2579.0,,,,,,,,,,,,,,0.1560186728909636,,,,,0.015990447252988815,3.5828885302180424e-05
,imappo,,,,2579.0,0.0,0.0,0.0017914442796609364,0.0,0.0,0.0,0.0,0.0017914442796609364,0.0,0.0,0.0,0.0,0.0,,,,,,,
-0.013498476706445217,imappo,3.659526370825006e-08,-0.8258442878723145,0.00022574191397132376,2580.0,,,,,,,,,,,,,,0.15588529509836607,,,,,0.028730683028697968,2.9266593628562987e-05
,imappo,,,,2580.0,0.0,0.0,0.0014633297332409256,0.0,0.0,0.0,0.0,0.0014633297332409256,0.0,0.0,0.0,0.0,0.0,,,,,,,
-0.005469811614602804,imappo,1.296991758437116e-08,-0.750434160232544,0.00022544181393797935,2581.0,,,,,,,,,,,,,,0.1557519173057686,,,,,0.029022108763456345,2.0977142412448302e-05
,imappo,,,,2581.0,0.0,0.0,0.0010488571163023153,0.0,0.0,0.0,0.0,0.0010488571163023153,0.0,0.0,0.0,0.0,0.0,,,,,,,
-0.00044575639185495675,imappo,2.853591318796589e-08,-0.9363056421279907,0.00022514171390463494,2582.0,,,,,,,,,,,,,,0.15561853951317106,,,,,0.02932281419634819,3.7444260669872165e-05
,imappo,,,,2582.0,0.0,0.0,0.001872213099744613,0.0,0.0,0.0,0.0,0.001872213099744613,0.0,0.0,0.0,0.0,0.0,,,,,,,
-0.0052614593878388405,imappo,3.48688153906096e-08,-0.5489829778671265,0.00022484161387129043,2583.0,,,,,,,,,,,,,,0.15548516172057347,,,,,0.020560327917337418,3.411895886529237e-05
,imappo,,,,2583.0,0.0,0.0,0.001705947868003932,0.0,0.0,0.0,0.0,0.001705947868003932,0.0,0.0,0.0,0.0,0.0,,,,,,,
0.0029311946127563715,imappo,2.6886652904067887e-07,-1.2441214323043823,0.00022454151383794602,2584.0,,,,,,,,,,,,,,0.15535178392797594,,,,,0.02667190320789814,4.073944000992924e-05
,imappo,,,,2584.0,0.0,0.0,0.0020369719703126066,0.0,0.0,0.0,0.0,0.0020369719703126066,0.0,0.0,0.0,0.0,0.0,,,,,,,
-0.009348234161734581,imappo,8.841377052704047e-08,-1.081751823425293,0.0002242414138046016,2585.0,,,,,,,,,,,,,,0.15521840613537846,,,,,0.03357666730880737,2.2876627554069273e-05
,imappo,,,,2585.0,0.0,0.0,0.0011438314070915112,0.0,0.0,0.0,0.0,0.0011438314070915112,0.0,0.0,0.0,0.0,0.0,,,,,,,
-0.003991474397480488,imappo,7.00702358358285e-08,-0.9925666451454163,0.0002239413137712571,2586.0,,,,,,,,,,,,,,0.15508502834278093,,,,,0.030938290059566498,2.808313729474321e-05
,imappo,,,,2586.0,0.0,0.0,0.001404156972768078,0.0,0.0,0.0,0.0,0.001404156972768078,0.0,0.0,0.0,0.0,0.0,,,,,,,
-0.005703848320990801,imappo,1.474725053185466e-07,-0.3627941310405731,0.00022364121373791269,2587.0,,,,,,,,,,,,,,0.15495165055018334,,,,,0.024130500853061676,3.545617073541507e-05
,imappo,,,,2587.0,0.0,0.0,0.001772808555415395,0.0,0.0,0.0,0.0,0.001772808555415395,0.0,0.0,0.0,0.0,0.0,,,,,,,
0.014550257474184036,imappo,9.55050651896272e-08,-0.6384164690971375,0.00022334111370456828,2588.0,,,,,,,,,,,,,,0.15481827275758586,,,,,0.01524902693927288,4.433484355104156e-05
,imappo,,,,2588.0,0.0,0.0,0.002216742162772789,0.0,0.0,0.0,0.0,0.002216742162772789,0.0,0.0,0.0,0.0,0.0,,,,,,,
-0.004673180636018515,imappo,9.959775582046859e-08,-0.6696751117706299,0.00022304101367122376,2589.0,,,,,,,,,,,,,,0.15468489496498833,,,,,0.031387943774461746,3.166106398566626e-05
,imappo,,,,2589.0,0.0,0.0,0.001583053369969889,0.0,0.0,0.0,0.0,0.001583053369969889,0.0,0.0,0.0,0.0,0.0,,,,,,,
-0.0028922278434038162,imappo,9.241424692163491e-08,-0.7246334552764893,0.00022274091363787935,2590.0,,,,,,,,,,,,,,0.1545515171723908,,,,,0.02912689559161663,2.5909786927513778e-05
,imappo,,,,2590.0,0.0,0.0,0.00129548941140456,0.0,0.0,0.0,0.0,0.00129548941140456,0.0,0.0,0.0,0.0,0.0,,,,,,,
-0.0018984513590112329,imappo,8.275999618945207e-08,-0.9340755939483643,0.00022244081360453484,2591.0,,,,,,,,,,,,,,0.1544181393797932,,,,,0.02902895212173462,2.0616113033611327e-05
,imappo,,,,2591.0,0.0,0.0,0.00103080570943348,0.0,0.0,0.0,0.0,0.00103080570943348,0.0,0.0,0.0,0.0,0.0,,,,,,,
-0.005074509419500828,imappo,5.3910053310346484e-08,-0.7436578869819641,0.00022214071357119043,2592.0,,,,,,,,,,,,,,0.15428476158719573,,,,,0.02878677099943161,2.515123378543649e-05
,imappo,,,,2592.0,0.0,0.0,0.0012575619092558554,0.0,0.0,0.0,0.0,0.0012575619092558554,0.0,0.0,0.0,0.0,0.0,,,,,,,
-0.002503766445443034,imappo,3.242570301154046e-08,-0.6964561343193054,0.00022184061353784602,2593.0,,,,,,,,,,,,,,0.1541513837945982,,,,,0.027946218848228455,3.0601568141719326e-05
,imappo,,,,2593.0,0.0,0.0,0.0015300783972520549,0.0,0.0,0.0,0.0,0.0015300783972520549,0.0,0.0,0.0,0.0,0.0,,,,,,,
0.0007882885402068496,imappo,5.935387292765881e-08,-1.065783977508545,0.0002215405135045015,2594.0,,,,,,,,,,,,,,0.15401800600200066,,,,,0.03222248703241348,2.0168805349385366e-05
,imappo,,,,2594.0,0.0,0.0,0.0010084402374559431,0.0,0.0,0.0,0.0,0.0010084402374559431,0.0,0.0,0.0,0.0,0.0,,,,,,,
-0.006065580528229475,imappo,5.272008252177329e-08,-1.0250324010849,0.0002212404134711571,2595.0,,,,,,,,,,,,,,0.15388462820940307,,,,,0.03167683631181717,1.5852863725740463e-05
,imappo,,,,2595.0,0.0,0.0,0.0007926430916995741,0.0,0.0,0.0,0.0,0.0007926430916995741,0.0,0.0,0.0,0.0,0.0,,,,,,,
0.005253266543149948,imappo,2.533139138449769e-07,-1.3963879346847534,0.0002209403134378127,2596.0,,,,,,,,,,,,,,0.1537512504168056,,,,,0.026367032900452614,3.018270763277542e-05
,imappo,,,,2596.0,0.0,0.0,0.0015091354325136308,0.0,0.0,0.0,0.0,0.0015091354325136308,0.0,0.0,0.0,0.0,0.0,,,,,,,
-0.0004082561354152858,imappo,4.97453669368042e-08,-0.8322703838348389,0.00022064021340446817,2597.0,,,,,,,,,,,,,,0.15361787262420806,,,,,0.027923841029405594,2.3304390197154135e-05
,imappo,,,,2597.0,0.0,0.0,0.0011652195072073823,0.0,0.0,0.0,0.0,0.0011652195072073823,0.0,0.0,0.0,0.0,0.0,,,,,,,
-0.009522274136543274,imappo,1.8254122835514863e-07,-0.483132004737854,0.00022034011337112376,2598.0,,,,,,,,,,,,,,0.15348449483161053,,,,,0.0262608602643013,2.400647645117715e-05
,imappo,,,,2598.0,0.0,0.0,0.001200323785838009,0.0,0.0,0.0,0.0,0.001200323785838009,0.0,0.0,0.0,0.0,0.0,,,,,,,
-0.002891773823648691,imappo,4.472332904015275e-08,-0.8817657232284546,0.00022004001333777925,2599.0,,,,,,,,,,,,,,0.15335111703901294,,,,,0.0276105385273695,2.3272739781532437e-05
,imappo,,,,2599.0,0.0,0.0,0.001163636966566628,0.0,0.0,0.0,0.0,0.001163636966566628,0.0,0.0,0.0,0.0,0.0,,,,,,,
,imappo,,,,2599.0,,,,,,,,,,,,,,,0.0,0.0,0.0,0.0,,
0.00034983488149009645,imappo,1.1991318160653464e-07,-0.7016867995262146,0.00021973991330443484,2600.0,,,,,,,,,,,,,,0.15321773924641546,,,,,0.015613370575010777,3.533011840772815e-05
,imappo,,,,2600.0,0.0,0.0,0.001766506235298948,0.0,0.0,0.0,0.0,0.001766506235298948,0.0,0.0,0.0,0.0,0.0,,,,,,,
-0.011952025815844536,imappo,1.0682264672823294e-07,-0.8856492042541504,0.00021943981327109043,2601.0,,,,,,,,,,,,,,0.15308436145381793,,,,,0.029552292078733444,2.460855830577202e-05
,imappo,,,,2601.0,0.0,0.0,0.0012304278825112647,0.0,0.0,0.0,0.0,0.0012304278825112647,0.0,0.0,0.0,0.0,0.0,,,,,,,
-0.011878646910190582,imappo,4.305184120312333e-08,-1.2544975280761719,0.0002191397132377459,2602.0,,,,,,,,,,,,,,0.1529509836612204,,,,,0.029779102653265,2.416054303466808e-05
,imappo,,,,2602.0,0.0,0.0,0.0012080269924581444,0.0,0.0,0.0,0.0,0.0012080269924581444,0.0,0.0,0.0,0.0,0.0,,,,,,,
0.007807087618857622,imappo,1.2461972573873936e-06,-1.5951969623565674,0.0002188396132044015,2603.0,,,,,,,,,,,,,,0.1528176058686228,,,,,0.027949877083301544,2.457866503391415e-05
,imappo,,,,2603.0,0.0,0.0,0.0012289331853594376,0.0,0.0,0.0,0.0,0.0012289331853594376,0.0,0.0,0.0,0.0,0.0,,,,,,,
-0.0056164199486374855,imappo,2.144411013205172e-07,-1.2609573602676392,0.0002185395131710571,2604.0,,,,,,,,,,,,,,0.15268422807602533,,,,,0.03344687446951866,2.117242183885537e-05
,imappo,,,,2604.0,0.0,0.0,0.0010586211702587889,0.0,0.0,0.0,0.0,0.0010586211702587889,0.0,0.0,0.0,0.0,0.0,,,,,,,
0.004119172692298889,imappo,1.6199180663534207e-07,-0.8728895783424377,0.00021823941313771258,2605.0,,,,,,,,,,,,,,0.1525508502834278,,,,,0.02781686559319496,3.0971012165537104e-05
,imappo,,,,2605.0,0.0,0.0,0.001548550700817941,0.0,0.0,0.0,0.0,0.001548550700817941,0.0,0.0,0.0,0.0,0.0,,,,,,,
0.005020227748900652,imappo,4.0475860885180737e-08,-1.3165111541748047,0.00021793931310436817,2606.0,,,,,,,,,,,,,,0.15241747249083026,,,,,0.03217142075300217,2.12122449738672e-05
,imappo,,,,2606.0,0.0,0.0,0.0010606122082208458,0.0,0.0,0.0,0.0,0.0010606122082208458,0.0,0.0,0.0,0.0,0.0,,,,,,,
-6.461709563154727e-05,imappo,1.2024891304918128e-08,-0.9126881957054138,0.00021763921307102376,2607.0,,,,,,,,,,,,,,0.15228409469823273,,,,,0.02827807143330574,2.3014068574411795e-05
,imappo,,,,2607.0,0.0,0.0,0.0011507035821978207,0.0,0.0,0.0,0.0,0.0011507035821978207,0.0,0.0,0.0,0.0,0.0,,,,,,,
0.0029197356197983027,imappo,2.225185014026465e-08,-1.0400065183639526,0.00021733911303767925,2608.0,,,,,,,,,,,,,,0.1521507169056352,,,,,0.026923486962914467,2.3408574634231627e-05
,imappo,,,,2608.0,0.0,0.0,0.0011704287742304587,0.0,0.0,0.0,0.0,0.0011704287742304587,0.0,0.0,0.0,0.0,0.0,,,,,,,
-0.000613821146544069,imappo,1.4673580572832634e-08,-1.137606143951416,0.00021703901300433484,2609.0,,,,,,,,,,,,,,0.15201733911303766,,,,,0.03132797032594681,2.304828194610309e-05
,imappo,,,,2609.0,0.0,0.0,0.0011524141744985172,0.0,0.0,0.0,0.0,0.0011524141744985172,0.0,0.0,0.0,0.0,0.0,,,,,,,
-0.009985634125769138,imappo,5.386690560271745e-08,-1.280503749847412,0.00021673891297099032,2610.0,,,,,,,,,,,,,,0.15188396132044013,,,,,0.03100169636309147,1.9036862795474008e-05
,imappo,,,,2610.0,0.0,0.0,0.0009518430547359458,0.0,0.0,0.0,0.0,0.0009518430547359458,0.0,0.0,0.0,0.0,0.0,,,,,,,
-0.008409617468714714,imappo,8.236744974965404e-08,-0.805203378200531,0.00021643881293764591,2611.0,,,,,,,,,,,,,,0.1517505835278426,,,,,0.014208529144525528,3.458517312537879e-05
,imappo,,,,2611.0,0.0,0.0,0.0017292584290657942,0.0,0.0,0.0,0.0,0.0017292584290657942,0.0,0.0,0.0,0.0,0.0,,,,,,,
-0.004610846750438213,imappo,8.816770957764675e-08,-0.9003370404243469,0.0002161387129043015,2612.0,,,,,,,,,,,,,,0.15161720573524506,,,,,0.029140982776880264,2.304309055034537e-05
,imappo,,,,2612.0,0.0,0.0,0.0011521544496417846,0.0,0.0,0.0,0.0,0.0011521544496417846,0.0,0.0,0.0,0.0,0.0,,,,,,,
-0.0061528063379228115,imappo,6.083628534270247e-08,-0.8529667258262634,0.000215838612870957,2613.0,,,,,,,,,,,,,,0.15148382794264753,,,,,0.01078428141772747,3.8284713809844106e-05
,imappo,,,,2613.0,0.0,0.0,0.0019142357265877763,0.0,0.0,0.0,0.0,0.0019142357265877763,0.0,0.0,0.0,0.0,0.0,,,,,,,
-0.002391730435192585,imappo,4.133120512506139e-08,-0.7217024564743042,0.00021553851283761258,2614.0,,,,,,,,,,,,,,0.15135045015005,,,,,0.02414419874548912,2.208676414738875e-05
,imappo,,,,2614.0,0.0,0.0,0.0011043382993420892,0.0,0.0,0.0,0.0,0.0011043382993420892,0.0,0.0,0.0,0.0,0.0,,,,,,,
-0.002988311229273677,imappo,5.8360434707083186e-08,-0.8694273829460144,0.00021523841280426817,2615.0,,,,,,,,,,,,,,0.15121707235745246,,,,,0.028970662504434586,3.513142291922122e-05
,imappo,,,,2615.0,0.0,0.0,0.0017565710615485841,0.0,0.0,0.0,0.0,0.0017565710615485841,0.0,0.0,0.0,0.0,0.0,,,,,,,
0.001120501197874546,imappo,9.983757820464234e-08,-1.4667384624481201,0.00021493831277092366,2616.0,,,,,,,,,,,,,,0.15108369456485493,,,,,0.0287209190428257,2.747745566011872e-05
,imappo,,,,2616.0,0.0,0.0,0.0013738727392365035,0.0,0.0,0.0,0.0,0.0013738727392365035,0.0,0.0,0.0,0.0,0.0,,,,,,,
-0.004742566496133804,imappo,1.6165002136858675e-07,-0.766261875629425,0.00021463821273757925,2617.0,,,,,,,,,,,,,,0.1509503167722574,,,,,0.03278014808893204,2.4974779080366716e-05
,imappo,,,,2617.0,0.0,0.0,0.0012487388079307493,0.0,0.0,0.0,0.0,0.0012487388079307493,0.0,0.0,0.0,0.0,0.0,,,,,,,
0.004259064327925444,imappo,1.1370805452770583e-07,-1.1385493278503418,0.00021433811270423473,2618.0,,,,,,,,,,,,,,0.15081693897965986,,,,,0.03147962689399719,2.7185211365576833e-05
,imappo,,,,2618.0,0.0,0.0,0.001359260757226366,0.0,0.0,0.0,0.0,0.001359260757226366,0.0,0.0,0.0,0.0,0.0,,,,,,,
0.0004781122552230954,imappo,2.487076322665871e-08,-1.121884822845459,0.00021403801267089032,2619.0,,,,,,,,,,,,,,0.15068356118706233,,,,,0.030783966183662415,2.624900298542343e-05
,imappo,,,,2619.0,0.0,0.0,0.0013124500251251447,0.0,0.0,0.0,0.0,0.0013124500251251447,0.0,0.0,0.0,0.0,0.0,,,,,,,
-0.00877738744020462,imappo,1.3501201578947075e-07,-0.9045814871788025,0.00021373791263754592,2620.0,,,,,,,,,,,,,,0.1505501833944648,,,,,0.029178015887737274,2.508730540284887e-05
,imappo,,,,2620.0,0.0,0.0,0.0012543653689363055,0.0,0.0,0.0,0.0,0.0012543653689363055,0.0,0.0,0.0,0.0,0.0,,,,,,,
-0.004326463211327791,imappo,1.3131196396898304e-07,-0.715294361114502,0.0002134378126042014,2621.0,,,,,,,,,,,,,,0.15041680560186727,,,,,0.031719744205474854,2.1318621293175966e-05
,imappo,,,,2621.0,0.0,0.0,0.0010659310210030526,0.0,0.0,0.0,0.0,0.0010659310210030526,0.0,0.0,0.0,0.0,0.0,,,,,,,
0.009139340370893478,imappo,3.6141400983069616e-07,-1.3643481731414795,0.000213137712570857,2622.0,,,,,,,,,,,,,,0.15028342780926973,,,,,0.030518218874931335,1.4581081813958008e-05
,imappo,,,,2622.0,0.0,0.0,0.0007290540742701523,0.0,0.0,0.0,0.0,0.0007290540742701523,0.0,0.0,0.0,0.0,0.0,,,,,,,
0.017705682665109634,imappo,3.080632495766622e-07,-1.6490662097930908,0.00021283761253751258,2623.0,,,,,,,,,,,,,,0.1501500500166722,,,,,0.025959737598896027,3.412489968468435e-05
,imappo,,,,2623.0,0.0,0.0,0.0017062451242964016,0.0,0.0,0.0,0.0,0.0017062451242964016,0.0,0.0,0.0,0.0,0.0,,,,,,,
-0.008968954905867577,imappo,7.417683036692324e-07,-0.6409791707992554,0.00021253751250416807,2624.0,,,,,,,,,,,,,,0.15001667222407467,,,,,0.029553737491369247,1.7609938367968425e-05
,imappo,,,,2624.0,0.0,0.0,0.0008804968804412283,0.0,0.0,0.0,0.0,0.0008804968804412283,0.0,0.0,0.0,0.0,0.0,,,,,,,
0.0005528207984752953,imappo,2.3631731949080859e-07,-0.8631340265274048,0.00021223741247082366,2625.0,,,,,,,,,,,,,,0.14988329443147713,,,,,0.027462683618068695,2.1666885004378855e-05
,imappo,,,,2625.0,0.0,0.0,0.0010833442291868778,0.0,0.0,0.0,0.0,0.0010833442291868778,0.0,0.0,0.0,0.0,0.0,,,,,,,
0.001686412375420332,imappo,1.0309840803301995e-07,-1.0550514459609985,0.00021193731243747925,2626.0,,,,,,,,,,,,,,0.1497499166388796,,,,,0.028226472437381744,2.2160427761264145e-05
,imappo,,,,2626.0,0.0,0.0,0.001108021449908847,0.0,0.0,0.0,0.0,0.001108021449908847,0.0,0.0,0.0,0.0,0.0,,,,,,,
0.0007699474226683378,imappo,8.236693105345694e-08,-0.8525236248970032,0.00021163721240413473,2627.0,,,,,,,,,,,,,,0.14961653884628207,,,,,0.03163689374923706,1.644498115638271e-05
,imappo,,,,2627.0,0.0,0.0,0.0008222490245657355,0.0,0.0,0.0,0.0,0.0008222490245657355,0.0,0.0,0.0,0.0,0.0,,,,,,,
-0.0008706998778507113,imappo,3.640916546032713e-08,-0.8811779022216797,0.00021133711237079033,2628.0,,,,,,,,,,,,,,0.14948316105368453,,,,,0.029569093137979507,2.3647959096706472e-05
,imappo,,,,2628.0,0.0,0.0,0.001182397902766752,0.0,0.0,0.0,0.0,0.001182397902766752,0.0,0.0,0.0,0.0,0.0,,,,,,,
-0.0020528542809188366,imappo,3.663403091991313e-08,-0.84140944480896,0.0002110370123374458,2629.0,,,,,,,,,,,,,,0.149349783261087,,,,,0.02534334734082222,1.6148982467711903e-05
,imappo,,,,2629.0,0.0,0.0,0.0008074490860963124,0.0,0.0,0.0,0.0,0.0008074490860963124,0.0,0.0,0.0,0.0,0.0,,,,,,,
-0.006345981732010841,imappo,2.950919508748484e-08,-0.6688262224197388,0.0002107369123041014,2630.0,,,,,,,,,,,,,,0.14921640546848947,,,,,0.030988570302724838,1.9266459275968373e-05
,imappo,,,,2630.0,0.0,0.0,0.0009633229665269027,0.0,0.0,0.0,0.0,0.0009633229665269027,0.0,0.0,0.0,0.0,0.0,,,,,,,
-0.005053716246038675,imappo,4.606547321373e-08,-0.7122575640678406,0.000210436812270757,2631.0,,,,,,,,,,,,,,0.14908302767589193,,,,,0.020663633942604065,1.3664409379998688e-05
,imappo,,,,2631.0,0.0,0.0,0.0006832203930571268,0.0,0.0,0.0,0.0,0.0006832203930571268,0.0,0.0,0.0,0.0,0.0,,,,,,,
-0.004820879548788071,imappo,1.4605844000925572e-07,-1.5409736633300781,0.00021013671223741248,2632.0,,,,,,,,,,,,,,0.1489496498832944,,,,,0.02730478160083294,3.056197601836175e-05
,imappo,,,,2632.0,0.0,0.0,0.0015280987263395218,0.0,0.0,0.0,0.0,0.0015280987263395218,0.0,0.0,0.0,0.0,0.0,,,,,,,
-0.0005418098298832774,imappo,4.824479304943452e-08,-1.376562476158142,0.00020983661220406807,2633.0,,,,,,,,,,,,,,0.14881627209069687,,,,,0.032063256949186325,3.072845356655307e-05
,imappo,,,,2633.0,0.0,0.0,0.001536422772574042,0.0,0.0,0.0,0.0,0.001536422772574042,0.0,0.0,0.0,0.0,0.0,,,,,,,
0.01694679632782936,imappo,2.1687301341444254e-06,-1.733659267425537,0.00020953651217072366,2634.0,,,,,,,,,,,,,,0.14868289429809933,,,,,0.02672863006591797,3.221299994038418e-05
,imappo,,,,2634.0,0.0,0.0,0.0016106499119814544,0.0,0.0,0.0,0.0,0.0016106499119814544,0.0,0.0,0.0,0.0,0.0,,,,,,,
0.0006187277031131089,imappo,2.341654123938497e-07,-1.1254985332489014,0.00020923641213737914,2635.0,,,,,,,,,,,,,,0.1485495165055018,,,,,0.02962668053805828,3.327408921904862e-05
,imappo,,,,2635.0,0.0,0.0,0.0016637043762557369,0.0,0.0,0.0,0.0,0.0016637043762557369,0.0,0.0,0.0,0.0,0.0,,,,,,,
-0.00011673607514239848,imappo,8.654385652562269e-08,-1.1747158765792847,0.00020893631210403473,2636.0,,,,,,,,,,,,,,0.14841613871290427,,,,,0.02914516255259514,2.565358954598196e-05
,imappo,,,,2636.0,0.0,0.0,0.0012826795407363534,0.0,0.0,0.0,0.0,0.0012826795407363534,0.0,0.0,0.0,0.0,0.0,,,,,,,
-0.009066630154848099,imappo,3.3507948415945066e-08,-1.0774561166763306,0.00020863621207069033,2637.0,,,,,,,,,,,,,,0.1482827609203068,,,,,0.028789140284061432,2.7836580557050183e-05
,imappo,,,,2637.0,0.0,0.0,0.0013918290355263707,0.0,0.0,0.0,0.0,0.0013918290355263707,0.0,0.0,0.0,0.0,0.0,,,,,,,
-0.006531561724841595,imappo,7.011470160023237e-08,-1.0859287977218628,0.0002083361120373458,2638.0,,,,,,,,,,,,,,0.1481493831277092,,,,,0.029497666284441948,2.5476645532762632e-05
,imappo,,,,2638.0,0.0,0.0,0.0012738322544691982,0.0,0.0,0.0,0.0,0.0012738322544691982,0.0,0.0,0.0,0.0,0.0,,,,,,,
0.01777874305844307,imappo,1.4592170600735699e-06,-1.6465665102005005,0.0002080360120040014,2639.0,,,,,,,,,,,,,,0.14801600533511167,,,,,0.022909089922904968,2.83196204691194e-05
,imappo,,,,2639.0,0.0,0.0,0.0014159810222622582,0.0,0.0,0.0,0.0,0.0014159810222622582,0.0,0.0,0.0,0.0,0.0,,,,,,,
-0.009152769111096859,imappo,1.3024900624714064e-07,-0.9670100808143616,0.00020773591197065689,2640.0,,,,,,,,,,,,,,0.14788262754251413,,,,,0.029509535059332848,2.5778377676033415e-05
,imappo,,,,2640.0,0.0,0.0,0.001288918967702557,0.0,0.0,0.0,0.0,0.001288918967702557,0.0,0.0,0.0,0.0,0.0,,,,,,,
-0.0017969016917049885,imappo,3.76813567015688e-08,-0.8513023853302002,0.00020743581193731248,2641.0,,,,,,,,,,,,,,0.14774924974991666,,,,,0.0284021757543087,1.9183631593477912e-05
,imappo,,,,2641.0,0.0,0.0,0.0009591816434753042,0.0,0.0,0.0,0.0,0.0009591816434753042,0.0,0.0,0.0,0.0,0.0,,,,,,,
-0.0013218321837484837,imappo,3.7170465816416254e-08,-1.2603014707565308,0.00020713571190396807,2642.0,,,,,,,,,,,,,,0.14761587195731907,,,,,0.032646503299474716,2.1378973542596214e-05
,imappo,,,,2642.0,0.0,0.0,0.0010689486960870909,0.0,0.0,0.0,0.0,0.0010689486960870909,0.0,0.0,0.0,0.0,0.0,,,,,,,
-0.00668687466531992,imappo,1.600327692585779e-08,-1.3178703784942627,0.00020683561187062355,2643.0,,,,,,,,,,,,,,0.14748249416472153,,,,,0.027095310389995575,1.7298276361543685e-05
,imappo,,,,2643.0,0.0,0.0,0.0008649138805267853,0.0,0.0,0.0,0.0,0.0008649138805267853,0.0,0.0,0.0,0.0,0.0,,,,,,,
0.0008878668886609375,imappo,5.106533862431206e-08,-0.8095645904541016,0.00020653551183727914,2644.0,,,,,,,,,,,,,,0.147349116372124,,,,,0.029193269088864326,2.0972343918401748e-05
,imappo,,,,2644.0,0.0,0.0,0.0010486171761385776,0.0,0.0,0.0,0.0,0.0010486171761385776,0.0,0.0,0.0,0.0,0.0,,,,,,,
-0.004218396730720997,imappo,6.24846450136829e-08,-0.7356235980987549,0.00020623541180393474,2645.0,,,,,,,,,,,,,,0.14721573857952652,,,,,0.028190214186906815,2.8848517104052007e-05
,imappo,,,,2645.0,0.0,0.0,0.001442425917844048,0.0,0.0,0.0,0.0,0.001442425917844048,0.0,0.0,0.0,0.0,0.0,,,,,,,
-0.00035608038888312876,imappo,9.200336847925428e-08,-0.812969982624054,0.00020593531177059022,2646.0,,,,,,,,,,,,,,0.14708236078692893,,,,,0.027666602283716202,2.1653540898114443e-05
,imappo,,,,2646.0,0.0,0.0,0.0010826770023868448,0.0,0.0,0.0,0.0,0.0010826770023868448,0.0,0.0,0.0,0.0,0.0,,,,,,,
-0.014977589249610901,imappo,1.6652878187528586e-08,-0.5695350766181946,0.0002056352117372458,2647.0,,,,,,,,,,,,,,0.1469489829943314,,,,,0.025548730045557022,1.7489710444351658e-05
,imappo,,,,2647.0,0.0,0.0,0.0008744854836777449,0.0,0.0,0.0,0.0,0.0008744854836777449,0.0,0.0,0.0,0.0,0.0,,,,,,,
-0.005395974963903427,imappo,3.2928500814932704e-08,-1.0942769050598145,0.0002053351117039013,2648.0,,,,,,,,,,,,,,0.14681560520173387,,,,,0.030841171741485596,2.4059154384303838e-05
,imappo,,,,2648.0,0.0,0.0,0.001202957711569752,0.0,0.0,0.0,0.0,0.001202957711569752,0.0,0.0,0.0,0.0,0.0,,,,,,,
-0.004808296915143728,imappo,1.1713642322774831e-07,-0.5502969622612,0.0002050350116705569,2649.0,,,,,,,,,,,,,,0.1466822274091364,,,,,0.028668470680713654,2.3464433979825117e-05
,imappo,,,,2649.0,0.0,0.0,0.00117322183473334,0.0,0.0,0.0,0.0,0.00117322183473334,0.0,0.0,0.0,0.0,0.0,,,,,,,
-0.008669216185808182,imappo,6.056389167952148e-08,-1.010919451713562,0.00020473491163721248,2650.0,,,,,,,,,,,,,,0.1465488496165388,,,,,0.02800903096795082,2.9328613891266286e-05
,imappo,,,,2650.0,0.0,0.0,0.001466430814900832,0.0,0.0,0.0,0.0,0.001466430814900832,0.0,0.0,0.0,0.0,0.0,,,,,,,
0.0002827752905432135,imappo,3.074100263233959e-08,-1.078507423400879,0.00020443481160386796,2651.0,,,,,,,,,,,,,,0.14641547182394127,,,,,0.03212380409240723,2.1523130271816626e-05
,imappo,,,,2651.0,0.0,0.0,0.0010761565213215363,0.0,0.0,0.0,0.0,0.0010761565213215363,0.0,0.0,0.0,0.0,0.0,,,,,,,
-0.0012317515211179852,imappo,9.846542248226342e-09,-0.7420008182525635,0.00020413471157052355,2652.0,,,,,,,,,,,,,,0.1462820940313438,,,,,0.02729683369398117,1.9900891857105307e-05
,imappo,,,,2652.0,0.0,0.0,0.000995044583305571,0.0,0.0,0.0,0.0,0.000995044583305571,0.0,0.0,0.0,0.0,0.0,,,,,,,
-0.01424440462142229,imappo,5.4603706445277567e-08,-0.9702873826026917,0.00020383461153717915,2653.0,,,,,,,,,,,,,,0.14614871623874626,,,,,0.030559297651052475,2.234063867945224e-05
,imappo,,,,2653.0,0.0,0.0,0.00111703191714696,0.0,0.0,0.0,0.0,0.00111703191714696,0.0,0.0,0.0,0.0,0.0,,,,,,,
-0.005088443402200937,imappo,2.5269150327744683e-08,-0.47577062249183655,0.00020353451150383463,2654.0,,,,,,,,,,,,,,0.14601533844614867,,,,,0.024696888402104378,2.865346868929919e-05
,imappo,,,,2654.0,0.0,0.0,0.0014326734950032005,0.0,0.0,0.0,0.0,0.0014326734950032005,0.0,0.0,0.0,0.0,0.0,,,,,,,
-0.012655016034841537,imappo,3.1074328887825686e-08,-0.7985385060310364,0.00020323441147049022,2655.0,,,,,,,,,,,,,,0.14588196065355113,,,,,0.026334255933761597,2.0167757611488923e-05
,imappo,,,,2655.0,0.0,0.0,0.001008387836940683,0.0,0.0,0.0,0.0,0.001008387836940683,0.0,0.0,0.0,0.0,0.0,,,,,,,
-0.005512800067663193,imappo,3.6786104828934185e-08,-0.5220748782157898,0.0002029343114371458,2656.0,,,,,,,,,,,,,,0.14574858286095366,,,,,0.02112620323896408,2.0489038433879614e-05
,imappo,,,,2656.0,0.0,0.0,0.0010244519529294394,0.0,0.0,0.0,0.0,0.0010244519529294394,0.0,0.0,0.0,0.0,0.0,,,,,,,
0.0033062226139009,imappo,1.518566072888916e-08,-1.0903857946395874,0.0002026342114038013,2657.0,,,,,,,,,,,,,,0.14561520506835612,,,,,0.03094828873872757,2.2392461687559262e-05
,imappo,,,,2657.0,0.0,0.0,0.0011196231200756301,0.0,0.0,0.0,0.0,0.0011196231200756301,0.0,0.0,0.0,0.0,0.0,,,,,,,
-0.0050328681245446205,imappo,1.4839204531824635e-08,-0.8189632892608643,0.0002023341113704569,2658.0,,,,,,,,,,,,,,0.14548182727575854,,,,,0.02572670951485634,2.005184069275856e-05
,imappo,,,,2658.0,0.0,0.0,0.0010025919640881398,0.0,0.0,0.0,0.0,0.0010025919640881398,0.0,0.0,0.0,0.0,0.0,,,,,,,
-0.005409812554717064,imappo,8.955543506772301e-08,-0.5710600018501282,0.00020203401133711237,2659.0,,,,,,,,,,,,,,0.145348449483161,,,,,0.019071217626333237,2.936155942734331e-05
,imappo,,,,2659.0,0.0,0.0,0.001468077994687178,0.0,0.0,0.0,0.0,0.001468077994687178,0.0,0.0,0.0,0.0,0.0,,,,,,,
0.014076681807637215,imappo,1.0877828771072018e-07,-1.4756748676300049,0.00020173391130376796,2660.0,,,,,,,,,,,,,,0.14521507169056352,,,,,0.025863736867904663,3.1943323847372085e-05
,imappo,,,,2660.0,0.0,0.0,0.001597166210103751,0.0,0.0,0.0,0.0,0.001597166210103751,0.0,0.0,0.0,0.0,0.0,,,,,,,
0.009669891558587551,imappo,3.49410100852765e-08,-1.4358726739883423,0.00020143381127042356,2661.0,,,,,,,,,,,,,,0.145081693897966,,,,,0.023385116830468178,3.263579128542915e-05
,imappo,,,,2661.0,0.0,0.0,0.0016317895028805651,0.0,0.0,0.0,0.0,0.0016317895028805651,0.0,0.0,0.0,0.0,0.0,,,,,,,
-0.003151178127154708,imappo,1.6353259013612842e-07,-0.7738516926765442,0.00020113371123707904,2662.0,,,,,,,,,,,,,,0.1449483161053684,,,,,0.02715083211660385,2.452767512295395e-05
,imappo,,,,2662.0,0.0,0.0,0.0012263837629689078,0.0,0.0,0.0,0.0,0.0012263837629689078,0.0,0.0,0.0,0.0,0.0,,,,,,,
-0.00869798008352518,imappo,2.5930912528338013e-08,-0.8575773239135742,0.00020083361120373452,2663.0,,,,,,,,,,,,,,0.14481493831277087,,,,,0.029159851372241974,2.279083855682984e-05
,imappo,,,,2663.0,0.0,0.0,0.0011395419574000698,0.0,0.0,0.0,0.0,0.0011395419574000698,0.0,0.0,0.0,0.0,0.0,,,,,,,
-0.0017707250081002712,imappo,6.43023199131676e-08,-0.7240700721740723,0.00020053351117039022,2664.0,,,,,,,,,,,,,,0.1446815605201734,,,,,0.025776779279112816,3.09971728711389e-05
,imappo,,,,2664.0,0.0,0.0,0.0015498587000593034,0.0,0.0,0.0,0.0,0.0015498587000593034,0.0,0.0,0.0,0.0,0.0,,,,,,,
-0.0008181911543942988,imappo,8.440517262897629e-08,-0.8347157835960388,0.0002002334111370457,2665.0,,,,,,,,,,,,,,0.14454818272757586,,,,,0.028392333537340164,2.167527964047622e-05
,imappo,,,,2665.0,0.0,0.0,0.001083764045006319,0.0,0.0,0.0,0.0,0.001083764045006319,0.0,0.0,0.0,0.0,0.0,,,,,,,
0.006333342287689447,imappo,8.09547842095526e-08,-0.7794452905654907,0.0001999333111037013,2666.0,,,,,,,,,,,,,,0.14441480493497827,,,,,0.022768761962652206,4.148985317442566e-05
,imappo,,,,2666.0,0.0,0.0,0.0020744927840041782,0.0,0.0,0.0,0.0,0.0020744927840041782,0.0,0.0,0.0,0.0,0.0,,,,,,,
-0.0014699270250275731,imappo,8.404780516002575e-08,-0.9243938326835632,0.0001996332110703569,2667.0,,,,,,,,,,,,,,0.1442814271423808,,,,,0.024769213050603867,1.945471558428835e-05
,imappo,,,,2667.0,0.0,0.0,0.0009727358174345113,0.0,0.0,0.0,0.0,0.0009727358174345113,0.0,0.0,0.0,0.0,0.0,,,,,,,
0.00554356724023819,imappo,4.5521904468159846e-08,-0.6629398465156555,0.00019933311103701237,2668.0,,,,,,,,,,,,,,0.14414804934978326,,,,,0.021695110946893692,2.9387218091869727e-05
,imappo,,,,2668.0,0.0,0.0,0.0014693610374081345,0.0,0.0,0.0,0.0,0.0014693610374081345,0.0,0.0,0.0,0.0,0.0,,,,,,,
-0.005198951810598373,imappo,3.2366344271395064e-08,-1.3492995500564575,0.00019903301100366796,2669.0,,,,,,,,,,,,,,0.14401467155718572,,,,,0.032326772809028625,2.53812650043983e-05
,imappo,,,,2669.0,0.0,0.0,0.0012690631974692224,0.0,0.0,0.0,0.0,0.0012690631974692224,0.0,0.0,0.0,0.0,0.0,,,,,,,
-0.007227484602481127,imappo,4.95296852420779e-08,-1.5653579235076904,0.00019873291097032345,2670.0,,,,,,,,,,,,,,0.14388129376458814,,,,,0.02246893383562565,3.153344732709229e-05
,imappo,,,,2670.0,0.0,0.0,0.0015766722607288841,0.0,0.0,0.0,0.0,0.0015766722607288841,0.0,0.0,0.0,0.0,0.0,,,,,,,
-0.011935734190046787,imappo,3.974584927846081e-08,-0.8718177080154419,0.00019843281093697904,2671.0,,,,,,,,,,,,,,0.14374791597199066,,,,,0.02530900202691555,2.1455676687764935e-05
,imappo,,,,2671.0,0.0,0.0,0.00107278394068544,0.0,0.0,0.0,0.0,0.00107278394068544,0.0,0.0,0.0,0.0,0.0,,,,,,,
0.005907153245061636,imappo,1.789784320749277e-08,-0.9718585014343262,0.00019813271090363463,2672.0,,,,,,,,,,,,,,0.14361453817939313,,,,,0.027439218014478683,2.188063444918953e-05
,imappo,,,,2672.0,0.0,0.0,0.0010940317624772433,0.0,0.0,0.0,0.0,0.0010940317624772433,0.0,0.0,0.0,0.0,0.0,,,,,,,
5.648333171848208e-05,imappo,2.647468733130154e-08,-1.3884387016296387,0.00019783261087029012,2673.0,,,,,,,,,,,,,,0.1434811603867956,,,,,0.027320239692926407,2.297737228218466e-05
,imappo,,,,2673.0,0.0,0.0,0.0011488685535141485,0.0,0.0,0.0,0.0,0.0011488685535141485,0.0,0.0,0.0,0.0,0.0,,,,,,,
-0.007761490996927023,imappo,3.1162301183940144e-08,-0.7640524506568909,0.0001975325108369456,2674.0,,,,,,,,,,,,,,0.143347782594198,,,,,0.019858475774526596,3.257645948906429e-05
,imappo,,,,2674.0,0.0,0.0,0.0016288230281329419,0.0,0.0,0.0,0.0,0.0016288230281329419,0.0,0.0,0.0,0.0,0.0,,,,,,,
-0.013075397349894047,imappo,3.570208306769018e-08,-0.7213921546936035,0.0001972324108036013,2675.0,,,,,,,,,,,,,,0.14321440480160053,,,,,0.03376779705286026,1.8472719602868892e-05
,imappo,,,,2675.0,0.0,0.0,0.0009236359898068258,0.0,0.0,0.0,0.0,0.0009236359898068258,0.0,0.0,0.0,0.0,0.0,,,,,,,
-0.008588065393269062,imappo,3.905538648041329e-08,-1.3055449724197388,0.00019693231077025678,2676.0,,,,,,,,,,,,,,0.143081027009003,,,,,0.025754254311323166,3.150540578644723e-05
,imappo,,,,2676.0,0.0,0.0,0.0015752704358504843,0.0,0.0,0.0,0.0,0.0015752704358504843,0.0,0.0,0.0,0.0,0.0,,,,,,,
-0.0020561404526233673,imappo,1.3612573290799901e-08,-0.9615142941474915,0.00019663221073691237,2677.0,,,,,,,,,,,,,,0.14294764921640546,,,,,0.01994340494275093,3.1209481676341966e-05
,imappo,,,,2677.0,0.0,0.0,0.0015604742723098752,0.0,0.0,0.0,0.0,0.0015604742723098752,0.0,0.0,0.0,0.0,0.0,,,,,,,
-0.0041337087750434875,imappo,2.1941215777587786e-07,-1.0879548788070679,0.00019633211070356786,2678.0,,,,,,,,,,,,,,0.14281427142380787,,,,,0.03033100813627243,2.4245584427262656e-05
,imappo,,,,2678.0,0.0,0.0,0.0012122791808906186,0.0,0.0,0.0,0.0,0.0012122791808906186,0.0,0.0,0.0,0.0,0.0,,,,,,,
-0.003392178565263748,imappo,1.106692764096806e-07,-0.8596729636192322,0.00019603201067022345,2679.0,,,,,,,,,,,,,,0.1426808936312104,,,,,0.02766452357172966,2.1002171706641093e-05
,imappo,,,,2679.0,0.0,0.0,0.0010501085549208256,0.0,0.0,0.0,0.0,0.0010501085549208256,0.0,0.0,0.0,0.0,0.0,,,,,,,
0.001443306915462017,imappo,4.000380116053748e-08,-0.8611732721328735,0.00019573191063687904,2680.0,,,,,,,,,,,,,,0.14254751583861286,,,,,0.02586499974131584,2.4004464648896828e-05
,imappo,,,,2680.0,0.0,0.0,0.0012002231277605802,0.0,0.0,0.0,0.0,0.0012002231277605802,0.0,0.0,0.0,0.0,0.0,,,,,,,
-0.004207231104373932,imappo,4.400715170049807e-08,-0.8077194690704346,0.00019543181060353452,2681.0,,,,,,,,,,,,,,0.14241413804601533,,,,,0.02424495480954647,2.197145477111917e-05
,imappo,,,,2681.0,0.0,0.0,0.001098572778801099,0.0,0.0,0.0,0.0,0.001098572778801099,0.0,0.0,0.0,0.0,0.0,,,,,,,
-0.0011836658231914043,imappo,1.256755410850019e-07,-1.395373821258545,0.00019513171057019012,2682.0,,,,,,,,,,,,,,0.1422807602534178,,,,,0.029202928766608238,1.8702181478147395e-05
,imappo,,,,2682.0,0.0,0.0,0.0009351092529072957,0.0,0.0,0.0,0.0,0.0009351092529072957,0.0,0.0,0.0,0.0,0.0,,,,,,,
-0.006486398167908192,imappo,6.075627823065588e-08,-1.130920171737671,0.0001948316105368457,2683.0,,,,,,,,,,,,,,0.14214738246082026,,,,,0.02345353364944458,3.4381315344944596e-05
,imappo,,,,2683.0,0.0,0.0,0.0017190656766388202,0.0,0.0,0.0,0.0,0.0017190656766388202,0.0,0.0,0.0,0.0,0.0,,,,,,,
-0.003523331368342042,imappo,6.38904964489484e-08,-0.9013622999191284,0.0001945315105035012,2684.0,,,,,,,,,,,,,,0.14201400466822273,,,,,0.02841239795088768,1.750726551108528e-05
,imappo,,,,2684.0,0.0,0.0,0.0008753631793751993,0.0,0.0,0.0,0.0,0.0008753631793751993,0.0,0.0,0.0,0.0,0.0,,,,,,,
-0.0026727726217359304,imappo,2.6845793144048002e-08,-0.702437698841095,0.00019423141047015668,2685.0,,,,,,,,,,,,,,0.1418806268756252,,,,,0.01869407296180725,2.679631143109873e-05
,imappo,,,,2685.0,0.0,0.0,0.0013398154566175435,0.0,0.0,0.0,0.0,0.0013398154566175435,0.0,0.0,0.0,0.0,0.0,,,,,,,
-0.005781372077763081,imappo,2.8503199800411494e-08,-0.8841355443000793,0.00019393131043681238,2686.0,,,,,,,,,,,,,,0.14174724908302766,,,,,0.029006745666265488,3.074656706303358e-05
,imappo,,,,2686.0,0.0,0.0,0.0015373283877124777,0.0,0.0,0.0,0.0,0.0015373283877124777,0.0,0.0,0.0,0.0,0.0,,,,,,,
0.012757175602018833,imappo,8.815086971480923e-08,-1.6467052698135376,0.00019363121040346786,2687.0,,,,,,,,,,,,,,0.14161387129043013,,,,,0.02526821941137314,4.077903940924443e-05
,imappo,,,,2687.0,0.0,0.0,0.0020389519031596137,0.0,0.0,0.0,0.0,0.0020389519031596137,0.0,0.0,0.0,0.0,0.0,,,,,,,
-0.011869529262185097,imappo,2.6835682120918136e-08,-0.854758083820343,0.00019333111037012345,2688.0,,,,,,,,,,,,,,0.1414804934978326,,,,,0.027827315032482147,2.8452443075366318e-05
,imappo,,,,2688.0,0.0,0.0,0.0014226221646822523,0.0,0.0,0.0,0.0,0.0014226221646822523,0.0,0.0,0.0,0.0,0.0,,,,,,,
-5.6510602007620037e-05,imappo,1.4463660491514929e-08,-0.7064998745918274,0.00019303101033677893,2689.0,,,,,,,,,,,,,,0.14134711570523506,,,,,0.019551236182451248,1.8023392840404995e-05
,imappo,,,,2689.0,0.0,0.0,0.0009011695673279974,0.0,0.0,0.0,0.0,0.0009011695673279974,0.0,0.0,0.0,0.0,0.0,,,,,,,
-0.00535042816773057,imappo,5.17400451371941e-08,-1.6160351037979126,0.00019273091030343453,2690.0,,,,,,,,,,,,,,0.14121373791263753,,,,,0.023753885179758072,4.092214294360019e-05
,imappo,,,,2690.0,0.0,0.0,0.002046107332489555,0.0,0.0,0.0,0.0,0.002046107332489555,0.0,0.0,0.0,0.0,0.0,,,,,,,
-0.009311686269938946,imappo,5.0407926721618423e-08,-0.9001936912536621,0.00019243081027009012,2691.0,,,,,,,,,,,,,,0.14108036012004,,,,,0.026422183960676193,2.394013608864043e-05
,imappo,,,,2691.0,0.0,0.0,0.0011970068042046478,0.0,0.0,0.0,0.0,0.0011970068042046478,0.0,0.0,0.0,0.0,0.0,,,,,,,
-0.005154639482498169,imappo,1.4383093116521195e-07,-1.5885096788406372,0.0001921307102367456,2692.0,,,,,,,,,,,,,,0.14094698232744246,,,,,0.02326076105237007,3.278590884292498e-05
,imappo,,,,2692.0,0.0,0.0,0.0016392955415653887,0.0,0.0,0.0,0.0,0.0016392955415653887,0.0,0.0,0.0,0.0,0.0,,,,,,,
0.0056383139453828335,imappo,2.8366116566758137e-08,-1.1982702016830444,0.00019183061020340108,2693.0,,,,,,,,,,,,,,0.14081360453484493,,,,,0.025451969355344772,3.317966184113175e-05
,imappo,,,,2693.0,0.0,0.0,0.001658983118886681,0.0,0.0,0.0,0.0,0.001658983118886681,0.0,0.0,0.0,0.0,0.0,,,,,,,
-0.00018021350842900574,imappo,6.60917223171964e-08,-1.4840216636657715,0.00019153051017005678,2694.0,,,,,,,,,,,,,,0.1406802267422474,,,,,0.03345637395977974,2.1302241293597035e-05
,imappo,,,,2694.0,0.0,0.0,0.001065112086166664,0.0,0.0,0.0,0.0,0.001065112086166664,0.0,0.0,0.0,0.0,0.0,,,,,,,
0.0015655122697353363,imappo,3.8181806161219356e-08,-0.7982023358345032,0.00019123041013671227,2695.0,,,,,,,,,,,,,,0.14054684894964986,,,,,0.018459169194102287,1.8150045434595086e-05
,imappo,,,,2695.0,0.0,0.0,0.0009075023319837783,0.0,0.0,0.0,0.0,0.0009075023319837783,0.0,0.0,0.0,0.0,0.0,,,,,,,
-0.0024739601649343967,imappo,6.249087647347551e-08,-1.4985711574554443,0.00019093031010336775,2696.0,,,,,,,,,,,,,,0.14041347115705233,,,,,0.026330504566431046,2.0709287127829157e-05
,imappo,,,,2696.0,0.0,0.0,0.001035464284086629,0.0,0.0,0.0,0.0,0.001035464284086629,0.0,0.0,0.0,0.0,0.0,,,,,,,
0.002417674520984292,imappo,3.6681580439790196e-08,-0.9498659372329712,0.00019063021007002345,2697.0,,,,,,,,,,,,,,0.1402800933644548,,,,,0.024351919069886208,2.1414205548353493e-05
,imappo,,,,2697.0,0.0,0.0,0.0010707102627520726,0.0,0.0,0.0,0.0,0.0010707102627520726,0.0,0.0,0.0,0.0,0.0,,,,,,,
-0.0019072119612246752,imappo,8.287841524179385e-08,-0.7885360717773438,0.00019033011003667894,2698.0,,,,,,,,,,,,,,0.14014671557185726,,,,,0.01872638240456581,2.730377673287876e-05
,imappo,,,,2698.0,0.0,0.0,0.00136518887791226,0.0,0.0,0.0,0.0,0.00136518887791226,0.0,0.0,0.0,0.0,0.0,,,,,,,
-0.0036299899220466614,imappo,9.490010910440105e-08,-0.8714022636413574,0.00019003001000333453,2699.0,,,,,,,,,,,,,,0.14001333777925973,,,,,0.02497733011841774,2.310393756488338e-05
,imappo,,,,2699.0,0.0,0.0,0.001155196862100638,0.0,0.0,0.0,0.0,0.001155196862100638,0.0,0.0,0.0,0.0,0.0,,,,,,,
,imappo,,,,2699.0,,,,,,,,,,,,,,,0.0,0.0,0.0,0.0,,
-0.006603790447115898,imappo,9.819070356797965e-08,-1.0349723100662231,0.00018972990996999,2700.0,,,,,,,,,,,,,,0.1398799599866622,,,,,0.03090931661427021,2.346364635741338e-05
,imappo,,,,2700.0,0.0,0.0,0.0011731822350924404,0.0,0.0,0.0,0.0,0.0011731822350924404,0.0,0.0,0.0,0.0,0.0,,,,,,,
-0.0025518841575831175,imappo,1.839880781062675e-08,-0.9754416942596436,0.0001894298099366456,2701.0,,,,,,,,,,,,,,0.13974658219406466,,,,,0.030636556446552277,2.4116741769830696e-05
,imappo,,,,2701.0,0.0,0.0,0.0012058371180501126,0.0,0.0,0.0,0.0,0.0012058371180501126,0.0,0.0,0.0,0.0,0.0,,,,,,,
0.002679816447198391,imappo,1.3605531989924202e-07,-1.466627597808838,0.0001891297099033012,2702.0,,,,,,,,,,,,,,0.13961320440146713,,,,,0.03038369119167328,2.9509914384107105e-05
,imappo,,,,2702.0,0.0,0.0,0.0014754957777540767,0.0,0.0,0.0,0.0,0.0014754957777540767,0.0,0.0,0.0,0.0,0.0,,,,,,,
0.0038565427530556917,imappo,2.418604694298665e-08,-0.8139801621437073,0.00018882960986995668,2703.0,,,,,,,,,,,,,,0.1394798266088696,,,,,0.02863185480237007,2.5756991817615926e-05
,imappo,,,,2703.0,0.0,0.0,0.0012878494469532598,0.0,0.0,0.0,0.0,0.0012878494469532598,0.0,0.0,0.0,0.0,0.0,,,,,,,
-0.003314889967441559,imappo,1.0292949603751822e-08,-0.9396063089370728,0.00018852950983661216,2704.0,,,,,,,,,,,,,,0.13934644881627206,,,,,0.028768043965101242,2.23247152462136e-05
,imappo,,,,2704.0,0.0,0.0,0.0011162357941429946,0.0,0.0,0.0,0.0,0.0011162357941429946,0.0,0.0,0.0,0.0,0.0,,,,,,,
-0.008282172493636608,imappo,2.369982965433337e-08,-1.004043459892273,0.00018822940980326786,2705.0,,,,,,,,,,,,,,0.13921307102367453,,,,,0.027262894436717033,2.0940820832038298e-05
,imappo,,,,2705.0,0.0,0.0,0.0010470410571770117,0.0,0.0,0.0,0.0,0.0010470410571770117,0.0,0.0,0.0,0.0,0.0,,,,,,,
0.0018044738098978996,imappo,4.1828386088127445e-08,-1.5183266401290894,0.00018792930976992334,2706.0,,,,,,,,,,,,,,0.139079693231077,,,,,0.0235920250415802,3.457305137999356e-05
,imappo,,,,2706.0,0.0,0.0,0.0017286525196595903,0.0,0.0,0.0,0.0,0.0017286525196595903,0.0,0.0,0.0,0.0,0.0,,,,,,,
-0.008402652107179165,imappo,1.2796758319666424e-08,-1.1462870836257935,0.00018762920973657883,2707.0,,,,,,,,,,,,,,0.13894631543847946,,,,,0.032776955515146255,2.4108281650114805e-05
,imappo,,,,2707.0,0.0,0.0,0.0012054140647705935,0.0,0.0,0.0,0.0,0.0012054140647705935,0.0,0.0,0.0,0.0,0.0,,,,,,,
-0.004127269610762596,imappo,4.287337063146879e-08,-0.48368316888809204,0.00018732910970323442,2708.0,,,,,,,,,,,,,,0.13881293764588193,,,,,0.032803088426589966,1.9764353055506945e-05
,imappo,,,,2708.0,0.0,0.0,0.0009882176266966525,0.0,0.0,0.0,0.0,0.0009882176266966525,0.0,0.0,0.0,0.0,0.0,,,,,,,
-0.00677776662632823,imappo,1.8164387327601617e-08,-0.6939671635627747,0.00018702900966989,2709.0,,,,,,,,,,,,,,0.1386795598532844,,,,,0.028524380177259445,2.1113537513883784e-05
,imappo,,,,2709.0,0.0,0.0,0.0010556767933849187,0.0,0.0,0.0,0.0,0.0010556767933849187,0.0,0.0,0.0,0.0,0.0,,,,,,,
-0.001540609635412693,imappo,2.666681453433739e-08,-0.5433641076087952,0.0001867289096365456,2710.0,,,,,,,,,,,,,,0.13854618206068686,,,,,0.02494458481669426,2.9870931030018255e-05
,imappo,,,,2710.0,0.0,0.0,0.001493546594417694,0.0,0.0,0.0,0.0,0.001493546594417694,0.0,0.0,0.0,0.0,0.0,,,,,,,
-0.004875879269093275,imappo,7.560311132692732e-08,-1.3182106018066406,0.0001864288096032011,2711.0,,,,,,,,,,,,,,0.13841280426808933,,,,,0.02246994897723198,3.38485260726884e-05
,imappo,,,,2711.0,0.0,0.0,0.0016924263090487557,0.0,0.0,0.0,0.0,0.0016924263090487557,0.0,0.0,0.0,0.0,0.0,,,,,,,
-0.009557372890412807,imappo,3.715754104405278e-08,-0.6164315342903137,0.00018612870956985668,2712.0,,,,,,,,,,,,,,0.13827942647549185,,,,,0.01973097398877144,3.5747587389778346e-05
,imappo,,,,2712.0,0.0,0.0,0.0017873794791043451,0.0,0.0,0.0,0.0,0.0017873794791043451,0.0,0.0,0.0,0.0,0.0,,,,,,,
0.009360839612782001,imappo,3.666846737360174e-08,-0.9540197849273682,0.00018582860953651227,2713.0,,,,,,,,,,,,,,0.13814604868289426,,,,,0.028174566105008125,2.935984593932517e-05
,imappo,,,,2713.0,0.0,0.0,0.0014679922514915233,0.0,0.0,0.0,0.0,0.0014679922514915233,0.0,0.0,0.0,0.0,0.0,,,,,,,
0.0037007229402661324,imappo,1.5155029231550543e-08,-0.9007753729820251,0.00018552850950316775,2714.0,,,,,,,,,,,,,,0.13801267089029673,,,,,0.03137039393186569,2.130185930582229e-05
,imappo,,,,2714.0,0.0,0.0,0.0010650929575604096,0.0,0.0,0.0,0.0,0.0010650929575604096,0.0,0.0,0.0,0.0,0.0,,,,,,,
-0.005181232001632452,imappo,2.877596294581508e-08,-0.8813160061836243,0.00018522840946982324,2715.0,,,,,,,,,,,,,,0.1378792930976992,,,,,0.02892453968524933,2.2171907403389923e-05
,imappo,,,,2715.0,0.0,0.0,0.0011085953623606315,0.0,0.0,0.0,0.0,0.0011085953623606315,0.0,0.0,0.0,0.0,0.0,,,,,,,
-0.005691993050277233,imappo,1.2252113101851592e-08,-1.167832374572754,0.00018492830943647894,2716.0,,,,,,,,,,,,,,0.13774591530510172,,,,,0.03195767104625702,2.2705429728375748e-05
,imappo,,,,2716.0,0.0,0.0,0.0011352715580414952,0.0,0.0,0.0,0.0,0.0011352715580414952,0.0,0.0,0.0,0.0,0.0,,,,,,,
-0.01036024745553732,imappo,5.299791894231021e-08,-0.531173586845398,0.00018462820940313442,2717.0,,,,,,,,,,,,,,0.13761253751250413,,,,,0.03478812798857689,1.1296754564682487e-05
,imappo,,,,2717.0,0.0,0.0,0.0005648376758244922,0.0,0.0,0.0,0.0,0.0005648376758244922,0.0,0.0,0.0,0.0,0.0,,,,,,,
-0.007556233089417219,imappo,6.59804300084943e-08,-0.7341867685317993,0.00018432810936979,2718.0,,,,,,,,,,,,,,0.1374791597199066,,,,,0.029717449098825455,2.673101880645845e-05
,imappo,,,,2718.0,0.0,0.0,0.0013365508350275945,0.0,0.0,0.0,0.0,0.0013365508350275945,0.0,0.0,0.0,0.0,0.0,,,,,,,
-0.006432497873902321,imappo,9.698993608253659e-08,-0.4972801208496094,0.0001840280093364455,2719.0,,,,,,,,,,,,,,0.13734578192730906,,,,,0.026472225785255432,3.234580435673706e-05
,imappo,,,,2719.0,0.0,0.0,0.0016172902392099786,0.0,0.0,0.0,0.0,0.0016172902392099786,0.0,0.0,0.0,0.0,0.0,,,,,,,
-0.004330836236476898,imappo,2.7291749304936275e-08,-0.9017311334609985,0.0001837279093031011,2720.0,,,,,,,,,,,,,,0.13721240413471159,,,,,0.030668016523122787,2.1078905774629675e-05
,imappo,,,,2720.0,0.0,0.0,0.0010539452791817894,0.0,0.0,0.0,0.0,0.0010539452791817894,0.0,0.0,0.0,0.0,0.0,,,,,,,
-0.006594129838049412,imappo,1.592434095698536e-08,-0.6147533655166626,0.00018342780926975668,2721.0,,,,,,,,,,,,,,0.137079026342114,,,,,0.02626141533255577,2.486839730408974e-05
,imappo,,,,2721.0,0.0,0.0,0.0012434197406037129,0.0,0.0,0.0,0.0,0.0012434197406037129,0.0,0.0,0.0,0.0,0.0,,,,,,,
-0.014744266867637634,imappo,1.2178301034282413e-08,-0.9669201374053955,0.00018312770923641216,2722.0,,,,,,,,,,,,,,0.13694564854951646,,,,,0.03366783261299133,2.3724718630546704e-05
,imappo,,,,2722.0,0.0,0.0,0.0011862360133818584,0.0,0.0,0.0,0.0,0.0011862360133818584,0.0,0.0,0.0,0.0,0.0,,,,,,,
-0.002972573973238468,imappo,2.7355714138366238e-08,-0.6933275461196899,0.00018282760920306765,2723.0,,,,,,,,,,,,,,0.13681227075691893,,,,,0.028559688478708267,2.622518877615221e-05
,imappo,,,,2723.0,0.0,0.0,0.0013112594228914531,0.0,0.0,0.0,0.0,0.0013112594228914531,0.0,0.0,0.0,0.0,0.0,,,,,,,
-0.004720794036984444,imappo,2.1380825998562614e-08,-0.8573361039161682,0.00018252750916972335,2724.0,,,,,,,,,,,,,,0.13667889296432145,,,,,0.026367319747805595,2.4913688321248628e-05
,imappo,,,,2724.0,0.0,0.0,0.0012456844036918824,0.0,0.0,0.0,0.0,0.0012456844036918824,0.0,0.0,0.0,0.0,0.0,,,,,,,
0.00039371673483401537,imappo,9.063928985142411e-08,-1.3859792947769165,0.00018222740913637883,2725.0,,,,,,,,,,,,,,0.13654551517172386,,,,,0.02336500957608223,2.6282812541467138e-05
,imappo,,,,2725.0,0.0,0.0,0.0013141405220267188,0.0,0.0,0.0,0.0,0.0013141405220267188,0.0,0.0,0.0,0.0,0.0,,,,,,,
0.002475706860423088,imappo,2.0744321815868716e-08,-1.148422122001648,0.00018192730910303431,2726.0,,,,,,,,,,,,,,0.13641213737912633,,,,,0.030436880886554718,2.4270140784210525e-05
,imappo,,,,2726.0,0.0,0.0,0.0012135070187468955,0.0,0.0,0.0,0.0,0.0012135070187468955,0.0,0.0,0.0,0.0,0.0,,,,,,,
-0.0019332529045641422,imappo,4.764798333667386e-08,-1.0202720165252686,0.00018162720906969001,2727.0,,,,,,,,,,,,,,0.13627875958652885,,,,,0.028900660574436188,2.4477525585098192e-05
,imappo,,,,2727.0,0.0,0.0,0.001223876126914547,0.0,0.0,0.0,0.0,0.001223876126914547,0.0,0.0,0.0,0.0,0.0,,,,,,,
-0.007629307918250561,imappo,2.516285491083181e-08,-0.6991644501686096,0.0001813271090363455,2728.0,,,,,,,,,,,,,,0.13614538179393132,,,,,0.027005348354578018,2.4486946131219156e-05
,imappo,,,,2728.0,0.0,0.0,0.0012243471646797843,0.0,0.0,0.0,0.0,0.0012243471646797843,0.0,0.0,0.0,0.0,0.0,,,,,,,
-0.0024387422017753124,imappo,3.323432906654489e-08,-0.8882912397384644,0.0001810270090030011,2729.0,,,,,,,,,,,,,,0.13601200400133373,,,,,0.025678254663944244,2.8755264793289825e-05
,imappo,,,,2729.0,0.0,0.0,0.0014377632642919025,0.0,0.0,0.0,0.0,0.0014377632642919025,0.0,0.0,0.0,0.0,0.0,,,,,,,
-0.0011715310392901301,imappo,5.327877161676042e-08,-0.5527920126914978,0.00018072690896965657,2730.0,,,,,,,,,,,,,,0.1358786262087362,,,,,0.024196403101086617,2.4456541723338887e-05
,imappo,,,,2730.0,0.0,0.0,0.0012228272008769636,0.0,0.0,0.0,0.0,0.0012228272008769636,0.0,0.0,0.0,0.0,0.0,,,,,,,
-0.00835435651242733,imappo,1.4516388091578847e-08,-0.5567862391471863,0.00018042680893631217,2731.0,,,,,,,,,,,,,,0.13574524841613872,,,,,0.02282586321234703,2.1639812985085882e-05
,imappo,,,,2731.0,0.0,0.0,0.0010819906625556541,0.0,0.0,0.0,0.0,0.0010819906625556541,0.0,0.0,0.0,0.0,0.0,,,,,,,
-0.005426652263849974,imappo,4.7681915305020084e-08,-0.717678427696228,0.00018012670890296776,2732.0,,,,,,,,,,,,,,0.1356118706235412,,,,,0.03201265633106232,2.2922427888261154e-05
,imappo,,,,2732.0,0.0,0.0,0.001146121497768604,0.0,0.0,0.0,0.0,0.001146121497768604,0.0,0.0,0.0,0.0,0.0,,,,,,,
-0.003050615545362234,imappo,1.5872493008828314e-07,-0.38350552320480347,0.00017982660886962324,2733.0,,,,,,,,,,,,,,0.1354784928309436,,,,,0.026346899569034576,3.333442145958543e-05
,imappo,,,,2733.0,0.0,0.0,0.0016667211056073938,0.0,0.0,0.0,0.0,0.0016667211056073938,0.0,0.0,0.0,0.0,0.0,,,,,,,
-0.00508609926328063,imappo,2.997962056383585e-08,-0.8368614315986633,0.00017952650883627872,2734.0,,,,,,,,,,,,,,0.13534511503834606,,,,,0.030402053147554398,2.1761265088571236e-05
,imappo,,,,2734.0,0.0,0.0,0.0010880631447260924,0.0,0.0,0.0,0.0,0.0010880631447260924,0.0,0.0,0.0,0.0,0.0,,,,,,,
-0.002855301834642887,imappo,4.737869474524814e-08,-0.7235527038574219,0.00017922640880293442,2735.0,,,,,,,,,,,,,,0.1352117372457486,,,,,0.02956697717308998,2.287601091666147e-05
,imappo,,,,2735.0,0.0,0.0,0.0011438006497428432,0.0,0.0,0.0,0.0,0.0011438006497428432,0.0,0.0,0.0,0.0,0.0,,,,,,,
-0.012045546434819698,imappo,3.141300908282574e-08,-0.8671742677688599,0.0001789263087695899,2736.0,,,,,,,,,,,,,,0.13507835945315105,,,,,0.033345576375722885,2.641506762302015e-05
,imappo,,,,2736.0,0.0,0.0,0.001320753462778157,0.0,0.0,0.0,0.0,0.001320753462778157,0.0,0.0,0.0,0.0,0.0,,,,,,,
-0.0014431980671361089,imappo,1.993647380515995e-08,-0.871121346950531,0.0001786262087362454,2737.0,,,,,,,,,,,,,,0.13494498166055346,,,,,0.028852952644228935,3.5537086660042405e-05
,imappo,,,,2737.0,0.0,0.0,0.001776854491879476,0.0,0.0,0.0,0.0,0.001776854491879476,0.0,0.0,0.0,0.0,0.0,,,,,,,
-0.011405907571315765,imappo,2.4794184483312165e-08,-0.6018447279930115,0.00017832610870290098,2738.0,,,,,,,,,,,,,,0.13481160386795593,,,,,0.020787328481674194,2.602587301225867e-05
,imappo,,,,2738.0,0.0,0.0,0.0013012935426957029,0.0,0.0,0.0,0.0,0.0013012935426957029,0.0,0.0,0.0,0.0,0.0,,,,,,,
-0.016002554446458817,imappo,1.7560099152547082e-08,-1.1373448371887207,0.00017802600866955657,2739.0,,,,,,,,,,,,,,0.13467822607535845,,,,,0.03071736916899681,2.630626840982586e-05
,imappo,,,,2739.0,0.0,0.0,0.0013153134235039943,0.0,0.0,0.0,0.0,0.0013153134235039943,0.0,0.0,0.0,0.0,0.0,,,,,,,
-0.010812624357640743,imappo,2.717453817524529e-08,-0.964974045753479,0.00017772590863621217,2740.0,,,,,,,,,,,,,,0.13454484828276092,,,,,0.03332289680838585,2.2098120098235086e-05
,imappo,,,,2740.0,0.0,0.0,0.0011049058699086345,0.0,0.0,0.0,0.0,0.0011049058699086345,0.0,0.0,0.0,0.0,0.0,,,,,,,
-0.006905426271259785,imappo,3.546463744896755e-08,-0.9298534989356995,0.00017742580860286765,2741.0,,,,,,,,,,,,,,0.13441147049016333,,,,,0.03220601752400398,2.100246274494566e-05
,imappo,,,,2741.0,0.0,0.0,0.001050123169136441,0.0,0.0,0.0,0.0,0.001050123169136441,0.0,0.0,0.0,0.0,0.0,,,,,,,
-0.005834938492625952,imappo,4.0347348573277486e-08,-0.8533564209938049,0.00017712570856952324,2742.0,,,,,,,,,,,,,,0.13427809269756585,,,,,0.028798718005418777,2.4221302737714723e-05
,imappo,,,,2742.0,0.0,0.0,0.0012110651418595353,0.0,0.0,0.0,0.0,0.0012110651418595353,0.0,0.0,0.0,0.0,0.0,,,,,,,
-0.00737643102183938,imappo,1.8066469209543357e-08,-0.7298128008842468,0.00017682560853617883,2743.0,,,,,,,,,,,,,,0.13414471490496832,,,,,0.028411194682121277,2.1966137865092605e-05
,imappo,,,,2743.0,0.0,0.0,0.0010983069047085792,0.0,0.0,0.0,0.0,0.0010983069047085792,0.0,0.0,0.0,0.0,0.0,,,,,,,
-0.004996222909539938,imappo,1.924355075288986e-08,-0.7157647609710693,0.00017652550850283432,2744.0,,,,,,,,,,,,,,0.1340113371123708,,,,,0.0293683223426342,2.2644535420113243e-05
,imappo,,,,2744.0,0.0,0.0,0.0011322266841489181,0.0,0.0,0.0,0.0,0.0011322266841489181,0.0,0.0,0.0,0.0,0.0,,,,,,,
0.0005004304694011807,imappo,1.2245549463330008e-08,-0.47194188833236694,0.0001762254084694898,2745.0,,,,,,,,,,,,,,0.1338779593197732,,,,,0.03167527914047241,1.986802089959383e-05
,imappo,,,,2745.0,0.0,0.0,0.0009934011298469159,0.0,0.0,0.0,0.0,0.0009934011298469159,0.0,0.0,0.0,0.0,0.0,,,,,,,
-0.008396544493734837,imappo,1.3335132109659753e-08,-0.7858871221542358,0.0001759253084361455,2746.0,,,,,,,,,,,,,,0.13374458152717572,,,,,0.02687806822359562,2.0036275600432418e-05
,imappo,,,,2746.0,0.0,0.0,0.0010018137732004107,0.0,0.0,0.0,0.0,0.0010018137732004107,0.0,0.0,0.0,0.0,0.0,,,,,,,
-0.0069618066772818565,imappo,2.9864427375514424e-08,-0.6067662835121155,0.00017562520840280098,2747.0,,,,,,,,,,,,,,0.1336112037345782,,,,,0.021099669858813286,2.3540489564766176e-05
,imappo,,,,2747.0,0.0,0.0,0.0011770245587854333,0.0,0.0,0.0,0.0,0.0011770245587854333,0.0,0.0,0.0,0.0,0.0,,,,,,,
-0.007630438543856144,imappo,8.091257797104845e-08,-0.3956935703754425,0.00017532510836945647,2748.0,,,,,,,,,,,,,,0.13347782594198065,,,,,0.025306642055511475,3.038292925339192e-05
,imappo,,,,2748.0,0.0,0.0,0.001519146538782934,0.0,0.0,0.0,0.0,0.001519146538782934,0.0,0.0,0.0,0.0,0.0,,,,,,,
-0.005466441623866558,imappo,1.5432275901616777e-08,-0.742618203163147,0.00017502500833611206,2749.0,,,,,,,,,,,,,,0.13334444814938307,,,,,0.02746385708451271,2.4694614694453776e-05
,imappo,,,,2749.0,0.0,0.0,0.0012347307344171554,0.0,0.0,0.0,0.0,0.0012347307344171554,0.0,0.0,0.0,0.0,0.0,,,,,,,
-0.0052687497809529305,imappo,1.4606044373977056e-07,-1.2769825458526611,0.00017472490830276765,2750.0,,,,,,,,,,,,,,0.1332110703567856,,,,,0.03498416393995285,1.615750079508871e-05
,imappo,,,,2750.0,0.0,0.0,0.0008078750432787274,0.0,0.0,0.0,0.0,0.0008078750432787274,0.0,0.0,0.0,0.0,0.0,,,,,,,
-0.006075486075133085,imappo,1.9055754307828465e-08,-0.6013804078102112,0.00017442480826942324,2751.0,,,,,,,,,,,,,,0.13307769256418805,,,,,0.028725914657115936,2.0808833141927607e-05
,imappo,,,,2751.0,0.0,0.0,0.0010404416211144962,0.0,0.0,0.0,0.0,0.0010404416211144962,0.0,0.0,0.0,0.0,0.0,,,,,,,
-0.010807087644934654,imappo,8.527698547311502e-09,-0.726440966129303,0.00017412470823607873,2752.0,,,,,,,,,,,,,,0.13294431477159052,,,,,0.025818411260843277,2.0544928702292964e-05
,imappo,,,,2752.0,0.0,0.0,0.0010272464778608992,0.0,0.0,0.0,0.0,0.0010272464778608992,0.0,0.0,0.0,0.0,0.0,,,,,,,
-0.00745067885145545,imappo,2.1292731133826237e-08,-0.5850192308425903,0.0001738246082027342,2753.0,,,,,,,,,,,,,,0.13281093697899293,,,,,0.02776017040014267,2.0597597540472634e-05
,imappo,,,,2753.0,0.0,0.0,0.0010298799295469507,0.0,0.0,0.0,0.0,0.0010298799295469507,0.0,0.0,0.0,0.0,0.0,,,,,,,
-0.00791746936738491,imappo,2.3760556189245108e-08,-0.6501030325889587,0.0001735245081693899,2754.0,,,,,,,,,,,,,,0.13267755918639546,,,,,0.02915043756365776,2.0590594431268983e-05
,imappo,,,,2754.0,0.0,0.0,0.0010295298142182219,0.0,0.0,0.0,0.0,0.0010295298142182219,0.0,0.0,0.0,0.0,0.0,,,,,,,
-0.007126841694116592,imappo,1.946903616101281e-08,-0.716662585735321,0.0001732244081360454,2755.0,,,,,,,,,,,,,,0.13254418139379792,,,,,0.027839213609695435,1.9073964722338133e-05
,imappo,,,,2755.0,0.0,0.0,0.0009536982493330015,0.0,0.0,0.0,0.0,0.0009536982493330015,0.0,0.0,0.0,0.0,0.0,,,,,,,
0.001338785863481462,imappo,2.6863121505016352e-08,-0.6136908531188965,0.00017292430810270088,2756.0,,,,,,,,,,,,,,0.1324108036012004,,,,,0.026746779680252075,2.176562702516094e-05
,imappo,,,,2756.0,0.0,0.0,0.0010882813564876415,0.0,0.0,0.0,0.0,0.0010882813564876415,0.0,0.0,0.0,0.0,0.0,,,,,,,
-0.008799285627901554,imappo,1.8890865760567976e-08,-0.5416799187660217,0.00017262420806935658,2757.0,,,,,,,,,,,,,,0.13227742580860286,,,,,0.02048524282872677,1.7270347598241642e-05
,imappo,,,,2757.0,0.0,0.0,0.0008635173368247706,0.0,0.0,0.0,0.0,0.0008635173368247706,0.0,0.0,0.0,0.0,0.0,,,,,,,
-0.008800826966762543,imappo,1.1584860004631992e-07,-0.8009781241416931,0.00017232410803601206,2758.0,,,,,,,,,,,,,,0.13214404801600532,,,,,0.028798475861549377,2.9399794584605843e-05
,imappo,,,,2758.0,0.0,0.0,0.0014699898214445284,0.0,0.0,0.0,0.0,0.0014699898214445284,0.0,0.0,0.0,0.0,0.0,,,,,,,
0.004076622426509857,imappo,1.7149254460946395e-08,-0.6856180429458618,0.00017202400800266754,2759.0,,,,,,,,,,,,,,0.1320106702234078,,,,,0.02841658517718315,2.1020183339715004e-05
,imappo,,,,2759.0,0.0,0.0,0.001051009251511914,0.0,0.0,0.0,0.0,0.001051009251511914,0.0,0.0,0.0,0.0,0.0,,,,,,,
-0.005930313840508461,imappo,3.9009581342952515e-08,-0.5173031687736511,0.00017172390796932314,2760.0,,,,,,,,,,,,,,0.13187729243081026,,,,,0.019668005406856537,1.2665491340158042e-05
,imappo,,,,2760.0,0.0,0.0,0.0006332745847856813,0.0,0.0,0.0,0.0,0.0006332745847856813,0.0,0.0,0.0,0.0,0.0,,,,,,,
0.0006519496673718095,imappo,1.723051212820792e-08,-0.9430625438690186,0.00017142380793597873,2761.0,,,,,,,,,,,,,,0.13174391463821272,,,,,0.02841741219162941,3.7442197935888544e-05
,imappo,,,,2761.0,0.0,0.0,0.001872109969099256,0.0,0.0,0.0,0.0,0.001872109969099256,0.0,0.0,0.0,0.0,0.0,,,,,,,
-0.013438121415674686,imappo,1.551021888701598e-08,-0.5954761505126953,0.00017112370790263432,2762.0,,,,,,,,,,,,,,0.1316105368456152,,,,,0.017215941101312637,1.487547797296429e-05
,imappo,,,,2762.0,0.0,0.0,0.0007437738237054958,0.0,0.0,0.0,0.0,0.0007437738237054958,0.0,0.0,0.0,0.0,0.0,,,,,,,
-0.010996684432029724,imappo,1.0798288485602825e-07,-1.3806432485580444,0.0001708236078692898,2763.0,,,,,,,,,,,,,,0.13147715905301766,,,,,0.02359657548367977,3.254287003073841e-05
,imappo,,,,2763.0,0.0,0.0,0.001627143513445617,0.0,0.0,0.0,0.0,0.001627143513445617,0.0,0.0,0.0,0.0,0.0,,,,,,,
-0.0032039284706115723,imappo,7.696824511072009e-09,-0.5699109435081482,0.0001705235078359453,2764.0,,,,,,,,,,,,,,0.13134378126042012,,,,,0.025473836809396744,2.6181982320849784e-05
,imappo,,,,2764.0,0.0,0.0,0.0013090991297985966,0.0,0.0,0.0,0.0,0.0013090991297985966,0.0,0.0,0.0,0.0,0.0,,,,,,,
-0.011175018735229969,imappo,2.5605544351492426e-07,-1.3928406238555908,0.000170223407802601,2765.0,,,,,,,,,,,,,,0.1312104034678226,,,,,0.021161839365959167,3.306102371425368e-05
,imappo,,,,2765.0,0.0,0.0,0.0016530511165910866,0.0,0.0,0.0,0.0,0.0016530511165910866,0.0,0.0,0.0,0.0,0.0,,,,,,,
-0.006348917260766029,imappo,1.5115836049517384e-07,-1.0176697969436646,0.00016992330776925647,2766.0,,,,,,,,,,,,,,0.13107702567522506,,,,,0.027747061103582382,2.3242077077156864e-05
,imappo,,,,2766.0,0.0,0.0,0.0011621038551652418,0.0,0.0,0.0,0.0,0.0011621038551652418,0.0,0.0,0.0,0.0,0.0,,,,,,,
-0.005383517127484083,imappo,9.097619368958476e-08,-0.47295644879341125,0.00016962320773591195,2767.0,,,,,,,,,,,,,,0.13094364788262752,,,,,0.02316858619451523,2.1126268620719202e-05
,imappo,,,,2767.0,0.0,0.0,0.0010563134158019238,0.0,0.0,0.0,0.0,0.0010563134158019238,0.0,0.0,0.0,0.0,0.0,,,,,,,
-0.00827507022768259,imappo,6.348684422619044e-08,-0.3746567666530609,0.00016932310770256755,2768.0,,,,,,,,,,,,,,0.13081027009003,,,,,0.024868197739124298,3.473772085271776e-05
,imappo,,,,2768.0,0.0,0.0,0.0017368862725106737,0.0,0.0,0.0,0.0,0.0017368862725106737,0.0,0.0,0.0,0.0,0.0,,,,,,,
-0.00023792654974386096,imappo,5.0918153249313036e-08,-0.7147027254104614,0.00016902300766922314,2769.0,,,,,,,,,,,,,,0.13067689229743246,,,,,0.030535519123077393,2.382928505539894e-05
,imappo,,,,2769.0,0.0,0.0,0.001191464235262174,0.0,0.0,0.0,0.0,0.001191464235262174,0.0,0.0,0.0,0.0,0.0,,,,,,,
-0.0023928817827254534,imappo,3.83686220573054e-08,-1.5674325227737427,0.00016872290763587862,2770.0,,,,,,,,,,,,,,0.13054351450483492,,,,,0.02427508868277073,3.7777914258185774e-05
,imappo,,,,2770.0,0.0,0.0,0.0018888957993112854,0.0,0.0,0.0,0.0,0.0018888957993112854,0.0,0.0,0.0,0.0,0.0,,,,,,,
-0.0038076364435255527,imappo,7.009996139117902e-09,-0.8448776006698608,0.0001684228076025342,2771.0,,,,,,,,,,,,,,0.1304101367122374,,,,,0.025591891258955002,3.16708319587633e-05
,imappo,,,,2771.0,0.0,0.0,0.0015835416168670235,0.0,0.0,0.0,0.0,0.0015835416168670235,0.0,0.0,0.0,0.0,0.0,,,,,,,
-0.006005425471812487,imappo,1.0533709904336774e-08,-1.0275623798370361,0.0001681227075691898,2772.0,,,,,,,,,,,,,,0.13027675891963986,,,,,0.02598610147833824,2.7699265046976507e-05
,imappo,,,,2772.0,0.0,0.0,0.0013849633860445465,0.0,0.0,0.0,0.0,0.0013849633860445465,0.0,0.0,0.0,0.0,0.0,,,,,,,
0.0001668371114647016,imappo,2.730980064313826e-08,-0.5972715616226196,0.0001678226075358454,2773.0,,,,,,,,,,,,,,0.13014338112704232,,,,,0.0201755128800869,1.7232510799658485e-05
,imappo,,,,2773.0,0.0,0.0,0.0008616255108044868,0.0,0.0,0.0,0.0,0.0008616255108044868,0.0,0.0,0.0,0.0,0.0,,,,,,,
-0.011011063121259212,imappo,1.485983336380059e-08,-0.6227290034294128,0.00016752250750250088,2774.0,,,,,,,,,,,,,,0.1300100033344448,,,,,0.028973810374736786,1.7895410564960912e-05
,imappo,,,,2774.0,0.0,0.0,0.0008947705039759057,0.0,0.0,0.0,0.0,0.0008947705039759057,0.0,0.0,0.0,0.0,0.0,,,,,,,
-0.004874147474765778,imappo,3.503114598402135e-08,-0.8761131763458252,0.00016722240746915636,2775.0,,,,,,,,,,,,,,0.12987662554184726,,,,,0.024097677320241928,2.800961556204129e-05
,imappo,,,,2775.0,0.0,0.0,0.0014004805943841347,0.0,0.0,0.0,0.0,0.0014004805943841347,0.0,0.0,0.0,0.0,0.0,,,,,,,
-0.007363966666162014,imappo,1.0639386260891115e-07,-0.3083915710449219,0.00016692230743581206,2776.0,,,,,,,,,,,,,,0.12974324774924972,,,,,0.03199005499482155,1.9879786123055965e-05
,imappo,,,,2776.0,0.0,0.0,0.0009939892371448877,0.0,0.0,0.0,0.0,0.0009939892371448877,0.0,0.0,0.0,0.0,0.0,,,,,,,
-0.0055011482909321785,imappo,8.336795076502312e-08,-0.44525259733200073,0.00016662220740246755,2777.0,,,,,,,,,,,,,,0.1296098699566522,,,,,0.02954253926873207,2.334529381187167e-05
,imappo,,,,2777.0,0.0,0.0,0.0011672646347733462,0.0,0.0,0.0,0.0,0.0011672646347733462,0.0,0.0,0.0,0.0,0.0,,,,,,,
-0.0032534876372665167,imappo,1.57603878392365e-07,-0.5382018685340881,0.00016632210736912303,2778.0,,,,,,,,,,,,,,0.12947649216405466,,,,,0.02901459112763405,2.602331733214669e-05
,imappo,,,,2778.0,0.0,0.0,0.0013011659593189506,0.0,0.0,0.0,0.0,0.0013011659593189506,0.0,0.0,0.0,0.0,0.0,,,,,,,
-0.0010869639227166772,imappo,1.162503195928366e-07,-0.7541402578353882,0.00016602200733577862,2779.0,,,,,,,,,,,,,,0.12934311437145712,,,,,0.03401106968522072,1.8719270883593708e-05
,imappo,,,,2779.0,0.0,0.0,0.0009359636038936969,0.0,0.0,0.0,0.0,0.0009359636038936969,0.0,0.0,0.0,0.0,0.0,,,,,,,
-0.0034921749029308558,imappo,5.999574881343506e-08,-0.5977039337158203,0.00016572190730243421,2780.0,,,,,,,,,,,,,,0.1292097365788596,,,,,0.01778632402420044,1.8395699953543954e-05
,imappo,,,,2780.0,0.0,0.0,0.000919785075893742,0.0,0.0,0.0,0.0,0.000919785075893742,0.0,0.0,0.0,0.0,0.0,,,,,,,
-0.014882571995258331,imappo,7.752264252758323e-08,-0.5630342364311218,0.0001654218072690897,2781.0,,,,,,,,,,,,,,0.12907635878626206,,,,,0.0257609523832798,2.890474206651561e-05
,imappo,,,,2781.0,0.0,0.0,0.001445236943936834,0.0,0.0,0.0,0.0,0.001445236943936834,0.0,0.0,0.0,0.0,0.0,,,,,,,
-0.003148239804431796,imappo,4.997009384055673e-08,-0.5930158495903015,0.0001651217072357453,2782.0,,,,,,,,,,,,,,0.12894298099366452,,,,,0.022971544414758682,2.8314707378740422e-05
,imappo,,,,2782.0,0.0,0.0,0.0014157352214851926,0.0,0.0,0.0,0.0,0.0014157352214851926,0.0,0.0,0.0,0.0,0.0,,,,,,,
-0.0033644107170403004,imappo,1.1352629059047104e-07,-0.49324339628219604,0.00016482160720240077,2783.0,,,,,,,,,,,,,,0.128809603201067,,,,,0.029378650709986687,2.2188527509570122e-05
,imappo,,,,2783.0,0.0,0.0,0.0011094263655806458,0.0,0.0,0.0,0.0,0.0011094263655806458,0.0,0.0,0.0,0.0,0.0,,,,,,,
-0.00388024072162807,imappo,6.234046878716981e-08,-0.9294422268867493,0.00016452150716905647,2784.0,,,,,,,,,,,,,,0.12867622540846946,,,,,0.02392769791185856,3.7349065678426996e-05
,imappo,,,,2784.0,0.0,0.0,0.001867453540171482,0.0,0.0,0.0,0.0,0.001867453540171482,0.0,0.0,0.0,0.0,0.0,,,,,,,
-0.007624573074281216,imappo,1.4199901698930262e-08,-1.1019773483276367,0.00016422140713571196,2785.0,,,,,,,,,,,,,,0.12854284761587192,,,,,0.030884116888046265,2.0814408344449475e-05
,imappo,,,,2785.0,0.0,0.0,0.0010407204530622494,0.0,0.0,0.0,0.0,0.0010407204530622494,0.0,0.0,0.0,0.0,0.0,,,,,,,
-0.0022155134938657284,imappo,1.230528567930378e-07,-0.752565324306488,0.00016392130710236744,2786.0,,,,,,,,,,,,,,0.1284094698232744,,,,,0.027113374322652817,2.4923421733547002e-05
,imappo,,,,2786.0,0.0,0.0,0.001246171080140357,0.0,0.0,0.0,0.0,0.001246171080140357,0.0,0.0,0.0,0.0,0.0,,,,,,,
0.002681560115888715,imappo,7.235516363834904e-08,-0.6123651266098022,0.00016362120706902314,2787.0,,,,,,,,,,,,,,0.1282760920306769,,,,,0.028504010289907455,2.203546500822995e-05
,imappo,,,,2787.0,0.0,0.0,0.001101773240861803,0.0,0.0,0.0,0.0,0.001101773240861803,0.0,0.0,0.0,0.0,0.0,,,,,,,
-0.005898482631891966,imappo,8.169757137466149e-08,-0.6034662127494812,0.00016332110703567862,2788.0,,,,,,,,,,,,,,0.12814271423807932,,,,,0.019185878336429596,1.680986133578699e-05
,imappo,,,,2788.0,0.0,0.0,0.0008404931503491753,0.0,0.0,0.0,0.0,0.0008404931503491753,0.0,0.0,0.0,0.0,0.0,,,,,,,
-0.0029151865746825933,imappo,8.147608099307035e-08,-0.5961319804191589,0.0001630210070023341,2789.0,,,,,,,,,,,,,,0.1280093364454818,,,,,0.018074728548526764,3.3251490094698966e-05
,imappo,,,,2789.0,0.0,0.0,0.0016625743505755963,0.0,0.0,0.0,0.0,0.0016625743505755963,0.0,0.0,0.0,0.0,0.0,,,,,,,
0.010905001312494278,imappo,5.326884888745553e-08,-1.121826410293579,0.0001627209069689897,2790.0,,,,,,,,,,,,,,0.12787595865288426,,,,,0.03279396891593933,2.255675099149812e-05
,imappo,,,,2790.0,0.0,0.0,0.0011278375599204082,0.0,0.0,0.0,0.0,0.0011278375599204082,0.0,0.0,0.0,0.0,0.0,,,,,,,
-0.008146591484546661,imappo,9.329069428076764e-08,-0.8346475958824158,0.0001624208069356453,2791.0,,,,,,,,,,,,,,0.12774258086028678,,,,,0.03063494712114334,2.045773362624459e-05
,imappo,,,,2791.0,0.0,0.0,0.0010228866783847934,0.0,0.0,0.0,0.0,0.0010228866783847934,0.0,0.0,0.0,0.0,0.0,,,,,,,
-0.010327573865652084,imappo,8.317378785704932e-08,-0.7150228023529053,0.00016212070690230077,2792.0,,,,,,,,,,,,,,0.1276092030676892,,,,,0.027876008301973343,2.234693238278851e-05
,imappo,,,,2792.0,0.0,0.0,0.0011173466498348716,0.0,0.0,0.0,0.0,0.0011173466498348716,0.0,0.0,0.0,0.0,0.0,,,,,,,
0.008159867487847805,imappo,1.4762699152015557e-07,-0.8856553435325623,0.00016182060686895637,2793.0,,,,,,,,,,,,,,0.12747582527509166,,,,,0.02591988444328308,2.3399339625029825e-05
,imappo,,,,2793.0,0.0,0.0,0.0011699668168034805,0.0,0.0,0.0,0.0,0.0011699668168034805,0.0,0.0,0.0,0.0,0.0,,,,,,,
0.06002010032534599,imappo,4.9278074953917894e-08,-1.5610049962997437,0.00016152050683561185,2794.0,,,,,,,,,,,,,,0.12734244748249413,,,,,0.021109461784362793,2.9603292205138132e-05
,imappo,,,,2794.0,0.0,0.0,0.0014801644693989147,0.0,0.0,0.0,0.0,0.0014801644693989147,0.0,0.0,0.0,0.0,0.0,,,,,,,
0.004759551491588354,imappo,4.997159663844286e-08,-0.992661714553833,0.00016122040680226755,2795.0,,,,,,,,,,,,,,0.12720906968989665,,,,,0.03245893120765686,2.3010405129753053e-05
,imappo,,,,2795.0,0.0,0.0,0.001150520154624246,0.0,0.0,0.0,0.0,0.001150520154624246,0.0,0.0,0.0,0.0,0.0,,,,,,,
-0.009067980572581291,imappo,1.1490597984220585e-07,-0.6364697217941284,0.00016092030676892303,2796.0,,,,,,,,,,,,,,0.12707569189729906,,,,,0.024824203923344612,3.2644104067003354e-05
,imappo,,,,2796.0,0.0,0.0,0.0016322052144914778,0.0,0.0,0.0,0.0,0.0016322052144914778,0.0,0.0,0.0,0.0,0.0,,,,,,,
-0.004022304899990559,imappo,6.074083813700781e-08,-0.962938129901886,0.00016062020673557852,2797.0,,,,,,,,,,,,,,0.12694231410470153,,,,,0.029829945415258408,1.9920107661164366e-05
,imappo,,,,2797.0,0.0,0.0,0.0009960053753133025,0.0,0.0,0.0,0.0,0.0009960053753133025,0.0,0.0,0.0,0.0,0.0,,,,,,,
0.004175666254013777,imappo,1.0704805220029812e-07,-0.7920337915420532,0.0001603201067022341,2798.0,,,,,,,,,,,,,,0.126808936312104,,,,,0.0311749204993248,2.2452206394518726e-05
,imappo,,,,2798.0,0.0,0.0,0.0011226103382000474,0.0,0.0,0.0,0.0,0.0011226103382000474,0.0,0.0,0.0,0.0,0.0,,,,,,,
0.0037300100084394217,imappo,2.7152498205396114e-07,-0.8988389372825623,0.0001600200066688897,2799.0,,,,,,,,,,,,,,0.12667555851950651,,,,,0.028233475983142853,2.3875092665548436e-05
,imappo,,,,2799.0,0.0,0.0,0.0011937545143041461,0.0,0.0,0.0,0.0,0.0011937545143041461,0.0,0.0,0.0,0.0,0.0,,,,,,,
,imappo,,,,2799.0,,,,,,,,,,,,,,,0.0,0.0,0.0,0.0,,
0.029344309121370316,imappo,3.3050451975213946e-07,-0.8841381072998047,0.00015971990663554518,2800.0,,,,,,,,,,,,,,0.12654218072690893,,,,,0.028293218463659286,2.3507645892095752e-05
,imappo,,,,2800.0,0.0,0.0,0.0011753823275029163,0.0,0.0,0.0,0.0,0.0011753823275029163,0.0,0.0,0.0,0.0,0.0,,,,,,,
0.010557767003774643,imappo,2.3622462208550132e-07,-1.392472505569458,0.00015941980660220078,2801.0,,,,,,,,,,,,,,0.1264088029343114,,,,,0.028987176716327667,2.071096059808042e-05
,imappo,,,,2801.0,0.0,0.0,0.0010355480717407772,0.0,0.0,0.0,0.0,0.0010355480717407772,0.0,0.0,0.0,0.0,0.0,,,,,,,
-0.0014371139695867896,imappo,2.7137542701893835e-07,-0.6670405268669128,0.00015911970656885637,2802.0,,,,,,,,,,,,,,0.12627542514171392,,,,,0.02187836915254593,2.784506432362832e-05
,imappo,,,,2802.0,0.0,0.0,0.0013922532503443108,0.0,0.0,0.0,0.0,0.0013922532503443108,0.0,0.0,0.0,0.0,0.0,,,,,,,
0.0031765196472406387,imappo,4.063203959958628e-07,-1.0347647666931152,0.00015881960653551185,2803.0,,,,,,,,,,,,,,0.12614204734911638,,,,,0.027849853038787842,2.2027359591447748e-05
,imappo,,,,2803.0,0.0,0.0,0.0011013680360747458,0.0,0.0,0.0,0.0,0.0011013680360747458,0.0,0.0,0.0,0.0,0.0,,,,,,,
0.010815911926329136,imappo,3.690270773404336e-07,-0.9629116058349609,0.00015851950650216744,2804.0,,,,,,,,,,,,,,0.1260086695565188,,,,,0.026210825890302658,1.800855898181908e-05
,imappo,,,,2804.0,0.0,0.0,0.0009004279446003238,0.0,0.0,0.0,0.0,0.0009004279446003238,0.0,0.0,0.0,0.0,0.0,,,,,,,
-0.008244366385042667,imappo,3.976478808453976e-07,-0.9655711054801941,0.00015821940646882293,2805.0,,,,,,,,,,,,,,0.12587529176392126,,,,,0.0286722369492054,2.7660404157359153e-05
,imappo,,,,2805.0,0.0,0.0,0.0013830200663278447,0.0,0.0,0.0,0.0,0.0013830200663278447,0.0,0.0,0.0,0.0,0.0,,,,,,,
0.01797383651137352,imappo,3.5731639513869595e-07,-1.281986951828003,0.00015791930643547863,2806.0,,,,,,,,,,,,,,0.12574191397132378,,,,,0.03191705048084259,1.6580268493271433e-05
,imappo,,,,2806.0,0.0,0.0,0.0008290134170465535,0.0,0.0,0.0,0.0,0.0008290134170465535,0.0,0.0,0.0,0.0,0.0,,,,,,,
0.001550010871142149,imappo,2.8664709361692076e-07,-0.6480538845062256,0.0001576192064021341,2807.0,,,,,,,,,,,,,,0.12560853617872625,,,,,0.03107861988246441,2.0693511032732204e-05
,imappo,,,,2807.0,0.0,0.0,0.0010346754692918125,0.0,0.0,0.0,0.0,0.0010346754692918125,0.0,0.0,0.0,0.0,0.0,,,,,,,
0.032147958874702454,imappo,1.8433885884405754e-07,-1.651894211769104,0.0001573191063687896,2808.0,,,,,,,,,,,,,,0.12547515838612866,,,,,0.023471135646104813,3.151159398839809e-05
,imappo,,,,2808.0,0.0,0.0,0.0015755796985104098,0.0,0.0,0.0,0.0,0.0015755796985104098,0.0,0.0,0.0,0.0,0.0,,,,,,,
0.028616679832339287,imappo,4.21382750914745e-08,-1.5676546096801758,0.00015701900633544518,2809.0,,,,,,,,,,,,,,0.12534178059353113,,,,,0.018731147050857544,2.9834754968760535e-05
,imappo,,,,2809.0,0.0,0.0,0.0014917378483687571,0.0,0.0,0.0,0.0,0.0014917378483687571,0.0,0.0,0.0,0.0,0.0,,,,,,,
0.006394101772457361,imappo,5.6662955216779665e-08,-0.9609310030937195,0.00015671890630210078,2810.0,,,,,,,,,,,,,,0.12520840280093365,,,,,0.024998117238283157,1.910263927129563e-05
,imappo,,,,2810.0,0.0,0.0,0.0009551319946012882,0.0,0.0,0.0,0.0,0.0009551319946012882,0.0,0.0,0.0,0.0,0.0,,,,,,,
-0.0023099216632544994,imappo,5.013056991742815e-08,-1.2465966939926147,0.00015641880626875626,2811.0,,,,,,,,,,,,,,0.12507502500833612,,,,,0.022868990898132324,2.7072908778791316e-05
,imappo,,,,2811.0,0.0,0.0,0.0013536454732729908,0.0,0.0,0.0,0.0,0.0013536454732729908,0.0,0.0,0.0,0.0,0.0,,,,,,,
-0.0005324729136191308,imappo,5.120990920204349e-08,-0.6975975632667542,0.00015611870623541185,2812.0,,,,,,,,,,,,,,0.12494164721573853,,,,,0.02414846234023571,2.36111918638926e-05
,imappo,,,,2812.0,0.0,0.0,0.0011805595971736693,0.0,0.0,0.0,0.0,0.0011805595971736693,0.0,0.0,0.0,0.0,0.0,,,,,,,
-0.004628055728971958,imappo,1.8265424728269863e-08,-0.6244719624519348,0.00015581860620206734,2813.0,,,,,,,,,,,,,,0.124808269423141,,,,,0.024211782962083817,2.4104803742375225e-05
,imappo,,,,2813.0,0.0,0.0,0.001205240119112716,0.0,0.0,0.0,0.0,0.001205240119112716,0.0,0.0,0.0,0.0,0.0,,,,,,,
-0.004801275208592415,imappo,1.8111697031031326e-08,-0.5760791897773743,0.00015551850616872293,2814.0,,,,,,,,,,,,,,0.12467489163054352,,,,,0.029669132083654404,1.9674333088914864e-05
,imappo,,,,2814.0,0.0,0.0,0.0009837167307011896,0.0,0.0,0.0,0.0,0.0009837167307011896,0.0,0.0,0.0,0.0,0.0,,,,,,,
-0.010176901705563068,imappo,1.642533398182877e-08,-1.0964118242263794,0.00015521840613537852,2815.0,,,,,,,,,,,,,,0.12454151383794598,,,,,0.028503410518169403,2.0774339645868167e-05
,imappo,,,,2815.0,0.0,0.0,0.0010387170684680314,0.0,0.0,0.0,0.0,0.0010387170684680314,0.0,0.0,0.0,0.0,0.0,,,,,,,
0.015463430434465408,imappo,3.410640303513901e-08,-1.1302003860473633,0.000154918306102034,2816.0,,,,,,,,,,,,,,0.1244081360453484,,,,,0.03197494149208069,2.0757075617439114e-05
,imappo,,,,2816.0,0.0,0.0,0.0010378538654336467,0.0,0.0,0.0,0.0,0.0010378538654336467,0.0,0.0,0.0,0.0,0.0,,,,,,,
0.009881882928311825,imappo,1.1418784140460048e-07,-1.0789180994033813,0.0001546182060686897,2817.0,,,,,,,,,,,,,,0.12427475825275092,,,,,0.029668010771274567,2.167572711186949e-05
,imappo,,,,2817.0,0.0,0.0,0.0010837863630968059,0.0,0.0,0.0,0.0,0.0010837863630968059,0.0,0.0,0.0,0.0,0.0,,,,,,,
-0.006235160864889622,imappo,1.1239453812095235e-07,-0.5799282193183899,0.00015431810603534519,2818.0,,,,,,,,,,,,,,0.12414138046015338,,,,,0.02132890187203884,1.725343827274628e-05
,imappo,,,,2818.0,0.0,0.0,0.0008626718732784866,0.0,0.0,0.0,0.0,0.0008626718732784866,0.0,0.0,0.0,0.0,0.0,,,,,,,
-0.0038441894575953484,imappo,9.31622139432875e-08,-0.9698163866996765,0.00015401800600200067,2819.0,,,,,,,,,,,,,,0.12400800266755585,,,,,0.028953969478607178,2.20979218283901e-05
,imappo,,,,2819.0,0.0,0.0,0.0011048960734427737,0.0,0.0,0.0,0.0,0.0011048960734427737,0.0,0.0,0.0,0.0,0.0,,,,,,,
-0.007834069430828094,imappo,8.889044522675249e-08,-0.6103168725967407,0.00015371790596865626,2820.0,,,,,,,,,,,,,,0.12387462487495826,,,,,0.030246352776885033,1.985171365959104e-05
,imappo,,,,2820.0,0.0,0.0,0.0009925856615780049,0.0,0.0,0.0,0.0,0.0009925856615780049,0.0,0.0,0.0,0.0,0.0,,,,,,,
-0.009416604414582253,imappo,1.901513115853959e-07,-1.1692066192626953,0.00015341780593531185,2821.0,,,,,,,,,,,,,,0.12374124708236078,,,,,0.023821868002414703,3.336510781082325e-05
,imappo,,,,2821.0,0.0,0.0,0.001668255243657768,0.0,0.0,0.0,0.0,0.001668255243657768,0.0,0.0,0.0,0.0,0.0,,,,,,,
-0.013873334042727947,imappo,9.458859295818911e-08,-0.8938769698143005,0.00015311770590196734,2822.0,,,,,,,,,,,,,,0.12360786928976325,,,,,0.03191555291414261,2.0251805835869163e-05
,imappo,,,,2822.0,0.0,0.0,0.0010125902297204448,0.0,0.0,0.0,0.0,0.0010125902297204448,0.0,0.0,0.0,0.0,0.0,,,,,,,
-0.0071517108008265495,imappo,6.085760162477527e-08,-0.4475421607494354,0.00015281760586862293,2823.0,,,,,,,,,,,,,,0.12347449149716572,,,,,0.03129970282316208,2.411834429949522e-05
,imappo,,,,2823.0,0.0,0.0,0.0012059172531735385,0.0,0.0,0.0,0.0,0.0012059172531735385,0.0,0.0,0.0,0.0,0.0,,,,,,,
-0.006867705378681421,imappo,9.186197758026537e-08,-0.431484580039978,0.0001525175058352784,2824.0,,,,,,,,,,,,,,0.12334111370456813,,,,,0.021317992359399796,2.8543783628265373e-05
,imappo,,,,2824.0,0.0,0.0,0.0014271891200223763,0.0,0.0,0.0,0.0,0.0014271891200223763,0.0,0.0,0.0,0.0,0.0,,,,,,,
0.0007649575127288699,imappo,1.8839574522644398e-07,-1.1422804594039917,0.000152217405801934,2825.0,,,,,,,,,,,,,,0.12320773591197065,,,,,0.021611418575048447,3.2033614843385294e-05
,imappo,,,,2825.0,0.0,0.0,0.0016016807049936688,0.0,0.0,0.0,0.0,0.0016016807049936688,0.0,0.0,0.0,0.0,0.0,,,,,,,
-0.004419687204062939,imappo,3.7277987985362415e-07,-0.9428431391716003,0.0001519173057685896,2826.0,,,,,,,,,,,,,,0.12307435811937312,,,,,0.034932151436805725,1.3987049896968529e-05
,imappo,,,,2826.0,0.0,0.0,0.0006993524190193057,0.0,0.0,0.0,0.0,0.0006993524190193057,0.0,0.0,0.0,0.0,0.0,,,,,,,
-0.011983722448348999,imappo,1.2971094065505895e-07,-0.22141499817371368,0.00015161720573524508,2827.0,,,,,,,,,,,,,,0.12294098032677558,,,,,0.023453768342733383,2.711963861656841e-05
,imappo,,,,2827.0,0.0,0.0,0.0013559818374062615,0.0,0.0,0.0,0.0,0.0013559818374062615,0.0,0.0,0.0,0.0,0.0,,,,,,,
0.00029002653900533915,imappo,1.5462369162833056e-07,-0.43158310651779175,0.00015131710570190067,2828.0,,,,,,,,,,,,,,0.122807602534178,,,,,0.02904874086380005,2.0642741219489835e-05
,imappo,,,,2828.0,0.0,0.0,0.0010321371391910361,0.0,0.0,0.0,0.0,0.0010321371391910361,0.0,0.0,0.0,0.0,0.0,,,,,,,
-0.012070292606949806,imappo,3.0206541623556404e-07,-0.2698793113231659,0.00015101700566855626,2829.0,,,,,,,,,,,,,,0.12267422474158052,,,,,0.03129301965236664,1.2183596481918357e-05
,imappo,,,,2829.0,0.0,0.0,0.0006091798913985258,0.0,0.0,0.0,0.0,0.0006091798913985258,0.0,0.0,0.0,0.0,0.0,,,,,,,
-0.004559929482638836,imappo,3.365722704984364e-07,-0.42596229910850525,0.00015071690563521175,2830.0,,,,,,,,,,,,,,0.12254084694898298,,,,,0.014977414160966873,2.775864595605526e-05
,imappo,,,,2830.0,0.0,0.0,0.0013879324228582846,0.0,0.0,0.0,0.0,0.0013879324228582846,0.0,0.0,0.0,0.0,0.0,,,,,,,
-0.002663932740688324,imappo,1.4585231156161171e-07,-0.5286085605621338,0.00015041680560186734,2831.0,,,,,,,,,,,,,,0.12240746915638545,,,,,0.024969104677438736,2.2186308342497796e-05
,imappo,,,,2831.0,0.0,0.0,0.001109315458528215,0.0,0.0,0.0,0.0,0.001109315458528215,0.0,0.0,0.0,0.0,0.0,,,,,,,
0.0026131628546863794,imappo,1.4825340599600167e-07,-0.6604290008544922,0.00015011670556852293,2832.0,,,,,,,,,,,,,,0.12227409136378792,,,,,0.02728329226374626,1.8768281734082848e-05
,imappo,,,,2832.0,0.0,0.0,0.000938414101710805,0.0,0.0,0.0,0.0,0.000938414101710805,0.0,0.0,0.0,0.0,0.0,,,,,,,
-0.00016921540373004973,imappo,6.70793838253303e-08,-0.5090832710266113,0.0001498166055351784,2833.0,,,,,,,,,,,,,,0.12214071357119038,,,,,0.013428816571831703,2.5915729565895163e-05
,imappo,,,,2833.0,0.0,0.0,0.0012957863803535474,0.0,0.0,0.0,0.0,0.0012957863803535474,0.0,0.0,0.0,0.0,0.0,,,,,,,
-0.003862535348162055,imappo,8.001081397424059e-08,-1.0433505773544312,0.000149516505501834,2834.0,,,,,,,,,,,,,,0.12200733577859285,,,,,0.03074495494365692,2.2215188437257893e-05
,imappo,,,,2834.0,0.0,0.0,0.001110759463898603,0.0,0.0,0.0,0.0,0.001110759463898603,0.0,0.0,0.0,0.0,0.0,,,,,,,
0.0019691188354045153,imappo,4.831169420072001e-08,-0.5782746076583862,0.0001492164054684895,2835.0,,,,,,,,,,,,,,0.12187395798599532,,,,,0.02479662001132965,3.494522024993785e-05
,imappo,,,,2835.0,0.0,0.0,0.0017472611684539174,0.0,0.0,0.0,0.0,0.0017472611684539174,0.0,0.0,0.0,0.0,0.0,,,,,,,
-0.01253360603004694,imappo,5.8217946019567535e-08,-0.4660522937774658,0.0001489163054351452,2836.0,,,,,,,,,,,,,,0.12174058019339778,,,,,0.024588292464613914,2.0741928892675787e-05
,imappo,,,,2836.0,0.0,0.0,0.001037096487607414,0.0,0.0,0.0,0.0,0.001037096487607414,0.0,0.0,0.0,0.0,0.0,,,,,,,
0.002754979534074664,imappo,1.746568223381928e-08,-1.1638047695159912,0.00014861620540180067,2837.0,,,,,,,,,,,,,,0.12160720240080025,,,,,0.02219727262854576,4.0074155549518764e-05
,imappo,,,,2837.0,0.0,0.0,0.002003707645940267,0.0,0.0,0.0,0.0,0.002003707645940267,0.0,0.0,0.0,0.0,0.0,,,,,,,
-0.005356842186301947,imappo,2.8188539502593812e-08,-0.5508823394775391,0.00014831610536845616,2838.0,,,,,,,,,,,,,,0.12147382460820272,,,,,0.032758187502622604,2.1066256522317417e-05
,imappo,,,,2838.0,0.0,0.0,0.001053312742669732,0.0,0.0,0.0,0.0,0.001053312742669732,0.0,0.0,0.0,0.0,0.0,,,,,,,
-0.01049905177205801,imappo,3.560218075904231e-08,-0.3042850196361542,0.00014801600533511175,2839.0,,,,,,,,,,,,,,0.12134044681560519,,,,,0.029006730765104294,1.8875096429837868e-05
,imappo,,,,2839.0,0.0,0.0,0.0009437548137611884,0.0,0.0,0.0,0.0,0.0009437548137611884,0.0,0.0,0.0,0.0,0.0,,,,,,,
-0.0010411909315735102,imappo,1.4304364981398976e-07,-0.9789683818817139,0.00014771590530176734,2840.0,,,,,,,,,,,,,,0.12120706902300765,,,,,0.02281152456998825,2.6746442017611116e-05
,imappo,,,,2840.0,0.0,0.0,0.0013373221963774995,0.0,0.0,0.0,0.0,0.0013373221963774995,0.0,0.0,0.0,0.0,0.0,,,,,,,
-0.00686090812087059,imappo,2.3966612161530065e-07,-0.6394855380058289,0.00014741580526842282,2841.0,,,,,,,,,,,,,,0.12107369123041012,,,,,0.028567861765623093,2.0782896172022447e-05
,imappo,,,,2841.0,0.0,0.0,0.0010391448239488454,0.0,0.0,0.0,0.0,0.0010391448239488454,0.0,0.0,0.0,0.0,0.0,,,,,,,
-0.00034817037521861494,imappo,2.7229125976191426e-07,-0.6197965741157532,0.00014711570523507841,2842.0,,,,,,,,,,,,,,0.12094031343781259,,,,,0.028164323419332504,1.920609975059051e-05
,imappo,,,,2842.0,0.0,0.0,0.0009603049280713094,0.0,0.0,0.0,0.0,0.0009603049280713094,0.0,0.0,0.0,0.0,0.0,,,,,,,
-0.0028365214820951223,imappo,1.507431761638145e-07,-0.5166710615158081,0.0001468156052017339,2843.0,,,,,,,,,,,,,,0.12080693564521505,,,,,0.03394884616136551,1.9996310584247112e-05
,imappo,,,,2843.0,0.0,0.0,0.0009998155631123495,0.0,0.0,0.0,0.0,0.0009998155631123495,0.0,0.0,0.0,0.0,0.0,,,,,,,
-0.006731366738677025,imappo,6.929930407295615e-08,-0.19162984192371368,0.0001465155051683895,2844.0,,,,,,,,,,,,,,0.12067355785261752,,,,,0.03192175552248955,2.02771152544301e-05
,imappo,,,,2844.0,0.0,0.0,0.001013855884309578,0.0,0.0,0.0,0.0,0.001013855884309578,0.0,0.0,0.0,0.0,0.0,,,,,,,
-0.0035785913933068514,imappo,1.2648756353428325e-07,-0.37533023953437805,0.00014621540513504508,2845.0,,,,,,,,,,,,,,0.12054018006001999,,,,,0.01694326102733612,3.107720840489492e-05
,imappo,,,,2845.0,0.0,0.0,0.0015538604891673913,0.0,0.0,0.0,0.0,0.0015538604891673913,0.0,0.0,0.0,0.0,0.0,,,,,,,
0.003848007647320628,imappo,1.4499734390938102e-07,-0.386452317237854,0.00014591530510170056,2846.0,,,,,,,,,,,,,,0.12040680226742245,,,,,0.023557079955935478,2.0300700271036476e-05
,imappo,,,,2846.0,0.0,0.0,0.0010150349733635267,0.0,0.0,0.0,0.0,0.0010150349733635267,0.0,0.0,0.0,0.0,0.0,,,,,,,
-0.010397114790976048,imappo,1.0337539890770131e-07,-0.23424266278743744,0.00014561520506835627,2847.0,,,,,,,,,,,,,,0.12027342447482492,,,,,0.03025258705019951,1.9966460968134925e-05
,imappo,,,,2847.0,0.0,0.0,0.0009983229657564152,0.0,0.0,0.0,0.0,0.0009983229657564152,0.0,0.0,0.0,0.0,0.0,,,,,,,
-0.010294392704963684,imappo,1.4840175310837367e-07,-0.3733402490615845,0.00014531510503501175,2848.0,,,,,,,,,,,,,,0.12014004668222739,,,,,0.022865431383252144,2.2024114514351822e-05
,imappo,,,,2848.0,0.0,0.0,0.0011012057177595125,0.0,0.0,0.0,0.0,0.0011012057177595125,0.0,0.0,0.0,0.0,0.0,,,,,,,
-0.00017409175052307546,imappo,1.4128160330528772e-07,-0.48247578740119934,0.00014501500500166723,2849.0,,,,,,,,,,,,,,0.12000666888962985,,,,,0.031873203814029694,2.2157359126140364e-05
,imappo,,,,2849.0,0.0,0.0,0.0011078679544880288,0.0,0.0,0.0,0.0,0.0011078679544880288,0.0,0.0,0.0,0.0,0.0,,,,,,,
-0.0071418690495193005,imappo,3.526974126089044e-07,-0.05166982486844063,0.00014471490496832282,2850.0,,,,,,,,,,,,,,0.11987329109703232,,,,,0.026101894676685333,3.315202411613427e-05
,imappo,,,,2850.0,0.0,0.0,0.0016576013174471882,0.0,0.0,0.0,0.0,0.0016576013174471882,0.0,0.0,0.0,0.0,0.0,,,,,,,
-0.003863284131512046,imappo,6.642531502620841e-08,-0.9002867341041565,0.00014441480493497842,2851.0,,,,,,,,,,,,,,0.11973991330443479,,,,,0.020851995795965195,2.8316084353718907e-05
,imappo,,,,2851.0,0.0,0.0,0.00141580426897292,0.0,0.0,0.0,0.0,0.00141580426897292,0.0,0.0,0.0,0.0,0.0,,,,,,,
-0.00578860891982913,imappo,8.046917798765207e-08,-0.24771486222743988,0.0001441147049016339,2852.0,,,,,,,,,,,,,,0.11960653551183725,,,,,0.023768246173858643,2.002422661462333e-05
,imappo,,,,2852.0,0.0,0.0,0.0010012113918946852,0.0,0.0,0.0,0.0,0.0010012113918946852,0.0,0.0,0.0,0.0,0.0,,,,,,,
-0.013376124203205109,imappo,1.0917737824911455e-07,-0.7527413964271545,0.0001438146048682895,2853.0,,,,,,,,,,,,,,0.11947315771923972,,,,,0.0323990136384964,1.9520974092301913e-05
,imappo,,,,2853.0,0.0,0.0,0.000976048678467123,0.0,0.0,0.0,0.0,0.000976048678467123,0.0,0.0,0.0,0.0,0.0,,,,,,,
0.005548724438995123,imappo,6.71385080863729e-08,-0.546447217464447,0.00014351450483494497,2854.0,,,,,,,,,,,,,,0.11933977992664219,,,,,0.031042970716953278,1.8788427041727118e-05
,imappo,,,,2854.0,0.0,0.0,0.0009394214358451336,0.0,0.0,0.0,0.0,0.0009394214358451336,0.0,0.0,0.0,0.0,0.0,,,,,,,
0.0018060903530567884,imappo,6.382681760896958e-08,-1.089577078819275,0.00014321440480160057,2855.0,,,,,,,,,,,,,,0.11920640213404465,,,,,0.01785123720765114,2.967643376905471e-05
,imappo,,,,2855.0,0.0,0.0,0.0014838216156931594,0.0,0.0,0.0,0.0,0.0014838216156931594,0.0,0.0,0.0,0.0,0.0,,,,,,,
-0.0070475442335009575,imappo,5.0465970957702666e-08,-0.45055729150772095,0.00014291430476825616,2856.0,,,,,,,,,,,,,,0.11907302434144712,,,,,0.016422973945736885,3.2481348171131685e-05
,imappo,,,,2856.0,0.0,0.0,0.001624067412791419,0.0,0.0,0.0,0.0,0.001624067412791419,0.0,0.0,0.0,0.0,0.0,,,,,,,
-0.0035257176496088505,imappo,1.920228953622427e-08,-0.9009625315666199,0.00014261420473491164,2857.0,,,,,,,,,,,,,,0.11893964654884959,,,,,0.031478166580200195,1.959297151188366e-05
,imappo,,,,2857.0,0.0,0.0,0.00097964854195709,0.0,0.0,0.0,0.0,0.00097964854195709,0.0,0.0,0.0,0.0,0.0,,,,,,,
0.0005023052799515426,imappo,7.241076360742227e-08,-0.44324085116386414,0.00014231410470156723,2858.0,,,,,,,,,,,,,,0.11880626875625205,,,,,0.021018672734498978,1.889510349428747e-05
,imappo,,,,2858.0,0.0,0.0,0.0009447552711776552,0.0,0.0,0.0,0.0,0.0009447552711776552,0.0,0.0,0.0,0.0,0.0,,,,,,,
-0.01464073732495308,imappo,4.324324365256871e-08,-0.642272412776947,0.00014201400466822283,2859.0,,,,,,,,,,,,,,0.11867289096365452,,,,,0.026676815003156662,2.7333862817613408e-05
,imappo,,,,2859.0,0.0,0.0,0.001366693199713609,0.0,0.0,0.0,0.0,0.001366693199713609,0.0,0.0,0.0,0.0,0.0,,,,,,,
-0.004731091670691967,imappo,5.083346010792411e-08,-0.7242863178253174,0.0001417139046348783,2860.0,,,,,,,,,,,,,,0.11853951317105699,,,,,0.032162316143512726,2.3757816961733624e-05
,imappo,,,,2860.0,0.0,0.0,0.0011878907623383839,0.0,0.0,0.0,0.0,0.0011878907623383839,0.0,0.0,0.0,0.0,0.0,,,,,,,
-0.0011414409382268786,imappo,2.9656412436906976e-08,-0.31830427050590515,0.0001414138046015339,2861.0,,,,,,,,,,,,,,0.11840613537845945,,,,,0.03141596168279648,1.6773545212345198e-05
,imappo,,,,2861.0,0.0,0.0,0.0008386773100141909,0.0,0.0,0.0,0.0,0.0008386773100141909,0.0,0.0,0.0,0.0,0.0,,,,,,,
-0.0052873543463647366,imappo,2.0993779159539372e-08,-1.0003291368484497,0.0001411137045681895,2862.0,,,,,,,,,,,,,,0.11827275758586198,,,,,0.030767731368541718,2.0671977836173028e-05
,imappo,,,,2862.0,0.0,0.0,0.001033598881193143,0.0,0.0,0.0,0.0,0.001033598881193143,0.0,0.0,0.0,0.0,0.0,,,,,,,
-0.0036337547935545444,imappo,1.0067682687520119e-08,-0.4193509817123413,0.00014081360453484498,2863.0,,,,,,,,,,,,,,0.11813937979326439,,,,,0.023747103288769722,1.8087379430653527e-05
,imappo,,,,2863.0,0.0,0.0,0.0009043689702252777,0.0,0.0,0.0,0.0,0.0009043689702252777,0.0,0.0,0.0,0.0,0.0,,,,,,,
-0.0010069977724924684,imappo,4.724632063357603e-08,-0.9914746284484863,0.00014051350450150057,2864.0,,,,,,,,,,,,,,0.11800600200066685,,,,,0.026181016117334366,3.168802140862681e-05
,imappo,,,,2864.0,0.0,0.0,0.0015844011272747593,0.0,0.0,0.0,0.0,0.0015844011272747593,0.0,0.0,0.0,0.0,0.0,,,,,,,
0.004485255107283592,imappo,4.806661735301532e-08,-0.9901925921440125,0.00014021340446815605,2865.0,,,,,,,,,,,,,,0.11787262420806932,,,,,0.02519167773425579,3.185969762853347e-05
,imappo,,,,2865.0,0.0,0.0,0.0015929849962503795,0.0,0.0,0.0,0.0,0.0015929849962503795,0.0,0.0,0.0,0.0,0.0,,,,,,,
0.005831155460327864,imappo,8.703764109441181e-08,-0.6977686285972595,0.00013991330443481164,2866.0,,,,,,,,,,,,,,0.11773924641547184,,,,,0.030284728854894638,1.800431709853001e-05
,imappo,,,,2866.0,0.0,0.0,0.0009002158542852357,0.0,0.0,0.0,0.0,0.0009002158542852357,0.0,0.0,0.0,0.0,0.0,,,,,,,
-0.012192008085548878,imappo,5.0289568065409185e-08,-0.40790268778800964,0.00013961320440146723,2867.0,,,,,,,,,,,,,,0.11760586862287425,,,,,0.029645416885614395,1.9097553376923315e-05
,imappo,,,,2867.0,0.0,0.0,0.0009548777342729409,0.0,0.0,0.0,0.0,0.0009548777342729409,0.0,0.0,0.0,0.0,0.0,,,,,,,
-0.005296851508319378,imappo,7.244032218522989e-08,-0.3975782096385956,0.00013931310436812272,2868.0,,,,,,,,,,,,,,0.11747249083027672,,,,,0.02139722928404808,1.944053656188771e-05
,imappo,,,,2868.0,0.0,0.0,0.000972026934277892,0.0,0.0,0.0,0.0,0.000972026934277892,0.0,0.0,0.0,0.0,0.0,,,,,,,
-0.005729069001972675,imappo,5.040778461307127e-08,-1.2650765180587769,0.0001390130043347783,2869.0,,,,,,,,,,,,,,0.11733911303767919,,,,,0.024143461138010025,3.16179939545691e-05
,imappo,,,,2869.0,0.0,0.0,0.0015808997235353672,0.0,0.0,0.0,0.0,0.0015808997235353672,0.0,0.0,0.0,0.0,0.0,,,,,,,
-0.01597200706601143,imappo,1.1777621011788142e-07,-1.0616382360458374,0.0001387129043014339,2870.0,,,,,,,,,,,,,,0.11720573524508171,,,,,0.03391456604003906,1.802615588530898e-05
,imappo,,,,2870.0,0.0,0.0,0.0009013077537414205,0.0,0.0,0.0,0.0,0.0009013077537414205,0.0,0.0,0.0,0.0,0.0,,,,,,,
0.011339577846229076,imappo,9.872825046386424e-08,-0.9331284761428833,0.00013841280426808939,2871.0,,,,,,,,,,,,,,0.11707235745248412,,,,,0.02985531836748123,1.890133171400521e-05
,imappo,,,,2871.0,0.0,0.0,0.0009450665188523999,0.0,0.0,0.0,0.0,0.0009450665188523999,0.0,0.0,0.0,0.0,0.0,,,,,,,
-0.0046987044624984264,imappo,7.146311986616638e-08,-0.4984035789966583,0.00013811270423474498,2872.0,,,,,,,,,,,,,,0.11693897965988659,,,,,0.015510067343711853,2.69700976787135e-05
,imappo,,,,2872.0,0.0,0.0,0.0013485048918937537,0.0,0.0,0.0,0.0,0.0013485048918937537,0.0,0.0,0.0,0.0,0.0,,,,,,,
-0.013397464528679848,imappo,2.189484433756661e-07,-0.3309572637081146,0.00013781260420140046,2873.0,,,,,,,,,,,,,,0.11680560186728906,,,,,0.02660147100687027,8.75916794029763e-06
,imappo,,,,2873.0,0.0,0.0,0.0004379583872919923,0.0,0.0,0.0,0.0,0.0004379583872919923,0.0,0.0,0.0,0.0,0.0,,,,,,,
0.009064814075827599,imappo,7.882875507903009e-08,-1.1412675380706787,0.00013751250416805605,2874.0,,,,,,,,,,,,,,0.11667222407469158,,,,,0.022188175469636917,3.454381294432096e-05
,imappo,,,,2874.0,0.0,0.0,0.0017271905334155235,0.0,0.0,0.0,0.0,0.0017271905334155235,0.0,0.0,0.0,0.0,0.0,,,,,,,
0.01791463978588581,imappo,3.80891407303352e-08,-0.8541736006736755,0.00013721240413471164,2875.0,,,,,,,,,,,,,,0.11653884628209399,,,,,0.02941322699189186,1.900037023006007e-05
,imappo,,,,2875.0,0.0,0.0,0.0009500184442003956,0.0,0.0,0.0,0.0,0.0009500184442003956,0.0,0.0,0.0,0.0,0.0,,,,,,,
0.0036846071016043425,imappo,2.9453326888528863e-08,-0.32522833347320557,0.00013691230410136713,2876.0,,,,,,,,,,,,,,0.11640546848949646,,,,,0.030270960181951523,2.0534309442155063e-05
,imappo,,,,2876.0,0.0,0.0,0.0010267154566463432,0.0,0.0,0.0,0.0,0.0010267154566463432,0.0,0.0,0.0,0.0,0.0,,,,,,,
-0.006381133105605841,imappo,2.0291770397307118e-07,-0.1075005978345871,0.00013661220406802272,2877.0,,,,,,,,,,,,,,0.11627209069689892,,,,,0.026279933750629425,3.2672312954673544e-05
,imappo,,,,2877.0,0.0,0.0,0.0016336156534748625,0.0,0.0,0.0,0.0,0.0016336156534748625,0.0,0.0,0.0,0.0,0.0,,,,,,,
-0.007183458190411329,imappo,1.0721197440943797e-07,-0.34024935960769653,0.0001363121040346783,2878.0,,,,,,,,,,,,,,0.11613871290430144,,,,,0.03197742998600006,1.9640809114207514e-05
,imappo,,,,2878.0,0.0,0.0,0.000982040497980563,0.0,0.0,0.0,0.0,0.000982040497980563,0.0,0.0,0.0,0.0,0.0,,,,,,,
-0.002707616426050663,imappo,7.65916965406177e-08,-0.3949812054634094,0.0001360120040013338,2879.0,,,,,,,,,,,,,,0.11600533511170386,,,,,0.030681069940328598,2.003459303523414e-05
,imappo,,,,2879.0,0.0,0.0,0.001001729576728394,0.0,0.0,0.0,0.0,0.001001729576728394,0.0,0.0,0.0,0.0,0.0,,,,,,,
0.0038116511423140764,imappo,1.230380917149887e-07,-0.9052859544754028,0.0001357119039679894,2880.0,,,,,,,,,,,,,,0.11587195731910632,,,,,0.029275357723236084,2.0063729607500136e-05
,imappo,,,,2880.0,0.0,0.0,0.0010031864263169155,0.0,0.0,0.0,0.0,0.0010031864263169155,0.0,0.0,0.0,0.0,0.0,,,,,,,
-0.008182935416698456,imappo,8.381439897675591e-08,-0.8172194957733154,0.00013541180393464498,2881.0,,,,,,,,,,,,,,0.11573857952650884,,,,,0.029254170134663582,1.8332731997361407e-05
,imappo,,,,2881.0,0.0,0.0,0.0009166366830868355,0.0,0.0,0.0,0.0,0.0009166366830868355,0.0,0.0,0.0,0.0,0.0,,,,,,,
-0.011342830955982208,imappo,1.517309726750682e-07,-0.13103073835372925,0.00013511170390130046,2882.0,,,,,,,,,,,,,,0.11560520173391131,,,,,0.023408595472574234,2.6943327611661516e-05
,imappo,,,,2882.0,0.0,0.0,0.0013471664404534067,0.0,0.0,0.0,0.0,0.0013471664404534067,0.0,0.0,0.0,0.0,0.0,,,,,,,
-0.004528726451098919,imappo,1.5308778245071153e-07,-0.15378546714782715,0.00013481160386795605,2883.0,,,,,,,,,,,,,,0.11547182394131372,,,,,0.02230537310242653,2.68516487267334e-05
,imappo,,,,2883.0,0.0,0.0,0.0013425824889550242,0.0,0.0,0.0,0.0,0.0013425824889550242,0.0,0.0,0.0,0.0,0.0,,,,,,,
0.005212841089814901,imappo,2.4512442564628145e-07,-0.9180270433425903,0.00013451150383461154,2884.0,,,,,,,,,,,,,,0.11533844614871619,,,,,0.028523599728941917,1.9467199308564886e-05
,imappo,,,,2884.0,0.0,0.0,0.0009733600086292427,0.0,0.0,0.0,0.0,0.0009733600086292427,0.0,0.0,0.0,0.0,0.0,,,,,,,
-0.011555536650121212,imappo,2.282837527900483e-07,-0.6245339512825012,0.00013421140380126713,2885.0,,,,,,,,,,,,,,0.11520506835611871,,,,,0.029748547822237015,2.1124458726262674e-05
,imappo,,,,2885.0,0.0,0.0,0.0010562229528972011,0.0,0.0,0.0,0.0,0.0010562229528972011,0.0,0.0,0.0,0.0,0.0,,,,,,,
-0.0029733257833868265,imappo,6.136885133400938e-08,-1.011624813079834,0.00013391130376792272,2886.0,,,,,,,,,,,,,,0.11507169056352118,,,,,0.030740439891815186,1.796046126401052e-05
,imappo,,,,2886.0,0.0,0.0,0.0008980229919188787,0.0,0.0,0.0,0.0,0.0008980229919188787,0.0,0.0,0.0,0.0,0.0,,,,,,,
0.00116572470869869,imappo,3.961075734082442e-08,-0.5033566951751709,0.0001336112037345782,2887.0,,,,,,,,,,,,,,0.11493831277092359,,,,,0.01848088949918747,2.2217440346139483e-05
,imappo,,,,2887.0,0.0,0.0,0.0011108720536867622,0.0,0.0,0.0,0.0,0.0011108720536867622,0.0,0.0,0.0,0.0,0.0,,,,,,,
-0.0011339341290295124,imappo,5.9082914560804056e-08,-1.0641483068466187,0.0001333111037012338,2888.0,,,,,,,,,,,,,,0.11480493497832606,,,,,0.03205467388033867,2.127130028384272e-05
,imappo,,,,2888.0,0.0,0.0,0.001063565009651768,0.0,0.0,0.0,0.0,0.001063565009651768,0.0,0.0,0.0,0.0,0.0,,,,,,,
-0.005612514913082123,imappo,6.511356076543962e-08,-0.5192259550094604,0.0001330110036678894,2889.0,,,,,,,,,,,,,,0.11467155718572858,,,,,0.02581685781478882,1.8335085769649595e-05
,imappo,,,,2889.0,0.0,0.0,0.0009167542666546069,0.0,0.0,0.0,0.0,0.0009167542666546069,0.0,0.0,0.0,0.0,0.0,,,,,,,
0.0002810726291500032,imappo,4.389779562075091e-08,-0.53241366147995,0.00013271090363454487,2890.0,,,,,,,,,,,,,,0.11453817939313105,,,,,0.015410197898745537,2.494109321560245e-05
,imappo,,,,2890.0,0.0,0.0,0.0012470548161900297,0.0,0.0,0.0,0.0,0.0012470548161900297,0.0,0.0,0.0,0.0,0.0,,,,,,,
-0.0018833266803994775,imappo,3.9620609015855734e-08,-0.6250879168510437,0.00013241080360120046,2891.0,,,,,,,,,,,,,,0.11440480160053346,,,,,0.031077656894922256,1.855672599049285e-05
,imappo,,,,2891.0,0.0,0.0,0.0009278363708062898,0.0,0.0,0.0,0.0,0.0009278363708062898,0.0,0.0,0.0,0.0,0.0,,,,,,,
0.004087178036570549,imappo,2.0325453320424458e-08,-1.0142335891723633,0.00013211070356785595,2892.0,,,,,,,,,,,,,,0.11427142380793592,,,,,0.028655337169766426,1.9621613319031894e-05
,imappo,,,,2892.0,0.0,0.0,0.0009810807737267169,0.0,0.0,0.0,0.0,0.0009810807737267169,0.0,0.0,0.0,0.0,0.0,,,,,,,
0.024181028828024864,imappo,5.029665928191207e-08,-1.2778135538101196,0.00013181060353451154,2893.0,,,,,,,,,,,,,,0.11413804601533845,,,,,0.022489111870527267,2.7450898414826952e-05
,imappo,,,,2893.0,0.0,0.0,0.0013725449261414724,0.0,0.0,0.0,0.0,0.0013725449261414724,0.0,0.0,0.0,0.0,0.0,,,,,,,
-0.007969552651047707,imappo,4.5712589269442105e-08,-0.8174090385437012,0.00013151050350116713,2894.0,,,,,,,,,,,,,,0.11400466822274091,,,,,0.032417409121990204,2.215476706624031e-05
,imappo,,,,2894.0,0.0,0.0,0.0011077383603605995,0.0,0.0,0.0,0.0,0.0011077383603605995,0.0,0.0,0.0,0.0,0.0,,,,,,,
0.010237333364784718,imappo,3.4146196981055255e-08,-1.1080645322799683,0.00013121040346782261,2895.0,,,,,,,,,,,,,,0.11387129043014332,,,,,0.030110249295830727,1.7189426216646098e-05
,imappo,,,,2895.0,0.0,0.0,0.000859471408148238,0.0,0.0,0.0,0.0,0.000859471408148238,0.0,0.0,0.0,0.0,0.0,,,,,,,
0.025115733966231346,imappo,2.8031619692114873e-08,-0.3029201626777649,0.0001309103034344782,2896.0,,,,,,,,,,,,,,0.11373791263754585,,,,,0.020190685987472534,2.817919448716566e-05
,imappo,,,,2896.0,0.0,0.0,0.0014089597916893126,0.0,0.0,0.0,0.0,0.0014089597916893126,0.0,0.0,0.0,0.0,0.0,,,,,,,
-0.002433082787320018,imappo,5.6005841742035045e-08,-0.383638471364975,0.0001306102034011338,2897.0,,,,,,,,,,,,,,0.11360453484494831,,,,,0.03035864606499672,1.0739846402429976e-05
,imappo,,,,2897.0,0.0,0.0,0.0005369922891986789,0.0,0.0,0.0,0.0,0.0005369922891986789,0.0,0.0,0.0,0.0,0.0,,,,,,,
-0.005802985746413469,imappo,1.5093094773988014e-08,-0.27789002656936646,0.00013031010336778928,2898.0,,,,,,,,,,,,,,0.11347115705235078,,,,,0.019261261448264122,2.7445576051832177e-05
,imappo,,,,2898.0,0.0,0.0,0.001372278805270355,0.0,0.0,0.0,0.0,0.001372278805270355,0.0,0.0,0.0,0.0,0.0,,,,,,,
-0.005780308973044157,imappo,1.2981038466364225e-08,-1.200850248336792,0.00013001000333444487,2899.0,,,,,,,,,,,,,,0.11333777925975319,,,,,0.03188737854361534,1.8423665096634068e-05
,imappo,,,,2899.0,0.0,0.0,0.0009211832391713415,0.0,0.0,0.0,0.0,0.0009211832391713415,0.0,0.0,0.0,0.0,0.0,,,,,,,
,imappo,,,,2899.0,,,,,,,,,,,,,,,0.0,0.0,0.0,0.0,,
0.008047332987189293,imappo,2.949331978641112e-08,-0.5157003402709961,0.00012970990330110046,2900.0,,,,,,,,,,,,,,0.11320440146715571,,,,,0.02727261744439602,2.0221310478518717e-05
,imappo,,,,2900.0,0.0,0.0,0.00101106552000374,0.0,0.0,0.0,0.0,0.00101106552000374,0.0,0.0,0.0,0.0,0.0,,,,,,,
-0.002708252752199769,imappo,3.2021144846794414e-08,-1.4583182334899902,0.00012940980326775595,2901.0,,,,,,,,,,,,,,0.11307102367455818,,,,,0.022853590548038483,2.606418274808675e-05
,imappo,,,,2901.0,0.0,0.0,0.0013032090927254103,0.0,0.0,0.0,0.0,0.0013032090927254103,0.0,0.0,0.0,0.0,0.0,,,,,,,
0.041304200887680054,imappo,3.8363722865142336e-08,-1.1937148571014404,0.00012910970323441154,2902.0,,,,,,,,,,,,,,0.11293764588196065,,,,,0.029653452336788177,1.927868834172841e-05
,imappo,,,,2902.0,0.0,0.0,0.0009639345109349051,0.0,0.0,0.0,0.0,0.0009639345109349051,0.0,0.0,0.0,0.0,0.0,,,,,,,
0.0231675673276186,imappo,5.9068167246323355e-08,-0.9909928441047668,0.00012880960320106702,2903.0,,,,,,,,,,,,,,0.11280426808936306,,,,,0.024639949202537537,2.343630876566749e-05
,imappo,,,,2903.0,0.0,0.0,0.0011718153951392196,0.0,0.0,0.0,0.0,0.0011718153951392196,0.0,0.0,0.0,0.0,0.0,,,,,,,
-0.0004995873314328492,imappo,2.0007998102755664e-07,-0.41757071018218994,0.00012850950316772262,2904.0,,,,,,,,,,,,,,0.11267089029676558,,,,,0.025991884991526604,1.6878460883162916e-05
,imappo,,,,2904.0,0.0,0.0,0.0008439230382464302,0.0,0.0,0.0,0.0,0.0008439230382464302,0.0,0.0,0.0,0.0,0.0,,,,,,,
0.0014427981805056334,imappo,7.439476235049369e-08,-1.0709338188171387,0.0001282094031343782,2905.0,,,,,,,,,,,,,,0.11253751250416805,,,,,0.029035333544015884,1.62231590365991e-05
,imappo,,,,2905.0,0.0,0.0,0.0008111580003173913,0.0,0.0,0.0,0.0,0.0008111580003173913,0.0,0.0,0.0,0.0,0.0,,,,,,,
-0.0007887700921855867,imappo,6.234182592379511e-08,-0.6677689552307129,0.0001279093031010337,2906.0,,,,,,,,,,,,,,0.11240413471157051,,,,,0.030931657180190086,2.057200254057534e-05
,imappo,,,,2906.0,0.0,0.0,0.0010286001701160785,0.0,0.0,0.0,0.0,0.0010286001701160785,0.0,0.0,0.0,0.0,0.0,,,,,,,
-0.0041717179119586945,imappo,8.101064707943806e-08,-0.5293052792549133,0.00012760920306768917,2907.0,,,,,,,,,,,,,,0.11227075691897292,,,,,0.02552424743771553,1.8758712030830793e-05
,imappo,,,,2907.0,0.0,0.0,0.0009379355972498615,0.0,0.0,0.0,0.0,0.0009379355972498615,0.0,0.0,0.0,0.0,0.0,,,,,,,
-0.00719289667904377,imappo,7.143311364643523e-08,-1.0903514623641968,0.00012730910303434487,2908.0,,,,,,,,,,,,,,0.11213737912637545,,,,,0.028457893058657646,1.8190981791121885e-05
,imappo,,,,2908.0,0.0,0.0,0.0009095490913750837,0.0,0.0,0.0,0.0,0.0009095490913750837,0.0,0.0,0.0,0.0,0.0,,,,,,,
-0.007113050669431686,imappo,2.334388149449751e-08,-0.28022512793540955,0.00012700900300100036,2909.0,,,,,,,,,,,,,,0.11200400133377791,,,,,0.02796240523457527,3.07459085888695e-05
,imappo,,,,2909.0,0.0,0.0,0.0015372953905625764,0.0,0.0,0.0,0.0,0.0015372953905625764,0.0,0.0,0.0,0.0,0.0,,,,,,,
-0.004673023242503405,imappo,2.269632375373476e-07,-1.2052441835403442,0.00012670890296765595,2910.0,,,,,,,,,,,,,,0.11187062354118038,,,,,0.03031856194138527,1.7985794329433702e-05
,imappo,,,,2910.0,0.0,0.0,0.0008992896508175363,0.0,0.0,0.0,0.0,0.0008992896508175363,0.0,0.0,0.0,0.0,0.0,,,,,,,
0.003405239898711443,imappo,3.264844394834654e-07,-0.3261382579803467,0.00012640880293431154,2911.0,,,,,,,,,,,,,,0.11173724574858285,,,,,0.03273236006498337,1.711698860162869e-05
,imappo,,,,2911.0,0.0,0.0,0.0008558493916694943,0.0,0.0,0.0,0.0,0.0008558493916694943,0.0,0.0,0.0,0.0,0.0,,,,,,,
-0.0037009294610470533,imappo,3.0359814218172687e-07,-0.6485881805419922,0.00012610870290096702,2912.0,,,,,,,,,,,,,,0.11160386795598531,,,,,0.028226537629961967,2.321453212061897e-05
,imappo,,,,2912.0,0.0,0.0,0.0011607266295641239,0.0,0.0,0.0,0.0,0.0011607266295641239,0.0,0.0,0.0,0.0,0.0,,,,,,,
-0.0063128238543868065,imappo,6.536722025884956e-07,-0.6613574624061584,0.00012580860286762262,2913.0,,,,,,,,,,,,,,0.11147049016338778,,,,,0.02964223362505436,1.7299880710197613e-05
,imappo,,,,2913.0,0.0,0.0,0.0008649939388618577,0.0,0.0,0.0,0.0,0.0008649939388618577,0.0,0.0,0.0,0.0,0.0,,,,,,,
-0.00928322784602642,imappo,5.64523588764132e-07,-0.494438111782074,0.0001255085028342781,2914.0,,,,,,,,,,,,,,0.11133711237079025,,,,,0.024760499596595764,1.9360697478987277e-05
,imappo,,,,2914.0,0.0,0.0,0.0009680348964593577,0.0,0.0,0.0,0.0,0.0009680348964593577,0.0,0.0,0.0,0.0,0.0,,,,,,,
-0.009087437763810158,imappo,1.977194727942333e-07,-0.16762429475784302,0.0001252084028009337,2915.0,,,,,,,,,,,,,,0.11120373457819271,,,,,0.018707148730754852,2.914523247454781e-05
,imappo,,,,2915.0,0.0,0.0,0.0014572615772436848,0.0,0.0,0.0,0.0,0.0014572615772436848,0.0,0.0,0.0,0.0,0.0,,,,,,,
0.01447028387337923,imappo,7.540619861856612e-08,-0.21695540845394135,0.00012490830276758928,2916.0,,,,,,,,,,,,,,0.11107035678559518,,,,,0.017416376620531082,2.892051634262316e-05
,imappo,,,,2916.0,0.0,0.0,0.0014460259262563113,0.0,0.0,0.0,0.0,0.0014460259262563113,0.0,0.0,0.0,0.0,0.0,,,,,,,
-0.007970839738845825,imappo,1.7396170903793973e-07,-1.3119723796844482,0.00012460820273424477,2917.0,,,,,,,,,,,,,,0.11093697899299765,,,,,0.02269567921757698,2.6647705453797244e-05
,imappo,,,,2917.0,0.0,0.0,0.0013323852017848026,0.0,0.0,0.0,0.0,0.0013323852017848026,0.0,0.0,0.0,0.0,0.0,,,,,,,
0.02128312736749649,imappo,1.109523779518895e-07,-0.997252881526947,0.00012430810270090025,2918.0,,,,,,,,,,,,,,0.11080360120040011,,,,,0.02833111211657524,1.609659375390038e-05
,imappo,,,,2918.0,0.0,0.0,0.0008048296532479071,0.0,0.0,0.0,0.0,0.0008048296532479071,0.0,0.0,0.0,0.0,0.0,,,,,,,
0.012922924943268299,imappo,5.309517447926737e-08,-0.8408614993095398,0.00012400800266755595,2919.0,,,,,,,,,,,,,,0.11067022340780258,,,,,0.02412308007478714,2.2653181076748297e-05
,imappo,,,,2919.0,0.0,0.0,0.0011326589720566105,0.0,0.0,0.0,0.0,0.0011326589720566105,0.0,0.0,0.0,0.0,0.0,,,,,,,
-0.004613433498889208,imappo,7.316198491480463e-08,-0.7692694067955017,0.00012370790263421143,2920.0,,,,,,,,,,,,,,0.11053684561520505,,,,,0.027984149754047394,1.8327909856452607e-05
,imappo,,,,2920.0,0.0,0.0,0.0009163954423456744,0.0,0.0,0.0,0.0,0.0009163954423456744,0.0,0.0,0.0,0.0,0.0,,,,,,,
0.013382813893258572,imappo,1.4553992855326214e-07,-0.6981775164604187,0.00012340780260086703,2921.0,,,,,,,,,,,,,,0.11040346782260752,,,,,0.027028173208236694,1.870026608230546e-05
,imappo,,,,2921.0,0.0,0.0,0.000935013320258804,0.0,0.0,0.0,0.0,0.000935013320258804,0.0,0.0,0.0,0.0,0.0,,,,,,,
-0.00363485561683774,imappo,2.2761307150176435e-07,-0.5619385838508606,0.0001231077025675225,2922.0,,,,,,,,,,,,,,0.11027009003000998,,,,,0.0329480804502964,1.8985345377586782e-05
,imappo,,,,2922.0,0.0,0.0,0.0009492672140396508,0.0,0.0,0.0,0.0,0.0009492672140396508,0.0,0.0,0.0,0.0,0.0,,,,,,,
0.005862872116267681,imappo,4.149219705595897e-07,-0.9687219262123108,0.0001228076025341781,2923.0,,,,,,,,,,,,,,0.11013671223741245,,,,,0.029789842665195465,1.9906645320588723e-05
,imappo,,,,2923.0,0.0,0.0,0.0009953321322715425,0.0,0.0,0.0,0.0,0.0009953321322715425,0.0,0.0,0.0,0.0,0.0,,,,,,,
0.002892527263611555,imappo,1.0831546433109907e-06,-0.49515247344970703,0.0001225075025008337,2924.0,,,,,,,,,,,,,,0.11000333444481492,,,,,0.030875440686941147,2.133551060978789e-05
,imappo,,,,2924.0,0.0,0.0,0.0010667755749977914,0.0,0.0,0.0,0.0,0.0010667755749977914,0.0,0.0,0.0,0.0,0.0,,,,,,,
0.007484030909836292,imappo,1.224606421601493e-06,-0.23069514334201813,0.00012220740246748918,2925.0,,,,,,,,,,,,,,0.10986995665221738,,,,,0.031300194561481476,1.6201256585191004e-05
,imappo,,,,2925.0,0.0,0.0,0.000810062854711191,0.0,0.0,0.0,0.0,0.000810062854711191,0.0,0.0,0.0,0.0,0.0,,,,,,,
0.0010790638625621796,imappo,1.1049347676816978e-06,-0.46127015352249146,0.00012190730243414477,2926.0,,,,,,,,,,,,,,0.10973657885961985,,,,,0.02502566948533058,2.102689177263528e-05
,imappo,,,,2926.0,0.0,0.0,0.0010513446088680212,0.0,0.0,0.0,0.0,0.0010513446088680212,0.0,0.0,0.0,0.0,0.0,,,,,,,
-0.004711761139333248,imappo,1.652312789701682e-06,-0.5873432159423828,0.00012160720240080036,2927.0,,,,,,,,,,,,,,0.10960320106702232,,,,,0.028510967269539833,2.0162717191851698e-05
,imappo,,,,2927.0,0.0,0.0,0.0010081358456091039,0.0,0.0,0.0,0.0,0.0010081358456091039,0.0,0.0,0.0,0.0,0.0,,,,,,,
-0.002068306552246213,imappo,2.0090656107640825e-06,-0.17993992567062378,0.00012130710236745584,2928.0,,,,,,,,,,,,,,0.10946982327442478,,,,,0.02964675799012184,1.783113111741841e-05
,imappo,,,,2928.0,0.0,0.0,0.0008915566608607151,0.0,0.0,0.0,0.0,0.0008915566608607151,0.0,0.0,0.0,0.0,0.0,,,,,,,
0.007874079048633575,imappo,2.0947661596437683e-06,-0.8467377424240112,0.00012100700233411133,2929.0,,,,,,,,,,,,,,0.10933644548182725,,,,,0.029428988695144653,1.4727932466485072e-05
,imappo,,,,2929.0,0.0,0.0,0.0007363966197004856,0.0,0.0,0.0,0.0,0.0007363966197004856,0.0,0.0,0.0,0.0,0.0,,,,,,,
-0.0004685799067374319,imappo,1.5560077599729993e-06,-0.8860949873924255,0.00012070690230076703,2930.0,,,,,,,,,,,,,,0.10920306768922972,,,,,0.031179238110780716,1.8245025785290636e-05
,imappo,,,,2930.0,0.0,0.0,0.0009122513070565219,0.0,0.0,0.0,0.0,0.0009122513070565219,0.0,0.0,0.0,0.0,0.0,,,,,,,
-0.004487243946641684,imappo,8.243291631515604e-07,-0.4261155128479004,0.00012040680226742251,2931.0,,,,,,,,,,,,,,0.10906968989663218,,,,,0.035431042313575745,1.4068179552850779e-05
,imappo,,,,2931.0,0.0,0.0,0.0007034090147897132,0.0,0.0,0.0,0.0,0.0007034090147897132,0.0,0.0,0.0,0.0,0.0,,,,,,,
-0.008733922615647316,imappo,4.283319015030429e-07,-0.08425099402666092,0.0001201067022340781,2932.0,,,,,,,,,,,,,,0.10893631210403465,,,,,0.016783660277724266,2.6908268409897573e-05
,imappo,,,,2932.0,0.0,0.0,0.0013454133226105114,0.0,0.0,0.0,0.0,0.0013454133226105114,0.0,0.0,0.0,0.0,0.0,,,,,,,
-0.007942680269479752,imappo,5.688350483978866e-07,-0.20892173051834106,0.00011980660220073359,2933.0,,,,,,,,,,,,,,0.10880293431143712,,,,,0.02874663472175598,1.8356682630837895e-05
,imappo,,,,2933.0,0.0,0.0,0.0009178341126698797,0.0,0.0,0.0,0.0,0.0009178341126698797,0.0,0.0,0.0,0.0,0.0,,,,,,,
-0.0008047543815337121,imappo,3.7763609839203127e-07,-0.3867734670639038,0.00011950650216738918,2934.0,,,,,,,,,,,,,,0.10866955651883958,,,,,0.0264209546148777,1.705419890640769e-05
,imappo,,,,2934.0,0.0,0.0,0.0008527100349056127,0.0,0.0,0.0,0.0,0.0008527100349056127,0.0,0.0,0.0,0.0,0.0,,,,,,,
-0.004485550336539745,imappo,2.5740078513081244e-07,-0.41643068194389343,0.00011920640213404477,2935.0,,,,,,,,,,,,,,0.10853617872624205,,,,,0.025112858042120934,2.0800423953915015e-05
,imappo,,,,2935.0,0.0,0.0,0.0010400211335763743,0.0,0.0,0.0,0.0,0.0010400211335763743,0.0,0.0,0.0,0.0,0.0,,,,,,,
-0.006778275594115257,imappo,1.7392481765909906e-07,-0.5734525918960571,0.00011890630210070025,2936.0,,,,,,,,,,,,,,0.10840280093364452,,,,,0.026512153446674347,1.897331458167173e-05
,imappo,,,,2936.0,0.0,0.0,0.0009486657711121893,0.0,0.0,0.0,0.0,0.0009486657711121893,0.0,0.0,0.0,0.0,0.0,,,,,,,
0.0037662917748093605,imappo,2.6364199712247682e-08,-0.20039869844913483,0.00011860620206735574,2937.0,,,,,,,,,,,,,,0.10826942314104698,,,,,0.032027170062065125,1.3096108887111768e-05
,imappo,,,,2937.0,0.0,0.0,0.0006548054313384455,0.0,0.0,0.0,0.0,0.0006548054313384455,0.0,0.0,0.0,0.0,0.0,,,,,,,
0.028732962906360626,imappo,6.437545607695938e-08,-0.7988695502281189,0.00011830610203401144,2938.0,,,,,,,,,,,,,,0.10813604534844945,,,,,0.030753210186958313,1.7453179680160247e-05
,imappo,,,,2938.0,0.0,0.0,0.0008726589270509066,0.0,0.0,0.0,0.0,0.0008726589270509066,0.0,0.0,0.0,0.0,0.0,,,,,,,
0.08959852904081345,imappo,2.02544825356199e-08,-0.9916310906410217,0.00011800600200066692,2939.0,,,,,,,,,,,,,,0.10800266755585192,,,,,0.022804588079452515,2.329343988094479e-05
,imappo,,,,2939.0,0.0,0.0,0.0011646720367934904,0.0,0.0,0.0,0.0,0.0011646720367934904,0.0,0.0,0.0,0.0,0.0,,,,,,,
0.006837055087089539,imappo,2.323216286015395e-08,-0.850162923336029,0.0001177059019673224,2940.0,,,,,,,,,,,,,,0.10786928976325438,,,,,0.030086379498243332,1.7051639588316903e-05
,imappo,,,,2940.0,0.0,0.0,0.0008525820535396633,0.0,0.0,0.0,0.0,0.0008525820535396633,0.0,0.0,0.0,0.0,0.0,,,,,,,
-0.005665780510753393,imappo,2.461835713063465e-08,-0.6357182264328003,0.0001174058019339781,2941.0,,,,,,,,,,,,,,0.1077359119706569,,,,,0.02515820413827896,1.8542732505011372e-05
,imappo,,,,2941.0,0.0,0.0,0.0009271366067622466,0.0,0.0,0.0,0.0,0.0009271366067622466,0.0,0.0,0.0,0.0,0.0,,,,,,,
-0.008257378824055195,imappo,1.4418445992703255e-08,-0.36042335629463196,0.00011710570190063359,2942.0,,,,,,,,,,,,,,0.10760253417805932,,,,,0.02921420894563198,1.9722519937204197e-05
,imappo,,,,2942.0,0.0,0.0,0.0009861260573416075,0.0,0.0,0.0,0.0,0.0009861260573416075,0.0,0.0,0.0,0.0,0.0,,,,,,,
-0.006849953904747963,imappo,6.161998467035801e-09,-0.23812952637672424,0.00011680560186728918,2943.0,,,,,,,,,,,,,,0.10746915638546178,,,,,0.0248732827603817,2.112481524818577e-05
,imappo,,,,2943.0,0.0,0.0,0.0010562407310032995,0.0,0.0,0.0,0.0,0.0010562407310032995,0.0,0.0,0.0,0.0,0.0,,,,,,,
0.002440462354570627,imappo,1.7530533469312104e-08,-0.9349137544631958,0.00011650550183394466,2944.0,,,,,,,,,,,,,,0.10733577859286425,,,,,0.026430919766426086,2.1704121536458842e-05
,imappo,,,,2944.0,0.0,0.0,0.0010852060006527608,0.0,0.0,0.0,0.0,0.0010852060006527608,0.0,0.0,0.0,0.0,0.0,,,,,,,
0.002514674561098218,imappo,1.970520813188159e-08,-0.8346810936927795,0.00011620540180060025,2945.0,,,,,,,,,,,,,,0.10720240080026677,,,,,0.028815733268857002,1.4759261830477044e-05
,imappo,,,,2945.0,0.0,0.0,0.0007379631054789115,0.0,0.0,0.0,0.0,0.0007379631054789115,0.0,0.0,0.0,0.0,0.0,,,,,,,
-0.003038591705262661,imappo,1.2334407273328907e-08,-0.4531237781047821,0.00011590530176725585,2946.0,,,,,,,,,,,,,,0.10706902300766918,,,,,0.024355420842766762,2.040906110778451e-05
,imappo,,,,2946.0,0.0,0.0,0.0010204530866531059,0.0,0.0,0.0,0.0,0.0010204530866531059,0.0,0.0,0.0,0.0,0.0,,,,,,,
-0.0014429629081860185,imappo,3.5167758483112266e-08,-0.5216408371925354,0.00011560520173391133,2947.0,,,,,,,,,,,,,,0.10693564521507165,,,,,0.026101958006620407,2.045410656137392e-05
,imappo,,,,2947.0,0.0,0.0,0.0010227054114579914,0.0,0.0,0.0,0.0,0.0010227054114579914,0.0,0.0,0.0,0.0,0.0,,,,,,,
0.0029811111744493246,imappo,3.6325573660178634e-08,-0.47179144620895386,0.00011530510170056681,2948.0,,,,,,,,,,,,,,0.10680226742247412,,,,,0.025044798851013184,1.760893064783886e-05
,imappo,,,,2948.0,0.0,0.0,0.0008804465130651806,0.0,0.0,0.0,0.0,0.0008804465130651806,0.0,0.0,0.0,0.0,0.0,,,,,,,
-0.0007783659966662526,imappo,1.3834737799811592e-08,-0.3476816415786743,0.00011500500166722251,2949.0,,,,,,,,,,,,,,0.10666888962987664,,,,,0.029616165906190872,1.6024690921767615e-05
,imappo,,,,2949.0,0.0,0.0,0.0008012344468308896,0.0,0.0,0.0,0.0,0.0008012344468308896,0.0,0.0,0.0,0.0,0.0,,,,,,,
0.017309164628386497,imappo,3.177732921244569e-08,-0.8977517485618591,0.000114704901633878,2950.0,,,,,,,,,,,,,,0.10653551183727905,,,,,0.027815207839012146,1.5599052858306095e-05
,imappo,,,,2950.0,0.0,0.0,0.0007799527227518865,0.0,0.0,0.0,0.0,0.0007799527227518865,0.0,0.0,0.0,0.0,0.0,,,,,,,
0.004625450354069471,imappo,1.5227373140191958e-08,-0.5597259402275085,0.00011440480160053359,2951.0,,,,,,,,,,,,,,0.10640213404468152,,,,,0.033729080110788345,1.9076074750046246e-05
,imappo,,,,2951.0,0.0,0.0,0.0009538038367509216,0.0,0.0,0.0,0.0,0.0009538038367509216,0.0,0.0,0.0,0.0,0.0,,,,,,,
-0.0038984231650829315,imappo,1.0017750184942997e-08,-0.9461432695388794,0.00011410470156718907,2952.0,,,,,,,,,,,,,,0.10626875625208398,,,,,0.029516752809286118,1.7145010133390315e-05
,imappo,,,,2952.0,0.0,0.0,0.0008572505325226132,0.0,0.0,0.0,0.0,0.0008572505325226132,0.0,0.0,0.0,0.0,0.0,,,,,,,
0.00174036156386137,imappo,4.912688211788918e-08,-0.466194212436676,0.00011380460153384466,2953.0,,,,,,,,,,,,,,0.1061353784594865,,,,,0.026502273976802826,1.4760956219106447e-05
,imappo,,,,2953.0,0.0,0.0,0.0007380478351137754,0.0,0.0,0.0,0.0,0.0007380478351137754,0.0,0.0,0.0,0.0,0.0,,,,,,,
0.007562660612165928,imappo,8.452111899259762e-09,-0.9956616163253784,0.00011350450150050026,2954.0,,,,,,,,,,,,,,0.10600200066688892,,,,,0.029287394136190414,1.6169255104614422e-05
,imappo,,,,2954.0,0.0,0.0,0.0008084627783198073,0.0,0.0,0.0,0.0,0.0008084627783198073,0.0,0.0,0.0,0.0,0.0,,,,,,,
0.010293679311871529,imappo,1.5094919092462078e-08,-1.0103249549865723,0.00011320440146715574,2955.0,,,,,,,,,,,,,,0.10586862287429138,,,,,0.029404189437627792,1.852380228228867e-05
,imappo,,,,2955.0,0.0,0.0,0.0009261901280979146,0.0,0.0,0.0,0.0,0.0009261901280979146,0.0,0.0,0.0,0.0,0.0,,,,,,,
0.00763078685849905,imappo,1.032799445965793e-08,-0.24636420607566833,0.00011290430143381133,2956.0,,,,,,,,,,,,,,0.10573524508169391,,,,,0.028473276644945145,2.6410951249999925e-05
,imappo,,,,2956.0,0.0,0.0,0.0013205474464825784,0.0,0.0,0.0,0.0,0.0013205474464825784,0.0,0.0,0.0,0.0,0.0,,,,,,,
0.024247847497463226,imappo,1.3804005050133128e-08,-1.0087326765060425,0.00011260420140046692,2957.0,,,,,,,,,,,,,,0.10560186728909637,,,,,0.028830723837018013,1.7215104890055954e-05
,imappo,,,,2957.0,0.0,0.0,0.0008607551877730657,0.0,0.0,0.0,0.0,0.0008607551877730657,0.0,0.0,0.0,0.0,0.0,,,,,,,
0.0013371480163186789,imappo,4.256095920140979e-08,-0.46213993430137634,0.0001123041013671224,2958.0,,,,,,,,,,,,,,0.10546848949649879,,,,,0.029163282364606857,1.5748111763969064e-05
,imappo,,,,2958.0,0.0,0.0,0.0007874055961991644,0.0,0.0,0.0,0.0,0.0007874055961991644,0.0,0.0,0.0,0.0,0.0,,,,,,,
0.006407483480870724,imappo,5.5699942436149286e-08,-0.4981227517127991,0.00011200400133377789,2959.0,,,,,,,,,,,,,,0.10533511170390125,,,,,0.02158103510737419,2.0763518477906473e-05
,imappo,,,,2959.0,0.0,0.0,0.001038175843746103,0.0,0.0,0.0,0.0,0.001038175843746103,0.0,0.0,0.0,0.0,0.0,,,,,,,
-0.007468389347195625,imappo,1.988108522255061e-08,-0.7964254021644592,0.00011170390130043359,2960.0,,,,,,,,,,,,,,0.10520173391130377,,,,,0.026269691064953804,2.008324008784257e-05
,imappo,,,,2960.0,0.0,0.0,0.0010041619660796641,0.0,0.0,0.0,0.0,0.0010041619660796641,0.0,0.0,0.0,0.0,0.0,,,,,,,
0.010957021266222,imappo,1.4719482521741156e-08,-0.6833565831184387,0.00011140380126708907,2961.0,,,,,,,,,,,,,,0.10506835611870624,,,,,0.02741837128996849,1.892093314381782e-05
,imappo,,,,2961.0,0.0,0.0,0.0009460466939970047,0.0,0.0,0.0,0.0,0.0009460466939970047,0.0,0.0,0.0,0.0,0.0,,,,,,,
-0.003987413831055164,imappo,1.1117658793580176e-08,-0.5456055402755737,0.00011110370123374467,2962.0,,,,,,,,,,,,,,0.10493497832610865,,,,,0.023589689284563065,1.8780710888677277e-05
,imappo,,,,2962.0,0.0,0.0,0.0009390355731113686,0.0,0.0,0.0,0.0,0.0009390355731113686,0.0,0.0,0.0,0.0,0.0,,,,,,,
0.002516781212761998,imappo,1.1648949360676397e-08,-1.2601314783096313,0.00011080360120040015,2963.0,,,,,,,,,,,,,,0.10480160053351112,,,,,0.02771570533514023,1.7452453903388232e-05
,imappo,,,,2963.0,0.0,0.0,0.0008726227099487005,0.0,0.0,0.0,0.0,0.0008726227099487005,0.0,0.0,0.0,0.0,0.0,,,,,,,
0.11856656521558762,imappo,1.255962729374005e-07,-1.3884875774383545,0.00011050350116705574,2964.0,,,,,,,,,,,,,,0.10466822274091364,,,,,0.025624657049775124,2.3371027054963633e-05
,imappo,,,,2964.0,0.0,0.0,0.001168551436649068,0.0,0.0,0.0,0.0,0.001168551436649068,0.0,0.0,0.0,0.0,0.0,,,,,,,
0.013640474528074265,imappo,2.2751306971713348e-07,-1.302659273147583,0.00011020340113371133,2965.0,,,,,,,,,,,,,,0.10453484494831611,,,,,0.02928262948989868,1.4792129150009714e-05
,imappo,,,,2965.0,0.0,0.0,0.0007396064412432679,0.0,0.0,0.0,0.0,0.0007396064412432679,0.0,0.0,0.0,0.0,0.0,,,,,,,
0.3341795802116394,imappo,3.6692949834105093e-07,-1.2790496349334717,0.00010990330110036682,2966.0,,,,,,,,,,,,,,0.10440146715571852,,,,,0.028065670281648636,1.584242272656411e-05
,imappo,,,,2966.0,0.0,0.0,0.0007921211604298151,0.0,0.0,0.0,0.0,0.0007921211604298151,0.0,0.0,0.0,0.0,0.0,,,,,,,
0.026439862325787544,imappo,2.5923850444087293e-07,-1.2527871131896973,0.0001096032010670223,2967.0,,,,,,,,,,,,,,0.10426808936312099,,,,,0.029949042946100235,1.741747291816864e-05
,imappo,,,,2967.0,0.0,0.0,0.0008708736071412204,0.0,0.0,0.0,0.0,0.0008708736071412204,0.0,0.0,0.0,0.0,0.0,,,,,,,
3.5033262975048274e-05,imappo,2.2881364714066876e-07,-0.7518009543418884,0.000109303101033678,2968.0,,,,,,,,,,,,,,0.10413471157052351,,,,,0.02813558280467987,1.5256673577823676e-05
,imappo,,,,2968.0,0.0,0.0,0.0007628337022183018,0.0,0.0,0.0,0.0,0.0007628337022183018,0.0,0.0,0.0,0.0,0.0,,,,,,,
-0.001603408483788371,imappo,6.064860644983128e-05,-1.0235326290130615,0.00010900300100033348,2969.0,,,,,,,,,,,,,,0.10400133377792597,,,,,0.025850579142570496,0.006687292829155922
,imappo,,,,2969.0,0.0,0.0,0.33436461699712794,0.0,0.0,0.0,0.3333333432674408,0.0010312711103424022,0.0,0.0,0.0,0.0,0.0,,,,,,,
0.05663158744573593,imappo,1.3930449313193094e-05,-1.5422110557556152,0.00010870290096698897,2970.0,,,,,,,,,,,,,,0.10386795598532839,,,,,0.03308631479740143,1.674993836786598e-05
,imappo,,,,2970.0,0.0,0.0,0.0008374969670512655,0.0,0.0,0.0,0.0,0.0008374969670512655,0.0,0.0,0.0,0.0,0.0,,,,,,,
0.006406438536942005,imappo,8.497544854435546e-07,-0.4532450735569,0.00010840280093364467,2971.0,,,,,,,,,,,,,,0.10373457819273091,,,,,0.018327932804822922,2.6194467864115722e-05
,imappo,,,,2971.0,0.0,0.0,0.0013097233664325358,0.0,0.0,0.0,0.0,0.0013097233664325358,0.0,0.0,0.0,0.0,0.0,,,,,,,
-0.003870077198371291,imappo,2.322139209809393e-07,-0.9330413937568665,0.00010810270090030015,2972.0,,,,,,,,,,,,,,0.10360120040013338,,,,,0.028245674446225166,1.8695815015234984e-05
,imappo,,,,2972.0,0.0,0.0,0.0009347907002847933,0.0,0.0,0.0,0.0,0.0009347907002847933,0.0,0.0,0.0,0.0,0.0,,,,,,,
0.04538872092962265,imappo,1.3253971076210291e-07,-0.9579722881317139,0.00010780260086695574,2973.0,,,,,,,,,,,,,,0.10346782260753584,,,,,0.03245938569307327,1.809321838663891e-05
,imappo,,,,2973.0,0.0,0.0,0.000904661011816188,0.0,0.0,0.0,0.0,0.000904661011816188,0.0,0.0,0.0,0.0,0.0,,,,,,,
0.006648467853665352,imappo,9.892776375863832e-08,-0.6007740497589111,0.00010750250083361123,2974.0,,,,,,,,,,,,,,0.10333444481493825,,,,,0.021756788715720177,2.119251985277515e-05
,imappo,,,,2974.0,0.0,0.0,0.0010596260358397558,0.0,0.0,0.0,0.0,0.0010596260358397558,0.0,0.0,0.0,0.0,0.0,,,,,,,
-0.0014828175771981478,imappo,1.1273860422988946e-07,-0.96445232629776,0.00010720240080026682,2975.0,,,,,,,,,,,,,,0.10320106702234078,,,,,0.03181044012308121,1.5954365153447725e-05
,imappo,,,,2975.0,0.0,0.0,0.0007977182917784376,0.0,0.0,0.0,0.0,0.0007977182917784376,0.0,0.0,0.0,0.0,0.0,,,,,,,
-0.003241300117224455,imappo,3.2806791949724357e-08,-0.4943622350692749,0.00010690230076692241,2976.0,,,,,,,,,,,,,,0.10306768922974324,,,,,0.02656710147857666,2.4947456040536053e-05
,imappo,,,,2976.0,0.0,0.0,0.0012473728086916935,0.0,0.0,0.0,0.0,0.0012473728086916935,0.0,0.0,0.0,0.0,0.0,,,,,,,
-0.013537216931581497,imappo,1.136096372533757e-07,-0.7166910767555237,0.00010660220073357789,2977.0,,,,,,,,,,,,,,0.10293431143714571,,,,,0.018902810290455818,2.044189204752911e-05
,imappo,,,,2977.0,0.0,0.0,0.0010220946111019202,0.0,0.0,0.0,0.0,0.0010220946111019202,0.0,0.0,0.0,0.0,0.0,,,,,,,
0.005283749662339687,imappo,3.666874590635416e-07,-0.8299683332443237,0.00010630210070023338,2978.0,,,,,,,,,,,,,,0.10280093364454812,,,,,0.030391626060009003,1.6280586351058446e-05
,imappo,,,,2978.0,0.0,0.0,0.0008140292426901397,0.0,0.0,0.0,0.0,0.0008140292426901397,0.0,0.0,0.0,0.0,0.0,,,,,,,
0.0069167278707027435,imappo,7.364154441802384e-08,-1.0084025859832764,0.00010600200066688908,2979.0,,,,,,,,,,,,,,0.10266755585195064,,,,,0.03033898025751114,1.3629189197672531e-05
,imappo,,,,2979.0,0.0,0.0,0.0006814593967874316,0.0,0.0,0.0,0.0,0.0006814593967874316,0.0,0.0,0.0,0.0,0.0,,,,,,,
0.01494160108268261,imappo,1.126849369370575e-07,-0.5783367156982422,0.00010570190063354456,2980.0,,,,,,,,,,,,,,0.10253417805935311,,,,,0.024597980082035065,2.65828930423595e-05
,imappo,,,,2980.0,0.0,0.0,0.0013291446671246376,0.0,0.0,0.0,0.0,0.0013291446671246376,0.0,0.0,0.0,0.0,0.0,,,,,,,
0.024313468486070633,imappo,8.911381144116604e-08,-0.485897421836853,0.00010540180060020004,2981.0,,,,,,,,,,,,,,0.10240080026675558,,,,,0.017259296029806137,2.689118991838768e-05
,imappo,,,,2981.0,0.0,0.0,0.001344559366430076,0.0,0.0,0.0,0.0,0.001344559366430076,0.0,0.0,0.0,0.0,0.0,,,,,,,
0.04223456606268883,imappo,4.7480196485594206e-07,-1.5389713048934937,0.00010510170056685563,2982.0,,,,,,,,,,,,,,0.10226742247415799,,,,,0.030640628188848495,2.153550485672895e-05
,imappo,,,,2982.0,0.0,0.0,0.0010767751508637957,0.0,0.0,0.0,0.0,0.0010767751508637957,0.0,0.0,0.0,0.0,0.0,,,,,,,
-0.009870979003608227,imappo,2.2600968918595754e-07,-0.7955746054649353,0.00010480160053351123,2983.0,,,,,,,,,,,,,,0.10213404468156051,,,,,0.02788270264863968,1.5422912838403136e-05
,imappo,,,,2983.0,0.0,0.0,0.0007711456983088283,0.0,0.0,0.0,0.0,0.0007711456983088283,0.0,0.0,0.0,0.0,0.0,,,,,,,
0.0015681247459724545,imappo,9.889734542412043e-08,-0.8909772634506226,0.00010450150050016682,2984.0,,,,,,,,,,,,,,0.10200066688896298,,,,,0.03005373850464821,1.614335815247614e-05
,imappo,,,,2984.0,0.0,0.0,0.0008071679593513181,0.0,0.0,0.0,0.0,0.0008071679593513181,0.0,0.0,0.0,0.0,0.0,,,,,,,
-0.0031995014287531376,imappo,1.7300871490988357e-07,-0.7855767607688904,0.0001042014004668223,2985.0,,,,,,,,,,,,,,0.10186728909636544,,,,,0.01754319667816162,1.9093849914497696e-05
,imappo,,,,2985.0,0.0,0.0,0.0009546925023755648,0.0,0.0,0.0,0.0,0.0009546925023755648,0.0,0.0,0.0,0.0,0.0,,,,,,,
0.04108680784702301,imappo,3.4440368779087294e-08,-1.07216477394104,0.0001039013004334779,2986.0,,,,,,,,,,,,,,0.10173391130376791,,,,,0.02827819064259529,1.4192607523000333e-05
,imappo,,,,2986.0,0.0,0.0,0.0007096303604043896,0.0,0.0,0.0,0.0,0.0007096303604043896,0.0,0.0,0.0,0.0,0.0,,,,,,,
0.027411647140979767,imappo,1.6873367769676406e-07,-1.5511422157287598,0.00010360120040013349,2987.0,,,,,,,,,,,,,,0.10160053351117038,,,,,0.027541138231754303,2.0502842744463123e-05
,imappo,,,,2987.0,0.0,0.0,0.0010251422090732376,0.0,0.0,0.0,0.0,0.0010251422090732376,0.0,0.0,0.0,0.0,0.0,,,,,,,
0.0039564622566103935,imappo,4.9744027563747295e-08,-0.786024272441864,0.00010330110036678897,2988.0,,,,,,,,,,,,,,0.10146715571857284,,,,,0.033911027014255524,1.3436942936095875e-05
,imappo,,,,2988.0,0.0,0.0,0.0006718471518070146,0.0,0.0,0.0,0.0,0.0006718471518070146,0.0,0.0,0.0,0.0,0.0,,,,,,,
0.032370731234550476,imappo,1.9392655303818174e-07,-1.1427156925201416,0.00010300100033344445,2989.0,,,,,,,,,,,,,,0.10133377792597531,,,,,0.025347817689180374,1.770017661328893e-05
,imappo,,,,2989.0,0.0,0.0,0.0008850088787539789,0.0,0.0,0.0,0.0,0.0008850088787539789,0.0,0.0,0.0,0.0,0.0,,,,,,,
0.011266760528087616,imappo,2.7455380191554468e-08,-0.7555801868438721,0.00010270090030010015,2990.0,,,,,,,,,,,,,,0.10120040013337778,,,,,0.0309411883354187,1.4762987120775506e-05
,imappo,,,,2990.0,0.0,0.0,0.0007381493246612081,0.0,0.0,0.0,0.0,0.0007381493246612081,0.0,0.0,0.0,0.0,0.0,,,,,,,
0.012412695214152336,imappo,7.263125922918334e-08,-1.575016736984253,0.00010240080026675564,2991.0,,,,,,,,,,,,,,0.10106702234078024,,,,,0.02402264066040516,2.2976759282755665e-05
,imappo,,,,2991.0,0.0,0.0,0.0011488378350250628,0.0,0.0,0.0,0.0,0.0011488378350250628,0.0,0.0,0.0,0.0,0.0,,,,,,,
0.007522960193455219,imappo,3.4898498313395976e-08,-1.0378780364990234,0.00010210070023341112,2992.0,,,,,,,,,,,,,,0.10093364454818271,,,,,0.030906537547707558,1.5469282516278327e-05
,imappo,,,,2992.0,0.0,0.0,0.0007734640325907094,0.0,0.0,0.0,0.0,0.0007734640325907094,0.0,0.0,0.0,0.0,0.0,,,,,,,
0.05085885897278786,imappo,1.661030779587236e-07,-1.4223636388778687,0.00010180060020006671,2993.0,,,,,,,,,,,,,,0.10080026675558518,,,,,0.02956594154238701,1.5004146916908212e-05
,imappo,,,,2993.0,0.0,0.0,0.0007502074511371859,0.0,0.0,0.0,0.0,0.0007502074511371859,0.0,0.0,0.0,0.0,0.0,,,,,,,
-0.0035746823996305466,imappo,8.359525338619278e-08,-0.8045089840888977,0.0001015005001667223,2994.0,,,,,,,,,,,,,,0.10066688896298764,,,,,0.0193028524518013,1.9497403627610765e-05
,imappo,,,,2994.0,0.0,0.0,0.0009748701671696836,0.0,0.0,0.0,0.0,0.0009748701671696836,0.0,0.0,0.0,0.0,0.0,,,,,,,
0.09019974619150162,imappo,6.595533363906725e-08,-0.7112695574760437,0.0001012004001333779,2995.0,,,,,,,,,,,,,,0.10053351117039011,,,,,0.022592861205339432,1.9106362742604688e-05
,imappo,,,,2995.0,0.0,0.0,0.0009553181851345016,0.0,0.0,0.0,0.0,0.0009553181851345016,0.0,0.0,0.0,0.0,0.0,,,,,,,
-0.0014579223934561014,imappo,1.898608203987351e-08,-1.0911564826965332,0.00010090030010003338,2996.0,,,,,,,,,,,,,,0.10040013337779258,,,,,0.030472949147224426,1.574104680912569e-05
,imappo,,,,2996.0,0.0,0.0,0.0007870523484143632,0.0,0.0,0.0,0.0,0.0007870523484143632,0.0,0.0,0.0,0.0,0.0,,,,,,,
-0.0012930715456604958,imappo,1.2806989957425685e-07,-1.091568112373352,0.00010060020006668886,2997.0,,,,,,,,,,,,,,0.10026675558519504,,,,,0.027157418429851532,1.904032615129836e-05
,imappo,,,,2997.0,0.0,0.0,0.0009520163455363218,0.0,0.0,0.0,0.0,0.0009520163455363218,0.0,0.0,0.0,0.0,0.0,,,,,,,
0.05525956302881241,imappo,2.6932471808294167e-09,-1.0067026615142822,0.00010030010003334456,2998.0,,,,,,,,,,,,,,0.10013337779259751,,,,,0.028327036648988724,1.8072394595947117e-05
,imappo,,,,2998.0,0.0,0.0,0.0009036197642586785,0.0,0.0,0.0,0.0,0.0009036197642586785,0.0,0.0,0.0,0.0,0.0,,,,,,,
0.005171823315322399,imappo,7.885502917304166e-09,-1.3640389442443848,0.00010000000000000005,2999.0,,,,,,,,,,,,,,0.09999999999999998,,,,,0.031386420130729675,1.7179494534502737e-05
,imappo,,,,2999.0,0.0,0.0,0.0008589746568787859,0.0,0.0,0.0,0.0,0.0008589746568787859,0.0,0.0,0.0,0.0,0.0,,,,,,,
,imappo,,,,2999.0,,,,,,,,,,,,,,,0.0,0.0,0.0,0.0,,
